0.0	0.00037888539999999995
0.1	0.00036211630000000005
0.2	0.00041658870000000004
0.3	0.0003965879
0.4	0.00038539849999999997
0.5	0.0003507112
0.6	0.0003735838
0.7	0.0003755133
0.8	0.00038611569999999994
0.9	0.00038965740000000004
1.0	0.0003960319
1.1	0.0004091817
1.2	0.0003476097
1.3	0.00036858340000000005
1.4	0.0003944109
1.5	0.000329668
1.6	0.0003541071
1.7	0.00036933120000000005
1.8	0.00034773239999999993
1.9	0.00038424039999999997
2.0	0.0003669553
2.1	0.00039546050000000005
2.2	0.0003820952
2.3	0.00037038089999999994
2.4	0.0003611991
2.5	0.00040186500000000006
2.6	0.0003650646
2.7	0.00040243679999999994
2.8	0.00040060750000000004
2.9	0.0004113267
3.0	0.000379325
3.1	0.00033705239999999993
3.2	0.00037670919999999993
3.3	0.0003792557
3.4	0.00033598790000000003
3.5	0.00037361500000000005
3.6	0.0004204323
3.7	0.00037703270000000004
3.8	0.0004087488
3.9	0.0003336885
4.0	0.0003748493
4.1	0.0003702273
4.2	0.0003505105
4.3	0.0003566072
4.4	0.0003513285
4.5	0.00036741819999999996
4.6	0.0003854598
4.7	0.00036930850000000006
4.8	0.00039713510000000005
4.9	0.0003747568
5.0	0.00038615450000000005
5.1	0.00039937359999999995
5.2	0.00041440589999999994
5.3	0.00040549270000000005
5.4	0.00039553809999999995
5.5	0.0003895956
5.6	0.00039620890000000003
5.7	0.00036305820000000005
5.8	0.00038619999999999995
5.9	0.0004095672
6.0	0.0003903833
6.1	0.0003837314
6.2	0.0004012717
6.3	0.0003629809
6.4	0.00042854230000000007
6.5	0.00034838830000000003
6.6	0.00038103069999999994
6.7	0.00038621589999999996
6.8	0.00038679479999999993
6.9	0.0004082853
7.0	0.0003760225
7.1	0.00039617039999999997
7.2	0.0003543074
7.3	0.00044280260000000005
7.4	0.00037437890000000006
7.5	0.0003832065
7.6	0.0003867867
7.7	0.0003950748
7.8	0.00040199679999999995
7.9	0.0003981463
8.0	0.00039269079999999996
8.1	0.00040729059999999997
8.2	0.0003544542
8.3	0.00039029079999999995
8.4	0.00037017379999999996
8.5	0.0003897274
8.6	0.0004142745
8.7	0.00040806959999999993
8.8	0.00039336190000000004
8.9	0.00035733999999999994
9.0	0.0004066271
9.1	0.00040667339999999995
9.2	0.00036024130000000007
9.3	0.0004420546
9.4	0.0004077154
9.5	0.0003977217
9.6	0.00036840620000000006
9.7	0.0003839015
9.8	0.00041414279999999994
9.9	0.00036717909999999996
10.0	0.00040445090000000003
10.1	0.0003767092999999999
10.2	0.00038659489999999996
10.3	0.00036406920000000003
10.4	0.00038683360000000004
10.5	0.00040776110000000006
10.6	0.0003966801
10.7	0.0003706824
10.8	0.000397267
10.9	0.00037677809999999996
11.0	0.0003436117
11.1	0.000428728
11.2	0.0003560122000000001
11.3	0.00036953200000000005
11.4	0.00041609570000000003
11.5	0.0003973587
11.6	0.0004013715
11.7	0.00041542399999999996
11.8	0.00041579440000000007
11.9	0.0004031389
12.0	0.00039649429999999994
12.1	0.00038241960000000004
12.2	0.000418865
12.3	0.0003627957000000001
12.4	0.00038755839999999995
12.5	0.00035723140000000004
12.6	0.00033627279999999993
12.7	0.0003462894000000001
12.8	0.00042963830000000003
12.9	0.00039620139999999997
13.0	0.00038289749999999994
13.1	0.00042702199999999994
13.2	0.0003745024
13.3	0.0004056164
13.4	0.0004055855
13.5	0.0004084869
13.6	0.00036852900000000004
13.7	0.0004069821
13.8	0.00040716710000000003
13.9	0.00043730110000000005
14.0	0.0003915172
14.1	0.0003917418
14.2	0.00040120939999999995
14.3	0.0003625872
14.4	0.0003999522
14.5	0.00042093329999999996
14.6	0.00036545770000000004
14.7	0.0004143512
14.8	0.0003678808
14.9	0.0003987398
15.0	0.000384696
15.1	0.0004121756
15.2	0.00037557460000000003
15.3	0.00037619250000000003
15.4	0.00037812089999999995
15.5	0.0004245993
15.6	0.0004078458
15.7	0.00044611389999999997
15.8	0.00037807540000000004
15.9	0.0003586444
16.0	0.00035972420000000003
16.1	0.00036917739999999997
16.2	0.0003739614
16.3	0.00039983570000000005
16.4	0.00037207129999999996
16.5	0.0003444600999999999
16.6	0.00038773679999999996
16.7	0.0004031078
16.8	0.0003784531
16.9	0.0003787466
17.0	0.0004129703
17.1	0.00038308330000000004
17.2	0.0004024365
17.3	0.00035563449999999997
17.4	0.0004117659
17.5	0.0003774268
17.6	0.00045442439999999996
17.7	0.00041082489999999994
17.8	0.0003496695
17.9	0.0003895651
18.0	0.00039112429999999996
18.1	0.000447927
18.2	0.00037452559999999994
18.3	0.00041428959999999996
18.4	0.0004233183
18.5	0.0003866486
18.6	0.0004111256
18.7	0.0003238418
18.8	0.0003826128
18.9	0.00037177010000000003
19.0	0.0004037878
19.1	0.000412785
19.2	0.0003793019
19.3	0.00035248599999999995
19.4	0.0003832911
19.5	0.00038992759999999997
19.6	0.0003596784
19.7	0.00036957919999999994
19.8	0.0003552338
19.9	0.00042411300000000005
20.0	0.0004010553
20.1	0.00041578610000000005
20.2	0.00043408279999999997
20.3	0.0004105083
20.4	0.00038153229999999996
20.5	0.00042333320000000003
20.6	0.00046680950000000006
20.7	0.0004190966
20.8	0.00039585510000000006
20.9	0.0004204239
21.0	0.00041175090000000004
21.1	0.0003596472
21.2	0.000359269
21.3	0.0003849589
21.4	0.00038103819999999995
21.5	0.0004222379
21.6	0.00036528829999999996
21.7	0.0004429028
21.8	0.0004164885
21.9	0.00040671189999999996
22.0	0.0004328026
22.1	0.0003534201
22.2	0.00040160330000000004
22.3	0.0003921349
22.4	0.00041243780000000004
22.5	0.0004055464
22.6	0.00041526919999999997
22.7	0.00040641109999999995
22.8	0.00042841869999999993
22.9	0.0004280488
23.0	0.0004273305
23.1	0.00037471090000000003
23.2	0.00037343729999999995
23.3	0.0004599572
23.4	0.0004364605
23.5	0.00036149919999999995
23.6	0.0003614297
23.7	0.000389696
23.8	0.00041488439999999994
23.9	0.00043301810000000005
24.0	0.00036964830000000003
24.1	0.000361268
24.2	0.0004008466
24.3	0.00039225020000000003
24.4	0.00040558509999999995
24.5	0.0004145594
24.6	0.0004126379
24.7	0.00037439429999999995
24.8	0.0003510895
24.9	0.0003563132
25.0	0.0004146454
25.1	0.000438335
25.2	0.0003827122
25.3	0.0003991496
25.4	0.0004027531
25.5	0.0003600482
25.6	0.0004523951
25.7	0.0003766698
25.8	0.00037055149999999995
25.9	0.00036006359999999997
26.0	0.0004013871
26.1	0.0004324853
26.2	0.00032517639999999997
26.3	0.00040153399999999994
26.4	0.00040393410000000003
26.5	0.00042090329999999997
26.6	0.00033816360000000004
26.7	0.0003943189
26.8	0.00041303989999999996
26.9	0.0004228861
27.0	0.00045484059999999996
27.1	0.00037431700000000004
27.2	0.0003224062
27.3	0.00042017020000000005
27.4	0.0004564543
27.5	0.0003686144
27.6	0.00042033150000000003
27.7	0.00035542669999999996
27.8	0.0003823961
27.9	0.00040587010000000005
28.0	0.00036768030000000005
28.1	0.00039176459999999995
28.2	0.00043728569999999995
28.3	0.0003431799
28.4	0.0004229326
28.5	0.00039451160000000005
28.6	0.00038930240000000004
28.7	0.0004005767
28.8	0.0004253632
28.9	0.0003846263
29.0	0.0003891101
29.1	0.00039995199999999997
29.2	0.0004478954
29.3	0.00040511470000000006
29.4	0.000352702
29.5	0.0003888634
29.6	0.000408471
29.7	0.00040974490000000006
29.8	0.0003791557
29.9	0.00038385460000000003
30.0	0.00042427500000000005
30.1	0.0004285117
30.2	0.0004454496
30.3	0.00044866729999999997
30.4	0.0003548936
30.5	0.00042621229999999997
30.6	0.00038752060000000007
30.7	0.0003781907
30.8	0.00038890189999999996
30.9	0.00040526129999999996
31.0	0.0003866178
31.1	0.0003632893
31.2	0.0003778662
31.3	0.0003729822
31.4	0.0003662145
31.5	0.00040742979999999995
31.6	0.00037409289999999995
31.7	0.0004029916
31.8	0.0004118049
31.9	0.0003913322999999999
32.0	0.0004023601000000001
32.1	0.00041234530000000004
32.2	0.00036477840000000004
32.3	0.0003965333
32.4	0.0003900903
32.5	0.00044472470000000004
32.6	0.000365875
32.7	0.0003711988
32.8	0.0004435751
32.9	0.0003931762
33.0	0.00040739849999999996
33.1	0.00046334529999999993
33.2	0.0003953533
33.3	0.00039184200000000005
33.4	0.0004104625
33.5	0.0003896888
33.6	0.0003845651
33.7	0.00036939320000000005
33.8	0.0004059787
33.9	0.000388616
34.0	0.00036974079999999997
34.1	0.00042698350000000004
34.2	0.00037409279999999997
34.3	0.00039476649999999996
34.4	0.0003753584
34.5	0.00038522860000000003
34.6	0.0003907377
34.7	0.0003714229
34.8	0.0003365658
34.9	0.0004270922000000001
35.0	0.00037503399999999995
35.1	0.000389318
35.2	0.000401989
35.3	0.0004113572
35.4	0.00040668890000000003
35.5	0.0003688221
35.6	0.0004259954
35.7	0.00038381579999999997
35.8	0.000399659
35.9	0.00039903320000000004
36.0	0.00038263589999999997
36.1	0.00043703810000000003
36.2	0.0004121831
36.3	0.0003988951
36.4	0.00038659359999999995
36.5	0.00040270700000000003
36.6	0.000376231
36.7	0.0003831909
36.8	0.0003688612
36.9	0.0003767478
37.0	0.00037184779999999997
37.1	0.00046800620000000005
37.2	0.0003759145
37.3	0.000373391
37.4	0.00035717789999999995
37.5	0.0003892178
37.6	0.0003530804
37.7	0.0004246608
37.8	0.0003844413
37.9	0.00041593359999999994
38.0	0.00038380069999999997
38.1	0.0004516159
38.2	0.0004003072
38.3	0.00040121000000000004
38.4	0.00038944889999999996
38.5	0.00044567319999999996
38.6	0.0003998976
38.7	0.0003976143
38.8	0.00045322829999999996
38.9	0.0003653653
39.0	0.00035324970000000005
39.1	0.00034238430000000004
39.2	0.0003855133
39.3	0.00038254299999999995
39.4	0.00037949489999999995
39.5	0.00040143370000000005
39.6	0.00039097709999999996
39.7	0.0003641849
39.8	0.0003815862
39.9	0.0004278245999999999
40.0	0.0004099529
40.1	0.00039532200000000003
40.2	0.00036752610000000005
40.3	0.00034895210000000006
40.4	0.0003535736
40.5	0.00042150480000000006
40.6	0.00040683529999999997
40.7	0.00035967830000000004
40.8	0.00041444400000000003
40.9	0.00040737509999999995
41.0	0.00037356849999999997
41.1	0.0003811852
41.2	0.0004180162
41.3	0.00038869300000000007
41.4	0.00039151740000000005
41.5	0.0004143664
41.6	0.000403046
41.7	0.000368074
41.8	0.00044105150000000004
41.9	0.00035851339999999995
42.0	0.0004123992
42.1	0.0004186576
42.2	0.00040026819999999997
42.3	0.00036519579999999996
42.4	0.0004006692
42.5	0.00041909730000000005
42.6	0.0003726882
42.7	0.00037927089999999995
42.8	0.0003780054
42.9	0.00034247710000000003
43.0	0.00036333530000000005
43.1	0.00043223839999999996
43.2	0.0004104236
43.3	0.00042771610000000006
43.4	0.00037484899999999996
43.5	0.0003664146
43.6	0.0004304876
43.7	0.00042652809999999995
43.8	0.00040380210000000007
43.9	0.00036822029999999993
44.0	0.000373777
44.1	0.0003628732
44.2	0.00033855700000000007
44.3	0.00043950049999999996
44.4	0.0003912157
44.5	0.0004052144
44.6	0.00036173870000000003
44.7	0.0003872268
44.8	0.00032601789999999993
44.9	0.0003955539
45.0	0.00042164350000000004
45.1	0.0003939632
45.2	0.00036757209999999996
45.3	0.00041225259999999993
45.4	0.00040195
45.5	0.00034028620000000004
45.6	0.00044261020000000003
45.7	0.00042888219999999996
45.8	0.0003885695
45.9	0.0003929532
46.0	0.00037512700000000006
46.1	0.00036101350000000004
46.2	0.00039889509999999995
46.3	0.0003998983
46.4	0.00041493
46.5	0.00041525400000000005
46.6	0.00036293409999999996
46.7	0.00043083490000000004
46.8	0.0004063722
46.9	0.0003677725
47.0	0.0003713151
47.1	0.00038393959999999996
47.2	0.00036953260000000004
47.3	0.00035592029999999996
47.4	0.00038637059999999996
47.5	0.0004132248
47.6	0.0004305567
47.7	0.0003556189
47.8	0.00038904799999999997
47.9	0.00038445650000000004
48.0	0.00035343559999999997
48.1	0.00039878679999999993
48.2	0.00035339660000000006
48.3	0.0003629879
48.4	0.00039063779999999994
48.5	0.0003888935
48.6	0.00035137450000000006
48.7	0.0003664921
48.8	0.00036267250000000003
48.9	0.000357224
49.0	0.00039742879999999996
49.1	0.0003944654
49.2	0.00040320130000000005
49.3	0.0003792168
49.4	0.00041378039999999996
49.5	0.0003772027
49.6	0.00036438579999999995
49.7	0.0003419149
49.8	0.00039657159999999996
49.9	0.0003756981
50.0	0.00034568749999999997
50.1	0.00041655070000000004
50.2	0.0004009085
50.3	0.0004377326
50.4	0.00038778320000000007
50.5	0.00039476640000000004
50.6	0.00038668620000000003
50.7	0.00037591389999999994
50.8	0.00043622020000000004
50.9	0.00036794309999999995
51.0	0.0004126688
51.1	0.00042545559999999997
51.2	0.0004040339
51.3	0.0003867328
51.4	0.00043285629999999996
51.5	0.0004657297
51.6	0.00046025060000000003
51.7	0.0004095823
51.8	0.00039468129999999996
51.9	0.00039167959999999996
52.0	0.000370165
52.1	0.0003969962
52.2	0.0003511198
52.3	0.0003832609
52.4	0.0003717779
52.5	0.00037225649999999996
52.6	0.0003788545
52.7	0.0003496312
52.8	0.00035264830000000005
52.9	0.0003651024
53.0	0.00036962530000000005
53.1	0.0004119507
53.2	0.00039082299999999994
53.3	0.0003954609
53.4	0.00038596170000000006
53.5	0.0003534123
53.6	0.0004158643
53.7	0.00036872969999999995
53.8	0.000389982
53.9	0.0003986014
54.0	0.0004088571
54.1	0.00041824790000000004
54.2	0.000404983
54.3	0.0004051686
54.4	0.00038400919999999995
54.5	0.000353497
54.6	0.00039599380000000003
54.7	0.0003713926
54.8	0.00037556730000000004
54.9	0.00043721569999999993
55.0	0.00034415130000000005
55.1	0.00043292550000000003
55.2	0.00041032320000000005
55.3	0.00038392380000000005
55.4	0.00039679600000000004
55.5	0.00038850079999999996
55.6	0.000398123
55.7	0.0003862771
55.8	0.00045282769999999996
55.9	0.0004055465
56.0	0.0004308187
56.1	0.00038735789999999994
56.2	0.00037200190000000004
56.3	0.0003745487
56.4	0.00035727040000000005
56.5	0.0003791552
56.6	0.0003876513
56.7	0.00037296689999999995
56.8	0.00042780939999999994
56.9	0.00041764659999999997
57.0	0.00038218039999999995
57.1	0.0003926055
57.2	0.0004015645
57.3	0.0003958772
57.4	0.000366114
57.5	0.0004035405
57.6	0.0003768018
57.7	0.0003801974
57.8	0.0003734828
57.9	0.00037197050000000007
58.0	0.0003803202
58.1	0.0004058017
58.2	0.0003851356
58.3	0.0003796492
58.4	0.0003844108
58.5	0.00039239
58.6	0.00041991449999999997
58.7	0.00035152180000000004
58.8	0.00041751480000000007
58.9	0.00034892090000000005
59.0	0.00035362840000000006
59.1	0.0004134489
59.2	0.00037487179999999993
59.3	0.0003597015
59.4	0.0004290674
59.5	0.0003987866
59.6	0.00036163840000000004
59.7	0.00040293850000000005
59.8	0.00037504220000000003
59.9	0.00039225089999999995
60.0	0.00039983609999999996
60.1	0.00035614399999999997
60.2	0.000354346
60.3	0.00037106099999999995
60.4	0.0004069589
60.5	0.0003893953
60.6	0.0003696093
60.7	0.00037191759999999997
60.8	0.00029645529999999993
60.9	0.0003629809
61.0	0.00043397509999999994
61.1	0.0003565142
61.2	0.00036878439999999996
61.3	0.0003526869
61.4	0.000404181
61.5	0.00034176800000000005
61.6	0.00040045320000000006
61.7	0.00038488879999999995
61.8	0.0003940951
61.9	0.00040651109999999995
62.0	0.0004151387
62.1	0.00034258570000000004
62.2	0.00035156820000000003
62.3	0.00037920920000000005
62.4	0.00038042930000000005
62.5	0.00036125260000000005
62.6	0.000424036
62.7	0.00034802579999999996
62.8	0.00037872290000000005
62.9	0.0003893415
63.0	0.00040034550000000004
63.1	0.00041246109999999996
63.2	0.0003834998
63.3	0.00040996840000000006
63.4	0.00036961770000000006
63.5	0.00041387289999999995
63.6	0.00042545539999999996
63.7	0.00042501560000000004
63.8	0.0004622957
63.9	0.00041565620000000005
64.0	0.00038150110000000005
64.1	0.00036621349999999995
64.2	0.0004053993
64.3	0.00036353630000000007
64.4	0.0003330551
64.5	0.0003800891
64.6	0.00039857099999999996
64.7	0.00034345759999999996
64.8	0.0003738537
64.9	0.0004057943
65.0	0.00041909759999999994
65.1	0.0003944345
65.2	0.00038756649999999995
65.3	0.0003562063
65.4	0.00036411530000000003
65.5	0.00037883860000000004
65.6	0.00042712290000000003
65.7	0.00037431659999999996
65.8	0.00035959399999999997
65.9	0.0003426085
66.0	0.0004040807
66.1	0.0003877122
66.2	0.0003819253
66.3	0.00039591649999999996
66.4	0.00039035949999999996
66.5	0.00040783860000000004
66.6	0.0003897587
66.7	0.00042676060000000003
66.8	0.00039376309999999997
66.9	0.0004137187
67.0	0.00038593030000000003
67.1	0.00040739909999999995
67.2	0.0003872657
67.3	0.0003684212
67.4	0.00040774590000000003
67.5	0.00036973299999999996
67.6	0.00036331240000000005
67.7	0.00038734309999999993
67.8	0.00042205240000000005
67.9	0.0003679814
68.0	0.00040081549999999996
68.1	0.00037543499999999997
68.2	0.0003740083
68.3	0.0003656739
68.4	0.0004180555
68.5	0.00040042239999999997
68.6	0.00035717850000000005
68.7	0.0003742546
68.8	0.0003873662
68.9	0.00040418809999999997
69.0	0.0003925286
69.1	0.00043765629999999997
69.2	0.0003591843
69.3	0.0003624718
69.4	0.00037984990000000006
69.5	0.00036122880000000006
69.6	0.0003985092
69.7	0.0004285427
69.8	0.00035926849999999994
69.9	0.00044621419999999997
70.0	0.0004007227
70.1	0.0003944887
70.2	0.00036907760000000003
70.3	0.000351707
70.4	0.0004072135
70.5	0.00037390010000000007
70.6	0.0004003924
70.7	0.0003902444
70.8	0.00040869530000000004
70.9	0.00040833950000000003
71.0	0.000380012
71.1	0.0003750963
71.2	0.0003982546
71.3	0.00037789720000000005
71.4	0.0003780679
71.5	0.0003693238
71.6	0.000360666
71.7	0.00042385770000000005
71.8	0.00045403840000000006
71.9	0.000391432
72.0	0.00036592829999999995
72.1	0.0003592538
72.2	0.00038762800000000005
72.3	0.0004110874
72.4	0.0003682905000000001
72.5	0.00038221090000000005
72.6	0.00036324279999999995
72.7	0.00040774600000000006
72.8	0.00043683799999999994
72.9	0.0003516065
73.0	0.00040533020000000004
73.1	0.00035951690000000003
73.2	0.0003639149
73.3	0.0003643236
73.4	0.00039840080000000004
73.5	0.00040543860000000003
73.6	0.000397205
73.7	0.0003510663
73.8	0.0004050990000000001
73.9	0.0003884229
74.0	0.00035845870000000005
74.1	0.0004326013
74.2	0.00041058509999999997
74.3	0.00037096739999999996
74.4	0.00036196169999999997
74.5	0.0004209104
74.6	0.0004089497
74.7	0.0003717088
74.8	0.0003702962
74.9	0.0003931535
75.0	0.00044369049999999996
75.1	0.00036886840000000003
75.2	0.00033209829999999996
75.3	0.00036961000000000003
75.4	0.00035464730000000003
75.5	0.00038457279999999996
75.6	0.0003443684
75.7	0.00031535350000000005
75.8	0.0002101818
75.9	0.00028029589999999994
76.0	0.00043126650000000004
76.1	0.00039893290000000004
76.2	0.00041928219999999995
76.3	0.00041861900000000007
76.4	0.00042066419999999997
76.5	0.0004178628
76.6	0.0004367995
76.7	0.0004212034
76.8	0.0003627099
76.9	0.00039331519999999994
77.0	0.000349801
77.1	0.00041087139999999996
77.2	0.00040057719999999996
77.3	0.0004076768
77.4	0.00036554330000000007
77.5	0.0004026685
77.6	0.0003643079
77.7	0.00042851120000000003
77.8	0.00042267780000000005
77.9	0.00038509749999999994
78.0	0.0003700644
78.1	0.00039079230000000004
78.2	0.0003632976
78.3	0.0004044513
78.4	0.0004303252
78.5	0.0004136034
78.6	0.00038753599999999996
78.7	0.0003776974
78.8	0.0003565679
78.9	0.00038889390000000005
79.0	0.00041830199999999995
79.1	0.00033732230000000003
79.2	0.00039387890000000005
79.3	0.00040063150000000004
79.4	0.00037603710000000005
79.5	0.0003145044
79.6	0.00035238580000000004
79.7	0.00041491449999999996
79.8	0.00037880060000000003
79.9	0.00038264320000000007
80.0	0.000386602
80.1	0.0003830907
80.2	0.0003767479
80.3	0.000425209
80.4	0.0004066658
80.5	0.0004226161
80.6	0.0003903135
80.7	0.00038944979999999994
80.8	0.0003506884
80.9	0.00036157679999999996
81.0	0.0003862626
81.1	0.00038994379999999996
81.2	0.000381609
81.3	0.00037744990000000006
81.4	0.0003708675
81.5	0.00035862130000000004
81.6	0.0004236887
81.7	0.00038931050000000003
81.8	0.00039530570000000006
81.9	0.00040058520000000003
82.0	0.00036954789999999995
82.1	0.00034376670000000004
82.2	0.00036395359999999996
82.3	0.0004204166
82.4	0.00037186299999999995
82.5	0.00038534450000000004
82.6	0.000332716
82.7	0.00034488510000000005
82.8	0.0004244369000000001
82.9	0.000352301
83.0	0.00036904620000000006
83.1	0.00038352289999999995
83.2	0.00038662470000000004
83.3	0.00040673500000000003
83.4	0.00035833550000000005
83.5	0.00036991039999999996
83.6	0.00038434100000000007
83.7	0.0003826976
83.8	0.0003493378
83.9	0.00038026689999999996
84.0	0.00034526340000000003
84.1	0.000352162
84.2	0.00042137409999999995
84.3	0.0003256778
84.4	0.00037316709999999997
84.5	0.0003921658
84.6	0.0003614298
84.7	0.0003735069
84.8	0.00038027389999999996
84.9	0.00039005900000000005
85.0	0.0003784607
85.1	0.00036412339999999997
85.2	0.0003806215
85.3	0.0003923586
85.4	0.00039411839999999997
85.5	0.0003437356
85.6	0.00039103930000000003
85.7	0.0004249465
85.8	0.00035477850000000005
85.9	0.00036888389999999995
86.0	0.00037230249999999993
86.1	0.0003850889
86.2	0.0003841946
86.3	0.00038633189999999994
86.4	0.0003938786
86.5	0.00041198220000000004
86.6	0.0003806986
86.7	0.0004269143
86.8	0.00034351889999999994
86.9	0.0003834846
87.0	0.0003750501
87.1	0.00034943800000000004
87.2	0.00039121699999999996
87.3	0.00037822149999999994
87.4	0.00040559229999999997
87.5	0.0003959928
87.6	0.0003746637
87.7	0.00038979720000000006
87.8	0.00038832289999999995
87.9	0.0003530108
88.0	0.00034494730000000006
88.1	0.00043062610000000007
88.2	0.00032280770000000006
88.3	0.00014823849999999993
88.4	0.00013649409999999995
88.5	0.00035326549999999997
88.6	0.00040509119999999996
88.7	0.00034722400000000004
88.8	0.00035799590000000004
88.9	0.00036967909999999996
89.0	0.00042801830000000006
89.1	0.0003669091
89.2	0.00035477079999999997
89.3	0.0003789236
89.4	0.00034475350000000006
89.5	0.00038411729999999995
89.6	0.000422138
89.7	0.00041488329999999994
89.8	0.00033896619999999997
89.9	0.0003836775
90.0	0.00037826
90.1	0.00035284109999999993
90.2	0.0003714465
90.3	0.0004038642
90.4	0.0004604974
90.5	0.00034557960000000003
90.6	0.00039833930000000004
90.7	0.00038392430000000005
90.8	0.000397421
90.9	0.0004014877
91.0	0.00038877759999999997
91.1	0.00037379979999999996
91.2	0.00037937130000000003
91.3	0.0004205711
91.4	0.0003921273
91.5	0.00041896559999999997
91.6	0.00037730300000000006
91.7	0.00039392510000000003
91.8	0.00039076070000000005
91.9	0.0004087565
92.0	0.0004088879
92.1	0.00043596680000000004
92.2	0.0004144597
92.3	0.0004095902
92.4	0.00037568300000000003
92.5	0.0003693785
92.6	0.0003811764
92.7	0.000398509
92.8	0.0003520382
92.9	0.0003785073
93.0	0.0003935472
93.1	0.0003969194
93.2	0.00040088579999999997
93.3	0.000385306
93.4	0.0003644858
93.5	0.00042726219999999994
93.6	0.00043502419999999996
93.7	0.0003658746
93.8	0.00040706750000000006
93.9	0.000362803
94.0	0.0004231099999999999
94.1	0.0004325393
94.2	0.0003624402
94.3	0.0004116117
94.4	0.0004472174
94.5	0.0003915177
94.6	0.00037917079999999996
94.7	0.0003155772
94.8	0.00038940299999999997
94.9	0.0004446554
95.0	0.0003611217
95.1	0.0003902602
95.2	0.0004176231
95.3	0.00036244860000000007
95.4	0.0004414908
95.5	0.00037167029999999994
95.6	0.0004171604999999999
95.7	0.0003763081
95.8	0.0003797346
95.9	0.0003643076
96.0	0.0003420147000000001
96.1	0.0003844868
96.2	0.0004090577
96.3	0.00035804259999999997
96.4	0.0003875819
96.5	0.00041033080000000004
96.6	0.0004090192
96.7	0.0003858616
96.8	0.000373808
96.9	0.0003954454
97.0	0.0003657903
97.1	0.00037519599999999995
97.2	0.00039247459999999996
97.3	0.0003449468
97.4	0.0004632991
97.5	0.0003928521
97.6	0.0003556424
97.7	0.0003989953
97.8	0.00039491259999999996
97.9	0.00039502060000000004
98.0	0.0003518074
98.1	0.0003658054
98.2	0.0003473703
98.3	0.0003870267
98.4	0.00036648449999999994
98.5	0.00039452749999999994
98.6	0.00039353939999999996
98.7	0.0003753507
98.8	0.0003784913
98.9	0.00039369380000000003
99.0	0.0003754128
99.1	0.0004450719
99.2	0.00041469850000000003
99.3	0.00041172800000000004
99.4	0.00037332880000000003
99.5	0.00040126340000000004
99.6	0.0003748572
99.7	0.0003789855
99.8	0.0003614455
99.9	0.00039646340000000003
100.0	0.0003790009
100.1	0.00044114429999999997
100.2	0.0003764159
100.3	0.0003599098
100.4	0.000427277
100.5	0.00039440339999999996
100.6	0.00039004339999999994
100.7	0.00035689259999999997
100.8	0.00042829540000000006
100.9	0.0004041577
101.0	0.0004336049
101.1	0.00041283119999999997
101.2	0.00041722170000000003
101.3	0.00036762609999999995
101.4	0.00036429279999999995
101.5	0.00046917900000000007
101.6	0.00035100400000000003
101.7	0.000405778
101.8	0.0004126849
101.9	0.0003907458
102.0	0.0003943422
102.1	0.0003636602
102.2	0.00040688929999999995
102.3	0.000365018
102.4	0.0003549556
102.5	0.0003621319
102.6	0.0003557195
102.7	0.0003835618
102.8	0.0003504491
102.9	0.0003791014
103.0	0.00037987279999999996
103.1	0.00044848239999999997
103.2	0.0003878211
103.3	0.0003989568
103.4	0.0003589525
103.5	0.0003824353
103.6	0.00036468650000000003
103.7	0.0003422149
103.8	0.0003833762
103.9	0.00037750399999999997
104.0	0.00033194450000000004
104.1	0.00034727710000000004
104.2	0.0003824972
104.3	0.0003729513
104.4	0.00034960750000000005
104.5	0.00039984380000000004
104.6	0.00038903220000000005
104.7	0.00035733980000000003
104.8	0.0004019811
104.9	0.0003772026
105.0	0.00035849009999999997
105.1	0.0003774574
105.2	0.0003462352
105.3	0.0003946198
105.4	0.0003999907
105.5	0.00036197779999999993
105.6	0.0003398301
105.7	0.00035625190000000006
105.8	0.0003784296
105.9	0.00037319040000000005
106.0	0.00038557570000000006
106.1	0.00034801090000000003
106.2	0.00035737869999999996
106.3	0.0003223138
106.4	0.00036739560000000006
106.5	0.00037081380000000006
106.6	0.0003629036
106.7	0.0003957922
106.8	0.0004026294
106.9	0.00038190249999999994
107.0	0.0003790472
107.1	0.00034892129999999997
107.2	0.00034419869999999995
107.3	0.0003565218
107.4	0.0003849892
107.5	0.0004204319
107.6	0.0003223055
107.7	0.00034694520000000005
107.8	0.0003787228
107.9	0.00037478779999999996
108.0	0.00036348260000000003
108.1	0.00039259
108.2	0.0003119574999999999
108.3	0.0003616464
108.4	0.00040182740000000003
108.5	0.0004060786
108.6	0.000361654
108.7	0.00042987019999999996
108.8	0.000382496
108.9	0.00039068370000000004
109.0	0.0004323624
109.1	0.00039571569999999996
109.2	0.000356398
109.3	0.000371901
109.4	0.00034524040000000005
109.5	0.0003932383
109.6	0.00039029009999999993
109.7	0.0003750809
109.8	0.00040989099999999996
109.9	0.0003440206
110.0	0.00039972040000000003
110.1	0.00037002659999999996
110.2	0.00034247790000000003
110.3	0.000423411
110.4	0.0003908693
110.5	0.00045207090000000004
110.6	0.00037242650000000004
110.7	0.00041470700000000005
110.8	0.00041438980000000004
110.9	0.00040036829999999995
111.0	0.0003497625
111.1	0.0003801738
111.2	0.0003906307
111.3	0.0003892025
111.4	0.0004423093
111.5	0.0003683521
111.6	0.00046592259999999995
111.7	0.00038703399999999997
111.8	0.0003710138
111.9	0.0004129474
112.0	0.0004158023
112.1	0.00040879539999999997
112.2	0.00038707989999999995
112.3	0.00036494839999999995
112.4	0.00038859329999999995
112.5	0.00046071400000000003
112.6	0.00037508870000000006
112.7	0.0003866632
112.8	0.00041543149999999997
112.9	0.00044370559999999996
113.0	0.00038216410000000003
113.1	0.00034366590000000003
113.2	0.00041209769999999996
113.3	0.0003598866
113.4	0.0004294765
113.5	0.000363544
113.6	0.00038859260000000004
113.7	0.0003623092
113.8	0.00038221100000000003
113.9	0.00034531730000000004
114.0	0.0003521543
114.1	0.000382852
114.2	0.00038930240000000004
114.3	0.0003693321
114.4	0.00034504749999999997
114.5	0.00038245809999999994
114.6	0.0003529799
114.7	0.00041415040000000004
114.8	0.00039471220000000004
114.9	0.000355951
115.0	0.00037164649999999995
115.1	0.0003693708
115.2	0.0003669242
115.3	0.0003994044
115.4	0.0003758526
115.5	0.00036616770000000006
115.6	0.00035920719999999996
115.7	0.0003759302
115.8	0.00034517049999999996
115.9	0.0004166126
116.0	0.00040587049999999997
116.1	0.00037479550000000004
116.2	0.00037831419999999994
116.3	0.00040132469999999996
116.4	0.00040746839999999994
116.5	0.00039001210000000005
116.6	0.0004037637
116.7	0.0003370141999999999
116.8	0.0003680282
116.9	0.00041932879999999996
117.0	0.0004135950999999999
117.1	0.0003910775
117.2	0.0004187036
117.3	0.00038137770000000004
117.4	0.00034601899999999993
117.5	0.00038312139999999997
117.6	0.0003734141
117.7	0.00039929669999999996
117.8	0.00045082799999999996
117.9	0.00039442640000000005
118.0	0.00041070909999999997
118.1	0.00036986450000000003
118.2	0.00038476550000000003
118.3	0.000388978
118.4	0.0003781982
118.5	0.00038711889999999997
118.6	0.00038935650000000005
118.7	0.00035932269999999994
118.8	0.0003927362
118.9	0.00038598509999999996
119.0	0.0004121439
119.1	0.0004361349
119.2	0.00036334359999999995
119.3	0.00037213259999999994
119.4	0.00038181740000000004
119.5	0.0003948741
119.6	0.0003573837
119.7	0.0003826937
119.8	0.0003812269
119.9	0.00036530540000000004
120.0	0.0003649116
120.1	0.0004165818
120.2	0.00037951269999999995
120.3	0.0004034254
120.4	0.0004009465
120.5	0.00039354959999999997
120.6	0.0003761312
120.7	0.00035526039999999996
120.8	0.0004454828
120.9	0.0004286425
121.0	0.0004037646
121.1	0.000432696
121.2	0.00040209670000000003
121.3	0.0003884155
121.4	0.000420682
121.5	0.0004243265
121.6	0.00037287230000000005
121.7	0.0003691426
121.8	0.0003881603
121.9	0.0003741616
122.0	0.0003745321
122.1	0.0003754354999999999
122.2	0.0003897585
122.3	0.00038296360000000004
122.4	0.0003766784
122.5	0.0003698067
122.6	0.0003893571
122.7	0.00041774790000000003
122.8	0.0004073628
122.9	0.00038562769999999995
123.0	0.00040699219999999997
123.1	0.0003895733
123.2	0.0003584800999999999
123.3	0.0004058957
123.4	0.000370865
123.5	0.0004035176
123.6	0.00040232829999999997
123.7	0.0003968159
123.8	0.0003878979
123.9	0.0003908469
124.0	0.0003816436
124.1	0.0003450606
124.2	0.00038422220000000005
124.3	0.0003790417
124.4	0.000397364
124.5	0.0003530211
124.6	0.0003844695
124.7	0.00036655620000000005
124.8	0.00039173529999999993
124.9	0.0003717992
125.0	0.0003738219
125.1	0.0004206356
125.2	0.00039120210000000003
125.3	0.0003617769
125.4	0.0003508978
125.5	0.0003282363999999999
125.6	0.0003537545
125.7	0.0003716059
125.8	0.00038511059999999996
125.9	0.0003662089
126.0	0.0004072704000000001
126.1	0.0003902141
126.2	0.00039527120000000006
126.3	0.0003448908
126.4	0.00038665480000000006
126.5	0.00039094719999999996
126.6	0.000363321
126.7	0.0003877743
126.8	0.0004116176
126.9	0.0003899443
127.0	0.0003877819
127.1	0.0003105467
127.2	0.00042104489999999996
127.3	0.0003717528
127.4	0.00035870369999999995
127.5	0.0003894729
127.6	0.00037699559999999997
127.7	0.0004131613
127.8	0.0003857355
127.9	0.00038312579999999995
128.0	0.0004043439
128.1	0.0004213461
128.2	0.0003368068
128.3	0.0003831025
128.4	0.00037182230000000005
128.5	0.0003780378
128.6	0.0003514154
128.7	0.00038794400000000004
128.8	0.000372316
128.9	0.0004066453
129.0	0.00038158169999999995
129.1	0.0003821145
129.2	0.00039954150000000006
129.3	0.00038724159999999996
129.4	0.0003859598
129.5	0.0003912948
129.6	0.0004015027
129.7	0.00036526690000000003
129.8	0.0003868247
129.9	0.00040439029999999996
130.0	0.000329896
130.1	0.0004574345
130.2	0.00033558670000000004
130.3	0.0003752502999999999
130.4	0.00035146140000000004
130.5	0.0003665487
130.6	0.00037149040000000006
130.7	0.0004078415
130.8	0.0003708803
130.9	0.0003642401
131.0	0.0003422964999999999
131.1	0.0003644097
131.2	0.00041613429999999996
131.3	0.00036104340000000005
131.4	0.0003441808
131.5	0.00044821560000000006
131.6	0.00039244540000000003
131.7	0.00041208849999999997
131.8	0.0003828481
131.9	0.00047927090000000005
132.0	0.0004111078
132.1	0.0004371358
132.2	0.00038287939999999995
132.3	0.0004010936
132.4	0.00037429290000000006
132.5	0.00040312400000000004
132.6	0.00039388920000000004
132.7	0.0003761383
132.8	0.0003955728
132.9	0.000372162
133.0	0.0004115865
133.1	0.00036485
133.2	0.00040963299999999996
133.3	0.00035918250000000005
133.4	0.00044725060000000004
133.5	0.0003919284
133.6	0.0003511527
133.7	0.00034202630000000004
133.8	0.00035950710000000005
133.9	0.0003708262
134.0	0.0003981515
134.1	0.0003968005
134.2	0.0003852493
134.3	0.00040577229999999993
134.4	0.00036274939999999997
134.5	0.00041853539999999996
134.6	0.00037537400000000004
134.7	0.0003546966
134.8	0.00043349940000000003
134.9	0.00035184739999999994
135.0	0.00035790059999999996
135.1	0.0003983834
135.2	0.0003763008
135.3	0.00041760129999999997
135.4	0.0003923295
135.5	0.0003607191
135.6	0.00043332950000000005
135.7	0.0003973174
135.8	0.00036013980000000004
135.9	0.00039422910000000004
136.0	0.00037315790000000003
136.1	0.0003774898
136.2	0.00036895769999999997
136.3	0.0003443191
136.4	0.00040049859999999993
136.5	0.0003751653
136.6	0.0003744086
136.7	0.0003935655
136.8	0.0004326347
136.9	0.0003741926
137.0	0.0003550132
137.1	0.00038396010000000006
137.2	0.0003819755
137.3	0.00041362460000000006
137.4	0.0003919203
137.5	0.00037718850000000004
137.6	0.00036400059999999995
137.7	0.00038655419999999996
137.8	0.0003579779
137.9	0.00040130900000000003
138.0	0.0003692818
138.1	0.00039171260000000005
138.2	0.0003982599
138.3	0.0003967077
138.4	0.00038301019999999994
138.5	0.00038006089999999997
138.6	0.0004048303
138.7	0.0004047915
138.8	0.0003712505
138.9	0.00041817250000000003
139.0	0.00034529220000000004
139.1	0.00037974429999999994
139.2	0.0004025528
139.3	0.00040289229999999996
139.4	0.00039963410000000004
139.5	0.0003810645
139.6	0.00037003080000000004
139.7	0.0003862531
139.8	0.00042180939999999996
139.9	0.0003917427
140.0	0.00043146080000000005
140.1	0.00038859310000000005
140.2	0.0003848171
140.3	0.00037252490000000004
140.4	0.0004115324
140.5	0.00036968320000000006
140.6	0.00041439680000000004
140.7	0.0003946925
140.8	0.00043618639999999995
140.9	0.0003921209
141.0	0.00040917750000000005
141.1	0.00039941829999999996
141.2	0.00041730790000000004
141.3	0.00036802339999999996
141.4	0.00041528480000000003
141.5	0.00039424470000000005
141.6	0.0003710654
141.7	0.00040927760000000003
141.8	0.000395202
141.9	0.00037405379999999995
142.0	0.00034038160000000005
142.1	0.00040838180000000003
142.2	0.00034147790000000006
142.3	0.0004204426
142.4	0.0003640316
142.5	0.00040541669999999994
142.6	0.0004114781
142.7	0.00036231759999999995
142.8	0.00035725970000000004
142.9	0.00035528350000000003
143.0	0.0004093936
143.1	0.00040737799999999996
143.2	0.0003631512
143.3	0.00040751719999999994
143.4	0.0004316228
143.5	0.0004014483
143.6	0.0004193695
143.7	0.00042773139999999996
143.8	0.00034594059999999997
143.9	0.0003379495999999999
144.0	0.00038904009999999993
144.1	0.0003977343
144.2	0.0003743701
144.3	0.0003987539
144.4	0.0003814969
144.5	0.00041092239999999995
144.6	0.00039761109999999995
144.7	0.0004203811
144.8	0.00035841080000000003
144.9	0.00037293369999999996
145.0	0.0004042204
145.1	0.00038107969999999996
145.2	0.00037341249999999995
145.3	0.0003729499
145.4	0.0003560712
145.5	0.0003659697000000001
145.6	0.0003803155999999999
145.7	0.00039609749999999994
145.8	0.0003981285
145.9	0.0003698303
146.0	0.00043335250000000003
146.1	0.00040496950000000004
146.2	0.00037135129999999996
146.3	0.0003872417
146.4	0.00035892020000000005
146.5	0.0004011164
146.6	0.0003945454
146.7	0.0003747719
146.8	0.0003987073
146.9	0.00037388399999999995
147.0	0.0003735439
147.1	0.0003611051
147.2	0.00041537729999999997
147.3	0.00040690750000000003
147.4	0.00038542689999999995
147.5	0.00034918359999999997
147.6	0.0003792425
147.7	0.00037547400000000004
147.8	0.00034301420000000006
147.9	0.00036205469999999997
148.0	0.00044293420000000004
148.1	0.00040411250000000004
148.2	0.000394036
148.3	0.00038587450000000003
148.4	0.0004334913
148.5	0.00036990739999999997
148.6	0.0003930169
148.7	0.00044822370000000006
148.8	0.0003642088
148.9	0.000343794
149.0	0.0003577774
149.1	0.0003872416
149.2	0.00038231519999999995
149.3	0.00044998400000000006
149.4	0.0004805138
149.5	0.0003759223
149.6	0.0004083436
149.7	0.0003501877
149.8	0.0004013484
149.9	0.00041317700000000003
150.0	0.00040321670000000005
150.1	0.0003710346
150.2	0.00038223809999999995
150.3	0.0003938662
150.4	0.00046241530000000003
150.5	0.0003697991
150.6	0.000393148
150.7	0.00040167230000000005
150.8	0.0003508357
150.9	0.00035610220000000003
151.0	0.0003780917
151.1	0.0004440463
151.2	0.0004715266
151.3	0.00046034579999999997
151.4	0.00039473920000000003
151.5	0.0003958581
151.6	0.00038119580000000003
151.7	0.0004376454
151.8	0.00044272610000000004
151.9	0.00038037719999999995
152.0	0.00037359819999999996
152.1	0.0003885464
152.2	0.00041180229999999995
152.3	0.00037087980000000007
152.4	0.00040945539999999995
152.5	0.0004082123
152.6	0.0003582175
152.7	0.0003603252
152.8	0.00039762609999999997
152.9	0.0003576075
153.0	0.00036622429999999995
153.1	0.00037931210000000006
153.2	0.00040563339999999994
153.3	0.0003857824
153.4	0.00036320520000000003
153.5	0.00040559460000000005
153.6	0.0003825469
153.7	0.00036312839999999997
153.8	0.00035805540000000005
153.9	0.0004254617
154.0	0.0004607235
154.1	0.0003336564
154.2	0.00040110879999999996
154.3	0.00039860730000000004
154.4	0.0004410507
154.5	0.0003778369
154.6	0.0004310361
154.7	0.00039433729999999997
154.8	0.00039500140000000005
154.9	0.0004039039
155.0	0.00040626670000000004
155.1	0.0003908473
155.2	0.00039212899999999996
155.3	0.0003538392
155.4	0.00036026320000000006
155.5	0.0003687802
155.6	0.00043339860000000003
155.7	0.00039958759999999996
155.8	0.00042143080000000004
155.9	0.0003713822
156.0	0.0004050775
156.1	0.00036821620000000005
156.2	0.00038401409999999994
156.3	0.00042912150000000004
156.4	0.00038064749999999997
156.5	0.00039200570000000003
156.6	0.0003472691
156.7	0.0003869943
156.8	0.0003325909
156.9	0.0003699923
157.0	0.0003398177999999999
157.1	0.00035131469999999995
157.2	0.0003803775
157.3	0.0003938584
157.4	0.00038093329999999996
157.5	0.00038632259999999997
157.6	0.000437066
157.7	0.0003989237
157.8	0.00038473989999999997
157.9	0.00035877349999999996
158.0	0.0003973635
158.1	0.00043057299999999996
158.2	0.0003714129
158.3	0.00035007950000000006
158.4	0.00039335650000000004
158.5	0.0003889013
158.6	0.0004035948
158.7	0.00034972390000000006
158.8	0.0003925228
158.9	0.00039175829999999997
159.0	0.00034155519999999997
159.1	0.00036470320000000004
159.2	0.00037901039999999997
159.3	0.0003570285
159.4	0.0003488365
159.5	0.00034546180000000003
159.6	0.00036398499999999994
159.7	0.000376749
159.8	0.0003638387
159.9	0.00039345689999999996
160.0	0.0003688575
160.1	0.00033858989999999996
160.2	0.0003893262
160.3	0.0004258244
160.4	0.0003578546
160.5	0.00040731630000000006
160.6	0.0003697602
160.7	0.0003741539
160.8	0.0003460874
160.9	0.0004032399
161.0	0.00038228450000000005
161.1	0.0003977504000000001
161.2	0.00035362340000000004
161.3	0.0003528976
161.4	0.0003939049
161.5	0.00039133360000000004
161.6	0.00036575320000000003
161.7	0.0004075251
161.8	0.0003833117
161.9	0.00037405349999999996
162.0	0.0003817752
162.1	0.0003718528
162.2	0.00043628600000000003
162.3	0.00039805149999999997
162.4	0.0003346367
162.5	0.000413748
162.6	0.00035676550000000005
162.7	0.00037993729999999994
162.8	0.0003858362
162.9	0.00036548339999999997
163.0	0.00037673289999999994
163.1	0.00040573359999999996
163.2	0.00040706179999999996
163.3	0.00037950449999999997
163.4	0.00039859149999999996
163.5	0.0003447898
163.6	0.0003444737
163.7	0.0003283289
163.8	0.000338065
163.9	0.0003276186999999999
164.0	0.0003617539
164.1	0.00042657299999999997
164.2	0.0004560374
164.3	0.00037349009999999996
164.4	0.0003863692
164.5	0.0003619389
164.6	0.0003840215000000001
164.7	0.00036982229999999995
164.8	0.0004208057
164.9	0.00040442859999999996
165.0	0.0003874962
165.1	0.0003645103
165.2	0.00040520070000000006
165.3	0.0004002285
165.4	0.00041860510000000004
165.5	0.00039068509999999997
165.6	0.00033960960000000004
165.7	0.0003754977
165.8	0.00037906489999999996
165.9	0.00036997669999999996
166.0	0.00037059450000000003
166.1	0.0003533687
166.2	0.000429932
166.3	0.0003871641
166.4	0.0003484422
166.5	0.0003913646
166.6	0.0004068763
166.7	0.0003703787
166.8	0.0004107675
166.9	0.00036966040000000004
167.0	0.00041445880000000004
167.1	0.0003935417
167.2	0.0003847394
167.3	0.0004280481
167.4	0.00043725979999999996
167.5	0.0003796518
167.6	0.00034841179999999997
167.7	0.000438857
167.8	0.0003407449
167.9	0.00039556499999999996
168.0	0.0004156399
168.1	0.0004262029
168.2	0.00036811600000000004
168.3	0.00037494929999999996
168.4	0.00040998020000000007
168.5	0.00035539160000000003
168.6	0.0003555229
168.7	0.0004235231
168.8	0.00043625559999999996
168.9	0.00039610560000000005
169.0	0.0003706486
169.1	0.0003676837
169.2	0.0003648962
169.3	0.00037972130000000007
169.4	0.00035515190000000004
169.5	0.0003641168
169.6	0.00037362120000000005
169.7	0.00036259530000000006
169.8	0.0003968777
169.9	0.000373459
170.0	0.00043837149999999996
170.1	0.0003277185
170.2	0.0003850331
170.3	0.00039744899999999997
170.4	0.00039728640000000003
170.5	0.00036174590000000005
170.6	0.00045543490000000004
170.7	0.00038128070000000003
170.8	0.00033745520000000003
170.9	0.00037808449999999995
171.0	0.0003830105
171.1	0.0004011163
171.2	0.000418767
171.3	0.00039471560000000006
171.4	0.00035849540000000004
171.5	0.00043667230000000003
171.6	0.00036455650000000005
171.7	0.0003987772
171.8	0.0004061434
171.9	0.0003853262
172.0	0.00038818360000000005
172.1	0.00037508820000000005
172.2	0.000392963
172.3	0.000361916
172.4	0.00036754480000000003
172.5	0.0003837053
172.6	0.00041189519999999997
172.7	0.00041183379999999996
172.8	0.00038267819999999997
172.9	0.0003951019
173.0	0.00037981399999999997
173.1	0.00044366029999999996
173.2	0.000369251
173.3	0.000400769
173.4	0.0003601629
173.5	0.00040952519999999995
173.6	0.00034218850000000006
173.7	0.0004133313
173.8	0.00046535669999999996
173.9	0.0003407907
174.0	0.0003588357000000001
174.1	0.0003885232
174.2	0.00035716709999999996
174.3	0.0003786863
174.4	0.0003907702
174.5	0.0003420344
174.6	0.0003701389000000001
174.7	0.0003768489
174.8	0.00035693590000000005
174.9	0.00038745790000000005
175.0	0.0003908393
175.1	0.0003975726
175.2	0.00040317010000000004
175.3	0.0003907547
175.4	0.00041442820000000007
175.5	0.0003753512000000001
175.6	0.0003603097
175.7	0.0003058138
175.8	0.00021293540000000006
175.9	0.0002362226
176.0	0.00024869240000000004
176.1	0.0002101173
176.2	0.00015379089999999998
176.3	0.0001687934
176.4	0.00014244849999999994
176.5	0.00040364110000000003
176.6	0.00033255989999999994
176.7	0.00016482430000000004
176.8	0.0003957196
176.9	0.0004044287
177.0	0.00038774340000000005
177.1	0.00037125090000000003
177.2	0.00038339630000000003
177.3	0.00039564989999999996
177.4	0.00038284779999999996
177.5	0.00043042600000000003
177.6	0.0003317957
177.7	0.0003940745
177.8	0.00040300019999999994
177.9	0.00037128930000000006
178.0	0.0003767642
178.1	0.00043602410000000006
178.2	0.0003790953
178.3	0.0003388448
178.4	0.0003821842
178.5	0.0004301251
178.6	0.00039714759999999997
178.7	0.0003840294
178.8	0.00041434300000000007
178.9	0.000369352
179.0	0.0003852806
179.1	0.0003850567
179.2	0.0004129917
179.3	0.0003754282
179.4	0.00038003010000000004
179.5	0.000369228
179.6	0.00037026279999999995
179.7	0.00037842390000000005
179.8	0.00037602299999999996
179.9	0.00040782619999999993
180.0	0.00036877259999999995
180.1	0.00041261289999999995
180.2	0.00035561580000000005
180.3	0.0003923529
180.4	0.0004007148
180.5	0.00036325919999999996
180.6	0.00039917049999999997
180.7	0.0003946690999999999
180.8	0.000369699
180.9	0.0003559855
181.0	0.0003833577
181.1	0.00041474459999999997
181.2	0.00039199
181.3	0.00034991699999999994
181.4	0.0003799064
181.5	0.0003293167999999999
181.6	0.0003984837
181.7	0.00033373349999999997
181.8	0.00039007539999999995
181.9	0.0003961052
182.0	0.0003639235
182.1	0.0003619006
182.2	0.00039431390000000007
182.3	0.0003861685
182.4	0.00037395330000000005
182.5	0.0003664946
182.6	0.0003826164
182.7	0.0003723552
182.8	0.0003788173
182.9	0.0003795282
183.0	0.0004194462
183.1	0.00041074460000000004
183.2	0.00035954569999999993
183.3	0.00036197009999999996
183.4	0.0003844387
183.5	0.00041679840000000004
183.6	0.0003618926
183.7	0.00034079819999999997
183.8	0.0003418176
183.9	0.00041699920000000005
184.0	0.00037523510000000006
184.1	0.0003798445
184.2	0.0003989851
184.3	0.0003900443
184.4	0.00039110980000000005
184.5	0.0003957116
184.6	0.000431538
184.7	0.0003770804
184.8	0.0004174622
184.9	0.00038053960000000004
185.0	0.00042245029999999994
185.1	0.00036868000000000003
185.2	0.0003891329000000001
185.3	0.0004275615
185.4	0.0004049228
185.5	0.0004048071
185.6	0.0004043594
185.7	0.0004187438
185.8	0.00036246430000000005
185.9	0.00034501430000000004
186.0	0.00040352540000000004
186.1	0.00039562669999999996
186.2	0.0003718375
186.3	0.00038585129999999993
186.4	0.0003979118
186.5	0.0003647497
186.6	0.00039508619999999996
186.7	0.00038094109999999996
186.8	0.00038169000000000007
186.9	0.00040455250000000003
187.0	0.0003521946999999999
187.1	0.0004129531
187.2	0.000380223
187.3	0.00039227559999999997
187.4	0.00035188599999999993
187.5	0.00039141120000000005
187.6	0.00041746979999999996
187.7	0.0003638925999999999
187.8	0.0003916733
187.9	0.0004158171
188.0	0.000433715
188.1	0.00039234519999999996
188.2	0.0003260124
188.3	0.00037705710000000007
188.4	0.0004178326
188.5	0.00040759460000000004
188.6	0.0003408446
188.7	0.0003689576
188.8	0.00038090979999999997
188.9	0.00039395129999999996
189.0	0.0003805623
189.1	0.00037219289999999996
189.2	0.00035502110000000005
189.3	0.0004547478
189.4	0.000360642
189.5	0.0004073476
189.6	0.0004084365
189.7	0.0003744015
189.8	0.0003898127
189.9	0.00038341940000000005
190.0	0.0003846084
190.1	0.00038093320000000003
190.2	0.000362364
190.3	0.0003507433
190.4	0.00037914949999999997
190.5	0.0004009235
190.6	0.00037494910000000005
190.7	0.0003833961
190.8	0.0004102814
190.9	0.00038558889999999995
191.0	0.000403541
191.1	0.00039977290000000004
191.2	0.0003857052
191.3	0.00035725229999999995
191.4	0.00037684909999999994
191.5	0.0004352675
191.6	0.00038902460000000006
191.7	0.0003862298
191.8	0.00037057130000000003
191.9	0.000379196
192.0	0.00034472889999999996
192.1	0.00038869299999999996
192.2	0.00035274330000000003
192.3	0.0004645459
192.4	0.00036520509999999994
192.5	0.00035750689999999993
192.6	0.0003709267
192.7	0.0004233383
192.8	0.00035885830000000003
192.9	0.00040271490000000007
193.0	0.0003369763
193.1	0.000379551
193.2	0.00040319339999999996
193.3	0.00045013839999999997
193.4	0.0003479324
193.5	0.0004106985
193.6	0.0003546582
193.7	0.000374015
193.8	0.0003948006
193.9	0.00041574809999999994
194.0	0.00038515679999999994
194.1	0.00038399109999999996
194.2	0.00039657639999999997
194.3	0.00037547389999999996
194.4	0.0003459177
194.5	0.0004218169
194.6	0.00035985480000000006
194.7	0.00039512529999999996
194.8	0.0003855813
194.9	0.00039063909999999995
195.0	0.00036621650000000005
195.1	0.00043056510000000003
195.2	0.0003789104
195.3	0.00036959079999999994
195.4	0.00040409659999999994
195.5	0.000393627
195.6	0.0004023288
195.7	0.00034008800000000005
195.8	0.00041099180000000004
195.9	0.00041345479999999995
196.0	0.00034597930000000005
196.1	0.0003435779
196.2	0.00040559490000000004
196.3	0.00043859540000000004
196.4	0.0003561484
196.5	0.00041660510000000005
196.6	0.0004358081
196.7	0.00041011899999999997
196.8	0.0003813423
196.9	0.00037697239999999997
197.0	0.0004075095
197.1	0.0004036334
197.2	0.0003873032
197.3	0.00040325579999999993
197.4	0.0004127364999999999
197.5	0.00035284320000000005
197.6	0.0004020431
197.7	0.00036833979999999997
197.8	0.0003837054
197.9	0.000419277
198.0	0.0003322046
198.1	0.0004271599
198.2	0.00036737490000000005
198.3	0.0003561484
198.4	0.00036613940000000005
198.5	0.0003431762
198.6	0.00041840430000000004
198.7	0.00036634020000000006
198.8	0.00037270209999999996
198.9	0.0003736828
199.0	0.00040444430000000005
199.1	0.0003493535
199.2	0.00035136859999999995
199.3	0.00037237820000000005
199.4	0.00038924900000000004
199.5	0.00043780000000000007
199.6	0.00034117679999999995
199.7	0.0003949937
199.8	0.00035895889999999997
199.9	0.0003887237
200.0	0.00037437809999999995
200.1	0.000385535
200.2	0.00037514250000000003
200.3	0.000444394
200.4	0.00042145419999999994
200.5	0.00037405379999999995
200.6	0.00038467019999999995
200.7	0.0003827632
200.8	0.0003627884
200.9	0.0003843769
201.0	0.00039940200000000004
201.1	0.0003704942
201.2	0.00037787579999999996
201.3	0.00035519849999999994
201.4	0.0003534533
201.5	0.00035251160000000006
201.6	0.0003638773
201.7	0.0003622862
201.8	0.00034215729999999994
201.9	0.00037254839999999997
202.0	0.0003459565999999999
202.1	0.0004175936999999999
202.2	0.00046277050000000005
202.3	0.00041701419999999996
202.4	0.00034766200000000005
202.5	0.0003654755
202.6	0.00039262320000000005
202.7	0.00035088240000000003
202.8	0.0004211604
202.9	0.00040950919999999997
203.0	0.0003930939
203.1	0.00041235089999999995
203.2	0.00037320410000000006
203.3	0.0003400645
203.4	0.00039524850000000007
203.5	0.000394221
203.6	0.0003956733
203.7	0.0003631052
203.8	0.00038320339999999996
203.9	0.00040682289999999997
204.0	0.0003764006
204.1	0.0003842531
204.2	0.000390909
204.3	0.00034984780000000003
204.4	0.0003988696
204.5	0.00037405369999999997
204.6	0.0003495463
204.7	0.0003651199
204.8	0.00036458730000000003
204.9	0.0004014248
205.0	0.00034858150000000005
205.1	0.00040730880000000005
205.2	0.00037100400000000003
205.3	0.00039700879999999997
205.4	0.000366201
205.5	0.0004008774
205.6	0.0003324058
205.7	0.00037885629999999995
205.8	0.00037445500000000005
205.9	0.00039632189999999997
206.0	0.0003556541
206.1	0.00039437589999999996
206.2	0.00034247399999999995
206.3	0.00039346490000000003
206.4	0.00036981480000000005
206.5	0.0003741466
206.6	0.0003977811000000001
206.7	0.0003886313
206.8	0.00037150599999999996
206.9	0.00034810259999999997
207.0	0.0003952253
207.1	0.0004003755
207.2	0.0004139261
207.3	0.00041096080000000004
207.4	0.0003875196
207.5	0.0003440025999999999
207.6	0.00036770670000000006
207.7	0.00037531969999999996
207.8	0.0004002362
207.9	0.00036117509999999996
208.0	0.0003803772
208.1	0.00044079559999999994
208.2	0.00038216100000000006
208.3	0.0003484117999999999
208.4	0.00035385500000000003
208.5	0.0004091464
208.6	0.00038753480000000004
208.7	0.00041960099999999997
208.8	0.0003658766
208.9	0.00037759759999999996
209.0	0.0003919746
209.1	0.00036817020000000003
209.2	0.00035681250000000003
209.3	0.0004038883
209.4	0.0003713125
209.5	0.0003786016
209.6	0.0004093706
209.7	0.0003814197
209.8	0.0003880599
209.9	0.0003919588
210.0	0.0004338312
210.1	0.0003509438
210.2	0.0004040583
210.3	0.0004069999
210.4	0.00041400309999999995
210.5	0.0003671742
210.6	0.0003824077
210.7	0.00034048969999999994
210.8	0.0004081117
210.9	0.00037593729999999996
211.0	0.0003873801
211.1	0.0004102276
211.2	0.00035021839999999993
211.3	0.00035335299999999994
211.4	0.00035573090000000005
211.5	0.0003948316
211.6	0.00036855640000000005
211.7	0.0003465816
211.8	0.0003556616
211.9	0.00037101159999999996
212.0	0.00037286449999999994
212.1	0.00037816920000000005
212.2	0.00036646369999999995
212.3	0.00044777570000000005
212.4	0.0003608119
212.5	0.00035847210000000007
212.6	0.00035092870000000005
212.7	0.000386114
212.8	0.00040713109999999996
212.9	0.0003939204
213.0	0.0003769877
213.1	0.0003873882000000001
213.2	0.00040777209999999996
213.3	0.00040211260000000003
213.4	0.0004234691
213.5	0.0004207667
213.6	0.00038770440000000003
213.7	0.00044114269999999997
213.8	0.0003696062
213.9	0.0004751007
214.0	0.00035842579999999995
214.1	0.0004301408
214.2	0.0003974027
214.3	0.00035944519999999997
214.4	0.0003868244
214.5	0.0003648111000000001
214.6	0.00035587769999999996
214.7	0.00038606029999999997
214.8	0.0003978968
214.9	0.00039169639999999995
215.0	0.00042075150000000003
215.1	0.0003545653
215.2	0.0003618306
215.3	0.0003450374
215.4	0.00036114400000000004
215.5	0.000382238
215.6	0.0003824776
215.7	0.00039167369999999996
215.8	0.00034668979999999996
215.9	0.0004008076
216.0	0.00037931159999999995
216.1	0.00039274640000000005
216.2	0.0004109996
216.3	0.0003606109
216.4	0.0003785089
216.5	0.00036408530000000004
216.6	0.00042774649999999996
216.7	0.00042023429999999996
216.8	0.0004199406
216.9	0.0003745016
217.0	0.00040242880000000003
217.1	0.0003676916
217.2	0.00040157969999999997
217.3	0.00042089050000000005
217.4	0.00039189729999999993
217.5	0.0003644023
217.6	0.0003676836
217.7	0.0003766864
217.8	0.00035844150000000004
217.9	0.0003734129
218.0	0.00039863789999999995
218.1	0.0004017106
218.2	0.00041580980000000006
218.3	0.0003622323
218.4	0.0003583796000000001
218.5	0.00038738090000000003
218.6	0.0004246968
218.7	0.00042018
218.8	0.0003899129
218.9	0.00039517100000000004
219.0	0.00037938870000000006
219.1	0.00036835529999999995
219.2	0.0003960361
219.3	0.0004144357
219.4	0.00037111980000000005
219.5	0.00037171400000000004
219.6	0.00035394759999999995
219.7	0.000364966
219.8	0.00035091319999999997
219.9	0.0003916347
220.0	0.00039159659999999996
220.1	0.00039157289999999995
220.2	0.00040381110000000005
220.3	0.00039088549999999995
220.4	0.00041099969999999997
220.5	0.0003730494999999999
220.6	0.0003740457
220.7	0.0003946153
220.8	0.00037868619999999995
220.9	0.00038378250000000005
221.0	0.00034750019999999995
221.1	0.000460655
221.2	0.00037602999999999996
221.3	0.00042262770000000004
221.4	0.00035448820000000004
221.5	0.0003661159
221.6	0.0003284290999999999
221.7	0.00039198229999999997
221.8	0.0004072548
221.9	0.0004322326
222.0	0.0004039888
222.1	0.0003664402
222.2	0.0003945458
222.3	0.0003744395
222.4	0.00041547040000000006
222.5	0.00045043199999999996
222.6	0.0003731966
222.7	0.0003763081
222.8	0.00039520950000000005
222.9	0.00037596829999999996
223.0	0.0003756904
223.1	0.0003719923
223.2	0.0004469729
223.3	0.0003688648
223.4	0.00035742989999999996
223.5	0.00036379960000000003
223.6	0.00035736040000000006
223.7	0.00046458469999999995
223.8	0.00039938679999999995
223.9	0.00040563320000000004
224.0	0.00038473980000000005
224.1	0.00042041930000000005
224.2	0.0003757213
224.3	0.0003968853
224.4	0.00041401089999999996
224.5	0.00038584380000000003
224.6	0.0003769106
224.7	0.00040171859999999995
224.8	0.00043912030000000003
224.9	0.00042435709999999997
225.0	0.00033788760000000003
225.1	0.0004054406
225.2	0.0003959742
225.3	0.00034259750000000005
225.4	0.0004241408
225.5	0.0003586498
225.6	0.00040834329999999997
225.7	0.00039670010000000003
225.8	0.000391187
225.9	0.0004149144
226.0	0.0004115709
226.1	0.00040913109999999995
226.2	0.00039138
226.3	0.00038752700000000003
226.4	0.00037870920000000004
226.5	0.0003953098999999999
226.6	0.0003752658
226.7	0.0003914343
226.8	0.0004182039
226.9	0.0003751883
227.0	0.00037684130000000004
227.1	0.0003745709
227.2	0.0003914881
227.3	0.00037666340000000004
227.4	0.00037648590000000006
227.5	0.0003922832
227.6	0.000418883
227.7	0.0004443245
227.8	0.0003639391
227.9	0.0003406978
228.0	0.000320368
228.1	0.000382871
228.2	0.0003578315
228.3	0.0003965838
228.4	0.0003430993
228.5	0.00038971199999999996
228.6	0.00035813279999999994
228.7	0.00038330360000000003
228.8	0.00038974269999999996
228.9	0.00041782509999999996
229.0	0.0004992143
229.1	0.0003952563
229.2	0.00042974690000000004
229.3	0.0003814425
229.4	0.0003984373
229.5	0.00041860529999999995
229.6	0.0003881445
229.7	0.0003749262
229.8	0.0004008383
229.9	0.00031665389999999995
230.0	0.00038073250000000006
230.1	0.00038084040000000005
230.2	0.00036379989999999997
230.3	0.0004754407
230.4	0.0003863923
230.5	0.00038883970000000006
230.6	0.0004166979
230.7	0.0003859211
230.8	0.00039269279999999993
230.9	0.00039971900000000004
231.0	0.00039874560000000003
231.1	0.00039009830000000007
231.2	0.0003872805
231.3	0.0004272917
231.4	0.00041237390000000004
231.5	0.00043052670000000005
231.6	0.0004122891
231.7	0.0003171485
231.8	0.0003906468
231.9	0.000418551
232.0	0.00041995590000000005
232.1	0.00040596549999999995
232.2	0.00039989629999999995
232.3	0.0004096406
232.4	0.00046950329999999996
232.5	0.00035288219999999996
232.6	0.0003521641
232.7	0.00042008000000000003
232.8	0.00037643960000000005
232.9	0.0004046297
233.0	0.00038462390000000004
233.1	0.00036332890000000004
233.2	0.0004326266
233.3	0.00035415619999999996
233.4	0.00039498620000000007
233.5	0.0003579396
233.6	0.0004016954
233.7	0.0003394242
233.8	0.00041255149999999994
233.9	0.0003616378
234.0	0.00041626540000000005
234.1	0.00041001880000000006
234.2	0.0003905926
234.3	0.000398445
234.4	0.0003725479
234.5	0.00038519520000000003
234.6	0.000411656
234.7	0.00042583249999999997
234.8	0.00041759370000000003
234.9	0.00039316370000000005
235.0	0.00038488639999999995
235.1	0.00033374100000000003
235.2	0.00038812950000000003
235.3	0.0004248516
235.4	0.00044884130000000006
235.5	0.00037992960000000003
235.6	0.0003505658
235.7	0.0003958275
235.8	0.00040182710000000003
235.9	0.00038164340000000006
236.0	0.0003815664
236.1	0.00045106489999999997
236.2	0.00038008350000000003
236.3	0.0003908083
236.4	0.00036213980000000004
236.5	0.0003791186
236.6	0.0003764628
236.7	0.00042064319999999996
236.8	0.00036978399999999995
236.9	0.00039705489999999996
237.0	0.0003759836
237.1	0.00041868950000000004
237.2	0.00038969700000000005
237.3	0.0004046374
237.4	0.00038871610000000003
237.5	0.0003947930999999999
237.6	0.0003986999
237.7	0.00038124209999999993
237.8	0.00038517200000000003
237.9	0.00044531279999999996
238.0	0.00042363920000000003
238.1	0.00038946509999999995
238.2	0.00041077549999999995
238.3	0.00039596659999999997
238.4	0.00038223799999999997
238.5	0.00041508409999999995
238.6	0.0004197326
238.7	0.0003995725
238.8	0.00039800489999999996
238.9	0.00038860029999999995
239.0	0.00039532589999999995
239.1	0.00036634810000000004
239.2	0.00038255489999999994
239.3	0.00038117250000000005
239.4	0.00036346040000000005
239.5	0.0003648038
239.6	0.00034960060000000003
239.7	0.00035411000000000004
239.8	0.00040353320000000004
239.9	0.0003902992
240.0	0.00032625169999999997
240.1	0.00043085110000000003
240.2	0.0003676297
240.3	0.00036061890000000003
240.4	0.00038619910000000003
240.5	0.00042719110000000003
240.6	0.00038498670000000005
240.7	0.00040848260000000004
240.8	0.00038764320000000003
240.9	0.0003291399
241.0	0.000377891
241.1	0.00040849020000000003
241.2	0.0004490033
241.3	0.00040320129999999994
241.4	0.0003975027
241.5	0.00036027119999999997
241.6	0.0003756828
241.7	0.00041689099999999996
241.8	0.00039829080000000004
241.9	0.0003790417
242.0	0.0003724169
242.1	0.0003518706
242.2	0.0004007692
242.3	0.00037821510000000003
242.4	0.00032684619999999995
242.5	0.00038361229999999997
242.6	0.0003940127
242.7	0.0003461651
242.8	0.00038826070000000005
242.9	0.000383381
243.0	0.00042863510000000005
243.1	0.0004128839
243.2	0.0004079266
243.3	0.00036428649999999997
243.4	0.0004028076
243.5	0.0003488438
243.6	0.0004407413000000001
243.7	0.0004610558
243.8	0.0004250213
243.9	0.000383952
244.0	0.00040033699999999996
244.1	0.00038867009999999996
244.2	0.0003799912
244.3	0.00041148590000000004
244.4	0.0003586730999999999
244.5	0.0004029308
244.6	0.0004074175
244.7	0.0003563101
244.8	0.00039107110000000003
244.9	0.0003876972
245.0	0.0004014639
245.1	0.0003870792
245.2	0.000366757
245.3	0.0003662166
245.4	0.00035888950000000005
245.5	0.00041773999999999994
245.6	0.0003917118
245.7	0.0003738686
245.8	0.0003614219
245.9	0.0003832805
246.0	0.000364194
246.1	0.00037984459999999994
246.2	0.00040983390000000005
246.3	0.00041670540000000004
246.4	0.0004229445
246.5	0.0003817055
246.6	0.0004170454
246.7	0.0003821995
246.8	0.0003948702
246.9	0.00045348970000000003
247.0	0.00040703870000000005
247.1	0.00040366420000000004
247.2	0.0003913106
247.3	0.0004045369
247.4	0.0003677842
247.5	0.000379937
247.6	0.00044679519999999995
247.7	0.00039978100000000004
247.8	0.0003873882
247.9	0.0003769259
248.0	0.0003706027
248.1	0.00043097459999999997
248.2	0.0004027612
248.3	0.0004182265
248.4	0.00038666229999999996
248.5	0.00035316000000000004
248.6	0.0003885155
248.7	0.0004291828
248.8	0.00045545070000000006
248.9	0.00039592809999999996
249.0	0.00038107230000000003
249.1	0.0003865313
249.2	0.00034777049999999997
249.3	0.00037592220000000006
249.4	0.0004122887
249.5	0.0004296926
249.6	0.0004060967
249.7	0.00039235320000000003
249.8	0.0003617999
249.9	0.00041025050000000003
250.0	0.00035197120000000004
250.1	0.0004127678
250.2	0.00041469049999999996
250.3	0.00040098529999999996
250.4	0.0003799138
250.5	0.00036649459999999997
250.6	0.00037835459999999995
250.7	0.0004045059
250.8	0.00039867709999999993
250.9	0.00037033239999999994
251.0	0.0003649425
251.1	0.0003586349
251.2	0.0003794353
251.3	0.00037992209999999997
251.4	0.0003990704
251.5	0.0003971479
251.6	0.00040364890000000003
251.7	0.00039532539999999995
251.8	0.00041071430000000006
251.9	0.00039135689999999997
252.0	0.0004442855
252.1	0.00038751929999999995
252.2	0.00036632449999999997
252.3	0.0003677066
252.4	0.00038913319999999996
252.5	0.00038706369999999996
252.6	0.000376447
252.7	0.00036329809999999994
252.8	0.00038243079999999996
252.9	0.00040181159999999995
253.0	0.0003765552
253.1	0.0004194852
253.2	0.00037454759999999996
253.3	0.0004633881
253.4	0.0004761663
253.5	0.000421431
253.6	0.0003951792
253.7	0.0003777444
253.8	0.00047245279999999994
253.9	0.00044200820000000004
254.0	0.0004130069
254.1	0.000392361
254.2	0.00037293389999999997
254.3	0.00037542779999999996
254.4	0.0003638231
254.5	0.0003651896
254.6	0.0003816745
254.7	0.00038808319999999996
254.8	0.0003432001
254.9	0.00037751289999999997
255.0	0.00029970599999999995
255.1	0.00038574390000000006
255.2	0.00041452810000000003
255.3	0.00045074819999999996
255.4	0.0003754282
255.5	0.0003852342
255.6	0.0003746947
255.7	0.0003604335
255.8	0.00039258450000000003
255.9	0.00039559580000000005
256.0	0.0004137637
256.1	0.0003974721
256.2	0.00039658400000000006
256.3	0.0003900137
256.4	0.0004284266
256.5	0.00042485890000000005
256.6	0.00042238790000000007
256.7	0.00043735219999999997
256.8	0.00040846689999999994
256.9	0.00041570189999999996
257.0	0.0003804853
257.1	0.00041021199999999997
257.2	0.0003772428
257.3	0.00040809630000000004
257.4	0.0003893725
257.5	0.0004016804
257.6	0.00037602279999999995
257.7	0.0003947693
257.8	0.0004957631
257.9	0.00045564369999999996
258.0	0.0004453048
258.1	0.0003675833
258.2	0.00039073149999999996
258.3	0.0004063745
258.4	0.00036659489999999996
258.5	0.00039080059999999995
258.6	0.000362364
258.7	0.0004237936
258.8	0.0004025293
258.9	0.0003806014
259.0	0.00043568420000000005
259.1	0.00038809839999999994
259.2	0.00040002049999999996
259.3	0.00041038219999999995
259.4	0.00040888439999999996
259.5	0.0004138796
259.6	0.00037149829999999994
259.7	0.00042377779999999997
259.8	0.00042679679999999996
259.9	0.00038861599999999994
260.0	0.0003866083
260.1	0.00040420519999999994
260.2	0.00039830610000000005
260.3	0.00038023849999999993
260.4	0.00043184650000000006
260.5	0.0004446021
260.6	0.00038359689999999997
260.7	0.0004666852
260.8	0.0004316461
260.9	0.0004049309
261.0	0.000415964
261.1	0.0004403789
261.2	0.0003707334
261.3	0.0003650587
261.4	0.0003632592
261.5	0.00037778290000000005
261.6	0.00037989860000000003
261.7	0.0004529955
261.8	0.0004006995
261.9	0.0003738682
262.0	0.00039920940000000006
262.1	0.00037748960000000005
262.2	0.0003529361
262.3	0.00044234769999999997
262.4	0.0004407726
262.5	0.0003331162
262.6	0.00037523490000000004
262.7	0.0003800919
262.8	0.0004167284
262.9	0.00040491519999999995
263.0	0.00031175910000000003
263.1	0.0003396016
263.2	0.00039544920000000004
263.3	0.00039589720000000005
263.4	0.00032000530000000004
263.5	0.0003680002
263.6	0.00034610299999999995
263.7	0.000340768
263.8	0.0002704354
263.9	0.0002401066
264.0	0.0002740412
264.1	0.00031425309999999994
264.2	0.0004211454000000001
264.3	0.00028060369999999995
264.4	0.00015592220000000003
264.5	0.00037470259999999997
264.6	0.00036366079999999997
264.7	0.0003940902
264.8	0.00039771919999999995
264.9	0.0004345415
265.0	0.0003541330000000001
265.1	0.00034069060000000003
265.2	0.0004139489
265.3	0.0003471139
265.4	0.00040494680000000005
265.5	0.0003918588
265.6	0.0004268431
265.7	0.0003791501
265.8	0.00036936680000000004
265.9	0.00040690729999999997
266.0	0.0003741308
266.1	0.000403788
266.2	0.00039174300000000006
266.3	0.00038856930000000006
266.4	0.0003883688
266.5	0.00037603790000000005
266.6	0.00039384340000000003
266.7	0.00041640409999999997
266.8	0.00039927900000000005
266.9	0.00038639200000000005
267.0	0.0003459175
267.1	0.00035349970000000003
267.2	0.00034528429999999995
267.3	0.00041158609999999995
267.4	0.00038525729999999995
267.5	0.00039906249999999995
267.6	0.00037674080000000003
267.7	0.00037460969999999994
267.8	0.00040013589999999996
267.9	0.0003917584
268.0	0.0003771266
268.1	0.0004301173
268.2	0.0004367189
268.3	0.0003829174
268.4	0.0003895343
268.5	0.000376123
268.6	0.0004105055
268.7	0.00043254180000000005
268.8	0.00038704840000000005
268.9	0.00037739679999999995
269.0	0.0003869327
269.1	0.0003996798
269.2	0.00039875409999999995
269.3	0.00036581540000000005
269.4	0.0004149452
269.5	0.0003831877000000001
269.6	0.0003985991
269.7	0.00035596280000000003
269.8	0.0003551598
269.9	0.00035269659999999993
270.0	0.00038610669999999996
270.1	0.0004010318
270.2	0.00040952470000000005
270.3	0.00036162989999999996
270.4	0.00036085800000000003
270.5	0.00038220750000000003
270.6	0.00039235249999999995
270.7	0.0003932797
270.8	0.0003633446
270.9	0.00036687330000000003
271.0	0.0004004216
271.1	0.00036432479999999996
271.2	0.0003825704
271.3	0.00039055409999999997
271.4	0.00040242909999999997
271.5	0.0003564572
271.6	0.0004115011
271.7	0.0003617616
271.8	0.0003696832
271.9	0.0003827861
272.0	0.00037647049999999996
272.1	0.0003402273
272.2	0.0003693441
272.3	0.00044312
272.4	0.0003760071
272.5	0.0004229214
272.6	0.0004257467
272.7	0.00036730499999999995
272.8	0.0004285885
272.9	0.00037972879999999997
273.0	0.00035820960000000005
273.1	0.0004047379
273.2	0.00037136659999999997
273.3	0.00037141269999999997
273.4	0.00042217199999999996
273.5	0.000405626
273.6	0.0004309589
273.7	0.0003548199
273.8	0.0003922219
273.9	0.0003904538
274.0	0.0004264957
274.1	0.0003714438
274.2	0.0004072473
274.3	0.00038006890000000004
274.4	0.00036419379999999996
274.5	0.0003629353
274.6	0.0004469571
274.7	0.0003822381
274.8	0.0004096483
274.9	0.0003563024999999999
275.0	0.00038299440000000003
275.1	0.0003661784
275.2	0.00035106
275.3	0.0003925304
275.4	0.00034874330000000004
275.5	0.0003963445
275.6	0.00042353879999999994
275.7	0.000421632
275.8	0.000412459
275.9	0.0004277699
276.0	0.0003510599
276.1	0.00039491589999999995
276.2	0.0004046604
276.3	0.0003787558
276.4	0.0004469574
276.5	0.0003543725
276.6	0.00037089539999999997
276.7	0.00039588920000000003
276.8	0.00035509029999999996
276.9	0.0003813964
277.0	0.0003672284
277.1	0.0003712663
277.2	0.00041462089999999997
277.3	0.00040897660000000006
277.4	0.0003539784
277.5	0.00036662610000000003
277.6	0.0003647112
277.7	0.00035208669999999996
277.8	0.00038832989999999996
277.9	0.0003621474000000001
278.0	0.00037189170000000003
278.1	0.0003915808
278.2	0.0004145357
278.3	0.000353338
278.4	0.00046037679999999997
278.5	0.00039039179999999997
278.6	0.00036229439999999996
278.7	0.0003561249
278.8	0.0003576619
278.9	0.0003638382
279.0	0.0003865851
279.1	0.00037623099999999993
279.2	0.00037721950000000004
279.3	0.00037808390000000007
279.4	0.00035842569999999997
279.5	0.0004059579
279.6	0.0003760303
279.7	0.0003884614
279.8	0.00045501810000000005
279.9	0.00037584500000000003
280.0	0.00039362669999999997
280.1	0.00043009399999999995
280.2	0.00039970369999999997
280.3	0.0003772270999999999
280.4	0.0004633339
280.5	0.00035921360000000003
280.6	0.0003758453
280.7	0.00036512010000000006
280.8	0.00036914289999999997
280.9	0.00043435589999999997
281.0	0.0004078645
281.1	0.00040093879999999994
281.2	0.00043172349999999997
281.3	0.00037678699999999996
281.4	0.00039121030000000007
281.5	0.0003571754000000001
281.6	0.0003542099
281.7	0.0003710189
281.8	0.0003952872
281.9	0.0003652206
282.0	0.00036647149999999995
282.1	0.0003995642
282.2	0.00038303349999999997
282.3	0.0003852418
282.4	0.00037053320000000005
282.5	0.0003455784
282.6	0.0003408374
282.7	0.0003684325
282.8	0.00036526679999999994
282.9	0.0004412203
283.0	0.00040228219999999997
283.1	0.00039788869999999996
283.2	0.0003931402
283.3	0.00039108649999999997
283.4	0.0003721543
283.5	0.0003872647
283.6	0.000388917
283.7	0.0004002444
283.8	0.0003965839
283.9	0.00036569190000000006
284.0	0.00041496090000000006
284.1	0.00035239559999999996
284.2	0.0003688187
284.3	0.00038511839999999997
284.4	0.00037368249999999997
284.5	0.00041067550000000006
284.6	0.0003713592
284.7	0.0003640700999999999
284.8	0.0004244193
284.9	0.0004006609
285.0	0.0003966536
285.1	0.0003992867
285.2	0.00034862
285.3	0.00040502320000000003
285.4	0.0003752351
285.5	0.00039992010000000004
285.6	0.000401047
285.7	0.00039564190000000005
285.8	0.00038790570000000004
285.9	0.0003878589
286.0	0.0003803313
286.1	0.00041957819999999995
286.2	0.00040070719999999994
286.3	0.0003941442
286.4	0.00038040029999999997
286.5	0.0003922838
286.6	0.00036914280000000004
286.7	0.0004214075
286.8	0.0003796671
286.9	0.00034826500000000005
287.0	0.00038407560000000004
287.1	0.00037980579999999993
287.2	0.0003725402
287.3	0.0003890248
287.4	0.0004068225
287.5	0.0004048926
287.6	0.00038878539999999997
287.7	0.0003411997
287.8	0.00034788660000000004
287.9	0.0003812727
288.0	0.0003753817
288.1	0.00040707739999999997
288.2	0.00044281070000000005
288.3	0.0003832031
288.4	0.0003864696
288.5	0.0003892801
288.6	0.00041112350000000006
288.7	0.00035739120000000005
288.8	0.00038974319999999997
288.9	0.0003886702
289.0	0.0004439304
289.1	0.00045017690000000003
289.2	0.0003669349
289.3	0.0003664404
289.4	0.0003845392999999999
289.5	0.0003637534
289.6	0.00036710430000000004
289.7	0.0003871027
289.8	0.00039707809999999996
289.9	0.0004277238
290.0	0.0004106678
290.1	0.0003658998
290.2	0.000362557
290.3	0.00037582929999999994
290.4	0.000396623
290.5	0.0003784546
290.6	0.00039354200000000003
290.7	0.00038226130000000005
290.8	0.0003663093
290.9	0.00034357800000000004
291.0	0.0003722778
291.1	0.00042665060000000003
291.2	0.0003801766
291.3	0.0003683399
291.4	0.0004187049
291.5	0.0003450219
291.6	0.0003748876
291.7	0.0003666876
291.8	0.00036340570000000004
291.9	0.0003579703
292.0	0.00039449909999999996
292.1	0.0003503957
292.2	0.0003896811
292.3	0.00041763179999999996
292.4	0.00037680250000000004
292.5	0.00038900149999999994
292.6	0.00037687180000000003
292.7	0.00036304349999999997
292.8	0.0003517934
292.9	0.00045875509999999996
293.0	0.00037762860000000007
293.1	0.00037914980000000007
293.2	0.0003362272999999999
293.3	0.00033098489999999997
293.4	0.00040194250000000003
293.5	0.0003586885
293.6	0.00036131399999999995
293.7	0.0004060736
293.8	0.0003791034
293.9	0.00036664080000000006
294.0	0.00040987969999999995
294.1	0.00037562149999999993
294.2	0.00038317949999999994
294.3	0.0004046145
294.4	0.0003709034
294.5	0.00034903669999999996
294.6	0.00036006250000000003
294.7	0.00039327190000000003
294.8	0.0003645334
294.9	0.0003653905
295.0	0.00036793810000000003
295.1	0.00039581979999999995
295.2	0.00039144179999999997
295.3	0.00046290160000000003
295.4	0.00037683300000000003
295.5	0.00038209100000000004
295.6	0.00037511140000000005
295.7	0.0003736599
295.8	0.0004103819
295.9	0.00037355969999999995
296.0	0.00036677300000000003
296.1	0.0003544108
296.2	0.0003867472
296.3	0.00038760400000000005
296.4	0.0003745092
296.5	0.0003797439000000001
296.6	0.0003641472
296.7	0.00035714449999999995
296.8	0.00038334260000000005
296.9	0.00036610059999999994
297.0	0.0003799914
297.1	0.00038430699999999996
297.2	0.00037264800000000005
297.3	0.0003970472
297.4	0.0003898747
297.5	0.0003505811
297.6	0.0003557004
297.7	0.00037941980000000004
297.8	0.0003737373
297.9	0.0003325212000000001
298.0	0.000385489
298.1	0.00035821750000000004
298.2	0.00038041590000000003
298.3	0.00037588390000000007
298.4	0.00035903560000000005
298.5	0.0003941516
298.6	0.00036576889999999997
298.7	0.00040283790000000006
298.8	0.00037785229999999997
298.9	0.0003361659
299.0	0.00036854080000000005
299.1	0.0003761157
299.2	0.0003811651
299.3	0.00038823749999999994
299.4	0.00039758780000000003
299.5	0.0003819294
299.6	0.00039299389999999994
299.7	0.00039957199999999995
299.8	0.0004328661
299.9	0.0003802691
300.0	0.00038192170000000004
300.1	0.0003497627
300.2	0.0003830954
300.3	0.0003559705
300.4	0.00036451779999999997
300.5	0.00038866240000000004
300.6	0.00037699550000000004
300.7	0.00037680250000000004
300.8	0.0003794355
300.9	0.00043284259999999995
301.0	0.00043000950000000003
301.1	0.00036549120000000003
301.2	0.00036937480000000006
301.3	0.00037582979999999994
301.4	0.0003548046
301.5	0.0004102815
301.6	0.00040257579999999996
301.7	0.0004031472
301.8	0.00036022480000000003
301.9	0.00035328310000000006
302.0	0.00035268139999999995
302.1	0.0003744474
302.2	0.0004055637
302.3	0.0004191529
302.4	0.00039127970000000004
302.5	0.0003874268
302.6	0.0003749957
302.7	0.00036981460000000004
302.8	0.00039317139999999997
302.9	0.0003918511
303.0	0.00044094999999999996
303.1	0.00039375030000000005
303.2	0.0003739998000000001
303.3	0.0003721849
303.4	0.0003840141
303.5	0.00037999899999999995
303.6	0.0003913255
303.7	0.00036871859999999996
303.8	0.00036644050000000006
303.9	0.0003720387
304.0	0.00036573059999999997
304.1	0.00037445560000000003
304.2	0.000440533
304.3	0.0003668809
304.4	0.00036651029999999995
304.5	0.0003680619
304.6	0.0003883609
304.7	0.00041533879999999996
304.8	0.00039907070000000003
304.9	0.00035130710000000006
305.0	0.00036530540000000004
305.1	0.0003744396999999999
305.2	0.00042465049999999995
305.3	0.00036865640000000006
305.4	0.0004105363
305.5	0.0004072161
305.6	0.0003876585
305.7	0.0003692662
305.8	0.000381605
305.9	0.00039400519999999997
306.0	0.0004227127
306.1	0.00041451309999999996
306.2	0.0004249902
306.3	0.00039137250000000003
306.4	0.00040034439999999993
306.5	0.0003524883
306.6	0.0003967539
306.7	0.00038031580000000005
306.8	0.00042456549999999997
306.9	0.00034354699999999993
307.0	0.0004071618
307.1	0.00037987579999999995
307.2	0.00042115299999999996
307.3	0.00038507940000000006
307.4	0.0004170533
307.5	0.0003539012
307.6	0.00042352340000000006
307.7	0.00037978269999999997
307.8	0.0003722697
307.9	0.0004067918
308.0	0.0003694824
308.1	0.00035410199999999996
308.2	0.0003833885
308.3	0.0003763234
308.4	0.00035215659999999994
308.5	0.0003471989
308.6	0.00038063979999999995
308.7	0.00038843050000000005
308.8	0.0004006611
308.9	0.00035293620000000005
309.0	0.0003790801
309.1	0.00036775299999999996
309.2	0.00036034899999999993
309.3	0.00036068820000000003
309.4	0.00037196880000000003
309.5	0.0003873954
309.6	0.0003723784
309.7	0.000374926
309.8	0.0003447515
309.9	0.00045441630000000007
310.0	0.0003833885
310.1	0.00040276859999999995
310.2	0.0003641629
310.3	0.00040231319999999997
310.4	0.00036156860000000003
310.5	0.00039219030000000005
310.6	0.0003654602
310.7	0.0003770339
310.8	0.00039341859999999997
310.9	0.00034230420000000005
311.0	0.0003666413
311.1	0.0003654907
311.2	0.00039734829999999994
311.3	0.00036477289999999995
311.4	0.0004254925
311.5	0.00043657250000000004
311.6	0.0003612054
311.7	0.0003722163
311.8	0.0003587349000000001
311.9	0.0003967078
312.0	0.0003678767
312.1	0.0003681395
312.2	0.0003797828
312.3	0.00038689409999999997
312.4	0.0004087833
312.5	0.00039090119999999994
312.6	0.0004102427
312.7	0.0003816432
312.8	0.0003469756
312.9	0.00040227430000000004
313.0	0.00035852670000000004
313.1	0.00037518880000000004
313.2	0.0004032474
313.3	0.00039039960000000003
313.4	0.0003771343
313.5	0.000387643
313.6	0.00035865020000000003
313.7	0.000343609
313.8	0.00036443310000000003
313.9	0.0003613292
314.0	0.0003536772
314.1	0.0003577852
314.2	0.00042457369999999994
314.3	0.0004012167
314.4	0.00039747990000000004
314.5	0.00033462119999999997
314.6	0.00038972809999999997
314.7	0.00038877759999999997
314.8	0.0003412387
314.9	0.00039605129999999996
315.0	0.00034879780000000003
315.1	0.0004250366
315.2	0.00034794860000000004
315.3	0.00035377019999999996
315.4	0.0003885235999999999
315.5	0.0003637534
315.6	0.00040940880000000005
315.7	0.0003481184
315.8	0.0004407571
315.9	0.00037827689999999996
316.0	0.00036734349999999996
316.1	0.00040458340000000005
316.2	0.00035578540000000004
316.3	0.0003779836
316.4	0.00038142000000000004
316.5	0.00037000770000000007
316.6	0.0003585802
316.7	0.00042731480000000004
316.8	0.0003439258
316.9	0.00038728770000000007
317.0	0.0003748262
317.1	0.0003488053
317.2	0.0003702008
317.3	0.00033351719999999993
317.4	0.00029044840000000004
317.5	0.00034358549999999994
317.6	0.0002389477
317.7	0.00022872509999999997
317.8	0.00017618989999999997
317.9	0.00014132080000000006
318.0	0.00015864799999999995
318.1	0.00017373439999999996
318.2	0.00016839959999999995
318.3	0.000172044
318.4	0.0002603048
318.5	0.0003565037
318.6	0.00043757569999999997
318.7	0.0003870716
318.8	0.00036876469999999996
318.9	0.0004256237
319.0	0.0003617308
319.1	0.000390114
319.2	0.0003703246999999999
319.3	0.0003624641
319.4	0.00038594469999999996
319.5	0.00039467720000000003
319.6	0.0003870102
319.7	0.0003666333
319.8	0.0003394937
319.9	0.0004227514
320.0	0.0004008926
320.1	0.0003932639
320.2	0.0003859058
320.3	0.0003514227
320.4	0.0003712582
320.5	0.0003737062
320.6	0.0003653129
320.7	0.00037121210000000003
320.8	0.0003863614
320.9	0.00040743210000000003
321.0	0.0003681704
321.1	0.00037900260000000007
321.2	0.0003641706
321.3	0.00035467300000000007
321.4	0.00034052069999999994
321.5	0.0003870252
321.6	0.0003657068
321.7	0.00038171330000000004
321.8	0.0003965301
321.9	0.00035268910000000003
322.0	0.0003026248
322.1	0.0003874347
322.2	0.0004516437
322.3	0.0003308921
322.4	0.0003818597
322.5	0.0004160568
322.6	0.00037384539999999996
322.7	0.0003703087
322.8	0.000372023
322.9	0.000363916
323.0	0.0003924608000000001
323.1	0.00044362169999999997
323.2	0.0003978812
323.3	0.00033867500000000003
323.4	0.00036895769999999997
323.5	0.00042598630000000005
323.6	0.00039537210000000004
323.7	0.0004246893
323.8	0.00037341279999999994
323.9	0.0003915727
324.0	0.00039074659999999996
324.1	0.00040834320000000004
324.2	0.00041045160000000003
324.3	0.0003866547
324.4	0.00038235399999999995
324.5	0.0003900287
324.6	0.0004106368
324.7	0.000348157
324.8	0.0004127757
324.9	0.0003555306
325.0	0.0003361038
325.1	0.0003684399
325.2	0.0003644638
325.3	0.00037418509999999995
325.4	0.00032627480000000004
325.5	0.000358511
325.6	0.00037908029999999995
325.7	0.0003893421
325.8	0.0003611595
325.9	0.00036966820000000004
326.0	0.0003938505
326.1	0.0004064672
326.2	0.00037223150000000006
326.3	0.00040215860000000005
326.4	0.0003868476
326.5	0.00033632780000000004
326.6	0.0003546038
326.7	0.00038785900000000006
326.8	0.00043579250000000007
326.9	0.0003719693
327.0	0.00042844970000000004
327.1	0.00039493950000000003
327.2	0.000345995
327.3	0.00036640979999999994
327.4	0.000404205
327.5	0.0003658074
327.6	0.00036305870000000005
327.7	0.00038508719999999995
327.8	0.0004158795
327.9	0.00037446270000000007
328.0	0.0004110617
328.1	0.00036311239999999994
328.2	0.0003482495
328.3	0.0003354474
328.4	0.0003507436
328.5	0.0003783156
328.6	0.0004220483
328.7	0.00035336060000000003
328.8	0.0003959512
328.9	0.0003636224
329.0	0.00039307849999999995
329.1	0.00037397639999999996
329.2	0.0003890949000000001
329.3	0.0004056646
329.4	0.0003725248999999999
329.5	0.00037288020000000004
329.6	0.0004109839
329.7	0.000329402
329.8	0.00026274460000000007
329.9	0.00022216260000000002
330.0	0.00024212910000000003
330.1	0.00023723409999999994
330.2	0.00017646049999999998
330.3	0.0002956065000000001
330.4	0.0003991166
330.5	0.0003579779
330.6	0.00035362329999999995
330.7	0.00036147589999999997
330.8	0.0003752037
330.9	0.0003780299
331.0	0.0003806631
331.1	0.00034257440000000003
331.2	0.0003678149
331.3	0.0003538854
331.4	0.00037566760000000004
331.5	0.0003835354
331.6	0.00038926470000000003
331.7	0.00037576029999999993
331.8	0.0003985531
331.9	0.0003541719
332.0	0.00034328470000000004
332.1	0.00044368330000000005
332.2	0.00039964140000000003
332.3	0.0004057645
332.4	0.00037355179999999996
332.5	0.0003739146
332.6	0.00039880769999999996
332.7	0.0003881677
332.8	0.00037459369999999996
332.9	0.00036851
333.0	0.0003789335
333.1	0.0004053861
333.2	0.00037877920000000005
333.3	0.00037867120000000003
333.4	0.0003183760999999999
333.5	0.00034299129999999995
333.6	0.00038112630000000007
333.7	0.0003647266
333.8	0.00036280419999999995
333.9	0.0003536466
334.0	0.0004267045
334.1	0.00040950940000000004
334.2	0.00037139780000000004
334.3	0.0003864539
334.4	0.00033639749999999995
334.5	0.0004044133
334.6	0.00040351769999999996
334.7	0.0003751503
334.8	0.000363576
334.9	0.0003859829
335.0	0.0004125982
335.1	0.0003937349
335.2	0.0003905464
335.3	0.0003761845
335.4	0.00041411130000000004
335.5	0.00038164339999999995
335.6	0.0003524955
335.7	0.00039487040000000005
335.8	0.0003855197
335.9	0.00037410000000000004
336.0	0.0003747406
336.1	0.0003824078
336.2	0.0003947854
336.3	0.0003675295
336.4	0.00038079419999999996
336.5	0.0003939433999999999
336.6	0.00035517549999999995
336.7	0.0003693899
336.8	0.0003869328
336.9	0.00036609269999999996
337.0	0.00035082860000000007
337.1	0.00036250260000000005
337.2	0.000371583
337.3	0.0003687955
337.4	0.0003902372
337.5	0.00041503750000000005
337.6	0.0003713745
337.7	0.0003740228
337.8	0.00041457439999999994
337.9	0.0004279245
338.0	0.0003838981
338.1	0.00037992970000000006
338.2	0.00039397429999999995
338.3	0.00043021739999999996
338.4	0.0003577775
338.5	0.0003854113
338.6	0.0003661316
338.7	0.00034523020000000004
338.8	0.0004105518
338.9	0.00035190899999999997
339.0	0.000393735
339.1	0.00044655579999999996
339.2	0.00042579360000000004
339.3	0.0003902607
339.4	0.00037972090000000004
339.5	0.0004107987
339.6	0.00040458289999999994
339.7	0.0004236777
339.8	0.00041566300000000004
339.9	0.0003793502
340.0	0.0003737986
340.1	0.00037754410000000004
340.2	0.000346033
340.3	0.0003876194
340.4	0.0003475702
340.5	0.0003291937
340.6	0.0003710737
340.7	0.00037384509999999996
340.8	0.00038434600000000004
340.9	0.0003710659
341.0	0.0003872877
341.1	0.0003785551
341.2	0.0003470913
341.3	0.00040239809999999997
341.4	0.0003934876
341.5	0.0003702395
341.6	0.00036961399999999993
341.7	0.00040093109999999997
341.8	0.00038710210000000004
341.9	0.0003971091
342.0	0.0004610176
342.1	0.0003547663
342.2	0.00035805540000000005
342.3	0.00039869229999999996
342.4	0.00037712620000000005
342.5	0.00034489820000000007
342.6	0.0004377533
342.7	0.00041941569999999994
342.8	0.0003760688000000001
342.9	0.0003751965
343.0	0.0003876121
343.1	0.00040621959999999997
343.2	0.0004110923
343.3	0.00039054629999999996
343.4	0.0003511063
343.5	0.000378972
343.6	0.0004180105
343.7	0.0003614451
343.8	0.00036247189999999993
343.9	0.00036796169999999995
344.0	0.00038212199999999993
344.1	0.00036039510000000004
344.2	0.00036459520000000007
344.3	0.00040527769999999997
344.4	0.0003710349
344.5	0.00033964
344.6	0.00042676619999999993
344.7	0.0003972174
344.8	0.00038910969999999997
344.9	0.0003947927
345.0	0.00034531510000000004
345.1	0.0003593602
345.2	0.00037258649999999995
345.3	0.00039930999999999994
345.4	0.0003862683
345.5	0.0003562408
345.6	0.0003860913
345.7	0.0003835351
345.8	0.0003585805
345.9	0.0004129762
346.0	0.00042980840000000003
346.1	0.0004049154
346.2	0.00039937169999999995
346.3	0.00036302020000000005
346.4	0.0004001053
346.5	0.00039232229999999996
346.6	0.00037288759999999996
346.7	0.00037168339999999996
346.8	0.0003922605
346.9	0.00038113379999999997
347.0	0.00040049860000000004
347.1	0.00041124680000000004
347.2	0.00038314910000000003
347.3	0.0004202111
347.4	0.0003450835
347.5	0.0003655217
347.6	0.00035407889999999995
347.7	0.0003673205
347.8	0.00040259899999999996
347.9	0.00035783150000000003
348.0	0.0004238632
348.1	0.0003879285
348.2	0.00035549979999999995
348.3	0.00038262390000000005
348.4	0.0003866162
348.5	0.00040026730000000004
348.6	0.00036433280000000004
348.7	0.0003861375
348.8	0.0003624024
348.9	0.000373575
349.0	0.0003905001
349.1	0.00041282959999999996
349.2	0.0003680619
349.3	0.00038582080000000004
349.4	0.0003611205
349.5	0.0003809334
349.6	0.0004932229
349.7	0.0003962137
349.8	0.00036691139999999996
349.9	0.0004033629
