0.0	0.0005042069
0.1	0.0004427858
0.2	0.0004947737
0.3	0.0004741884
0.4	0.00037367840000000004
0.5	0.00044652110000000005
0.6	0.00048753500000000004
0.7	0.00045787240000000004
0.8	0.00038707890000000005
0.9	0.00037878980000000004
1.0	0.00046147630000000005
1.1	0.0004291456
1.2	0.0003627824
1.3	0.0003750081
1.4	0.0004378759
1.5	0.00042285099999999997
1.6	0.00043612770000000004
1.7	0.0004605399
1.8	0.00035763230000000003
1.9	0.00044337359999999993
2.0	0.0004648471
2.1	0.00047807899999999996
2.2	0.0003514851
2.3	0.00042763759999999996
2.4	0.00043198320000000006
2.5	0.0004075868
2.6	0.0004982684
2.7	0.00041184710000000005
2.8	0.0004086612
2.9	0.0003722792
3.0	0.0003636177
3.1	0.00045081230000000003
3.2	0.0004109583
3.3	0.00039732519999999993
3.4	0.00039450229999999997
3.5	0.00038909700000000003
3.6	0.0004461418999999999
3.7	0.0004610586
3.8	0.00044768100000000007
3.9	0.0005018494000000001
4.0	0.00040930329999999996
4.1	0.0003995987
4.2	0.00043933689999999995
4.3	0.0004228975
4.4	0.0004507048
4.5	0.00038233170000000004
4.6	0.0004127903
4.7	0.0004268333
4.8	0.0003601768
4.9	0.00040513459999999996
5.0	0.00046277540000000004
5.1	0.0004594424
5.2	0.00040098300000000005
5.3	0.0004295318
5.4	0.0003897548
5.5	0.00040329450000000007
5.6	0.00043114010000000003
5.7	0.0004397083
5.8	0.00036822680000000004
5.9	0.0004374045
6.0	0.00039734830000000005
6.1	0.000465482
6.2	0.00047944759999999997
6.3	0.0003954456
6.4	0.0004255735
6.5	0.00046566699999999996
6.6	0.0004112833
6.7	0.0004812569
6.8	0.0004264549
6.9	0.00039250030000000005
7.0	0.00040510409999999997
7.1	0.0004011136
7.2	0.00038958410000000004
7.3	0.00038853330000000004
7.4	0.0004239492
7.5	0.0004093729
7.6	0.0003929712
7.7	0.0004519567
7.8	0.00039850039999999996
7.9	0.0004226889
8.0	0.00046794870000000006
8.1	0.0003940159
8.2	0.0004111746
8.3	0.00044301800000000005
8.4	0.0003862747
8.5	0.00047023000000000003
8.6	0.00042419690000000004
8.7	0.0003911236
8.8	0.00041372649999999996
8.9	0.0004324158
9.0	0.00040979
9.1	0.000385509
9.2	0.0004193791
9.3	0.0003940229
9.4	0.00040319419999999996
9.5	0.0004420278
9.6	0.0004636494
9.7	0.00046943360000000005
9.8	0.00041313849999999997
9.9	0.0004209951
10.0	0.00046461590000000007
10.1	0.0004081662
10.2	0.0004015475
10.3	0.00047281300000000004
10.4	0.0004384481
10.5	0.00045643469999999994
10.6	0.00046407409999999996
10.7	0.0004949663999999999
10.8	0.00044164199999999996
10.9	0.0004582049
11.0	0.0004965828
11.1	0.00044066730000000005
11.2	0.00044741729999999997
11.3	0.00042080920000000003
11.4	0.00040770210000000006
11.5	0.0004699118
11.6	0.00040689070000000005
11.7	0.000445415
11.8	0.00044533030000000007
11.9	0.00043595
12.0	0.0004577412
12.1	0.0004423527
12.2	0.00044634309999999996
12.3	0.0004465522
12.4	0.0004037898
12.5	0.0004973015000000001
12.6	0.00046388099999999997
12.7	0.0004370867
12.8	0.00048478259999999994
12.9	0.0004339169
13.0	0.00044103860000000003
13.1	0.00046810280000000003
13.2	0.00047057010000000005
13.3	0.0003877055
13.4	0.0004357718
13.5	0.0004422986
13.6	0.0005101543
13.7	0.00042878940000000003
13.8	0.0004917884000000001
13.9	0.0004447579
14.0	0.00043012699999999993
14.1	0.00040647249999999996
14.2	0.00044195920000000003
14.3	0.0005005035
14.4	0.0003759515
14.5	0.0003781014
14.6	0.00046687399999999993
14.7	0.00046582169999999997
14.8	0.0004678169
14.9	0.0004722475
15.0	0.0004083208
15.1	0.0004940306999999999
15.2	0.0005055378
15.3	0.00042477660000000007
15.4	0.0004119939
15.5	0.0004642991
15.6	0.0004551813
15.7	0.00047560359999999994
15.8	0.0004450675
15.9	0.0004411623
16.0	0.0004469156
16.1	0.00048422579999999997
16.2	0.0004413325
16.3	0.00046473889999999995
16.4	0.0004226572
16.5	0.00045119950000000006
16.6	0.00043457399999999996
16.7	0.0004861132
16.8	0.0004988172
16.9	0.0004949976
17.0	0.00046412059999999993
17.1	0.0004774906999999999
17.2	0.0003955079
17.3	0.00045501170000000003
17.4	0.0004450132
17.5	0.0005190079
17.6	0.0004173216999999999
17.7	0.00046926269999999993
17.8	0.0004859044
17.9	0.0004802595
18.0	0.000456001
18.1	0.00044263170000000005
18.2	0.0004316128
18.3	0.000435316
18.4	0.0005073782
18.5	0.00036725979999999994
18.6	0.0004727349
18.7	0.0004502327
18.8	0.00043455880000000004
18.9	0.000424706
19.0	0.00046271330000000006
19.1	0.00045316280000000007
19.2	0.00044928909999999994
19.3	0.00045948859999999996
19.4	0.00047366309999999996
19.5	0.000433151
19.6	0.00038759780000000005
19.7	0.0004883703
19.8	0.0004752251
19.9	0.0004485859
20.0	0.000443382
20.1	0.00046313120000000005
20.2	0.0004802358
20.3	0.00046828899999999993
20.4	0.0005071847
20.5	0.00044874809999999993
20.6	0.0004824935
20.7	0.000490946
20.8	0.0004639813
20.9	0.00042873510000000006
21.0	0.0004845966
21.1	0.00047237890000000006
21.2	0.0004972475000000001
21.3	0.00048020450000000003
21.4	0.0004453843
21.5	0.0004487639
21.6	0.00044020360000000006
21.7	0.000485262
21.8	0.0004846044
21.9	0.00046217160000000003
22.0	0.000448957
22.1	0.00042497720000000006
22.2	0.00042374080000000003
22.3	0.000419487
22.4	0.00044482699999999996
22.5	0.00044533760000000006
22.6	0.0004595042
22.7	0.0004839393
22.8	0.0004486941
22.9	0.00047504720000000005
23.0	0.0005457167
23.1	0.0004386874
23.2	0.00048119469999999997
23.3	0.0004391824
23.4	0.00044595629999999995
23.5	0.0004525216
23.6	0.00043128679999999996
23.7	0.0004101996
23.8	0.0004792463
23.9	0.0003912008
24.0	0.0004902960999999999
24.1	0.0004604708
24.2	0.00044872449999999996
24.3	0.00043407129999999995
24.4	0.00046630120000000003
24.5	0.0004668272
24.6	0.00045623319999999997
24.7	0.00045778780000000003
24.8	0.0004722395
24.9	0.0004780937
25.0	0.0004420665
25.1	0.00046325509999999996
25.2	0.0004792073
25.3	0.00041886110000000006
25.4	0.0004249541
25.5	0.00044769690000000007
25.6	0.0005078188
25.7	0.0004622026
25.8	0.00046757740000000003
25.9	0.0005145152
26.0	0.00046653370000000006
26.1	0.0004691546
26.2	0.0004027077
26.3	0.0004555068
26.4	0.00047444409999999995
26.5	0.00043627509999999995
26.6	0.0005100304
26.7	0.0005162700999999999
26.8	0.00046882989999999996
26.9	0.00044414770000000006
27.0	0.0004012222
27.1	0.0004354556
27.2	0.00044818340000000003
27.3	0.00048438859999999997
27.4	0.0004706629
27.5	0.0004844964
27.6	0.0004649867
27.7	0.00045007859999999996
27.8	0.0004646007
27.9	0.00032650020000000004
28.0	0.00048356850000000004
28.1	0.00043551719999999997
28.2	0.00042593620000000004
28.3	0.00045257580000000004
28.4	0.00045600119999999995
28.5	0.0004707246
28.6	0.0004699049
28.7	0.0004529938
28.8	0.0004443254999999999
28.9	0.00046547409999999993
29.0	0.0004536423
29.1	0.0004912241
29.2	0.000465203
29.3	0.0005133083
29.4	0.0004383401
29.5	0.0005029931999999999
29.6	0.0004256042
29.7	0.0004588624
29.8	0.00047581280000000005
29.9	0.0005029470999999999
30.0	0.00047006699999999996
30.1	0.00047954800000000005
30.2	0.00043716450000000004
30.3	0.0004362211
30.4	0.00048816230000000004
30.5	0.00045434660000000005
30.6	0.0004967220999999999
30.7	0.00045930330000000004
30.8	0.0004595972
30.9	0.00042120400000000006
31.0	0.00046439870000000006
31.1	0.0004414014
31.2	0.0005182965000000001
31.3	0.0004518409
31.4	0.00043482129999999994
31.5	0.0004668891
31.6	0.0004428784
31.7	0.0004749853
31.8	0.00044325060000000006
31.9	0.00046124439999999995
32.0	0.0004454848
32.1	0.0004614911
32.2	0.00048085490000000005
32.3	0.0004992426
32.4	0.0004924619999999999
32.5	0.00047064709999999996
32.6	0.0004909619
32.7	0.00046790160000000005
32.8	0.0004697737
32.9	0.00046123649999999997
33.0	0.00047548739999999994
33.1	0.0004966828999999999
33.2	0.0005158529000000001
33.3	0.00045251410000000003
33.4	0.00044585569999999996
33.5	0.0003832051
33.6	0.0004641201
33.7	0.0004629688
33.8	0.0004681958
33.9	0.0004500937
34.0	0.0004899559999999999
34.1	0.0004899404
34.2	0.0004408684
34.3	0.0005025684
34.4	0.0005227350999999999
34.5	0.0004724801
34.6	0.00043082319999999995
34.7	0.0004660774
34.8	0.0005029236
34.9	0.0004448272
35.0	0.0004536201
35.1	0.0005244904
35.2	0.0004545165
35.3	0.00044577860000000007
35.4	0.00044143260000000005
35.5	0.0004531786
35.6	0.00048010470000000005
35.7	0.00048769819999999996
35.8	0.0004530005
35.9	0.00047501649999999993
36.0	0.0004606179
36.1	0.0004683892
36.2	0.00048227750000000004
36.3	0.0004461731
36.4	0.00039751079999999995
36.5	0.0004789746999999999
36.6	0.0004135948
36.7	0.00047962549999999997
36.8	0.00048482129999999997
36.9	0.00044764239999999997
37.0	0.0004735166
37.1	0.00044669820000000005
37.2	0.0004317975
37.3	0.00045443150000000005
37.4	0.0004675077
37.5	0.0004011913
37.6	0.00045647259999999996
37.7	0.00043523859999999994
37.8	0.0004366077
37.9	0.0004414248
38.0	0.00046250489999999996
38.1	0.0004257744
38.2	0.0004767719
38.3	0.00045619499999999995
38.4	0.000484195
38.5	0.0004803288
38.6	0.0005198896
38.7	0.0004773825
38.8	0.0004864532
38.9	0.0005741504
39.0	0.00041192390000000006
39.1	0.000501315
39.2	0.0004497298
39.3	0.0004545011
39.4	0.00047161409999999995
39.5	0.0004685983
39.6	0.0004884249
39.7	0.0004911001
39.8	0.0004918266000000001
39.9	0.0004625428
40.0	0.0005070611
40.1	0.0004705001
40.2	0.0005055144999999999
40.3	0.0004590011
40.4	0.0004800969
40.5	0.00043318150000000005
40.6	0.0005375513
40.7	0.00047830269999999997
40.8	0.0004693402
40.9	0.00044949770000000006
41.0	0.0004405051
41.1	0.00041463890000000003
41.2	0.00038547110000000006
41.3	0.0004546557
41.4	0.00047702620000000004
41.5	0.00045292380000000004
41.6	0.0005059241
41.7	0.00047997320000000003
41.8	0.0004955391
41.9	0.00045389050000000004
42.0	0.00044052779999999997
42.1	0.0005018949
42.2	0.0004849761
42.3	0.00043653770000000005
42.4	0.0005122340999999999
42.5	0.0004485468
42.6	0.00046750819999999996
42.7	0.0004834838
42.8	0.0004523283
42.9	0.0004534336
43.0	0.00045607889999999993
43.1	0.0004471708
43.2	0.00044144080000000003
43.3	0.0005013929
43.4	0.0005098445
43.5	0.0004303128
43.6	0.00047632309999999994
43.7	0.0004130385
43.8	0.0004581818
43.9	0.00047789269999999997
44.0	0.00043693200000000006
44.1	0.0004573931
44.2	0.0004720008
44.3	0.00045162469999999994
44.4	0.00044373719999999994
44.5	0.0004247845
44.6	0.0004798501
44.7	0.0004590552
44.8	0.00046689690000000005
44.9	0.0004369324
45.0	0.00045182619999999997
45.1	0.00047889000000000004
45.2	0.00041692739999999996
45.3	0.0004761839
45.4	0.00044008740000000006
45.5	0.0004269647
45.6	0.0004176852
45.7	0.000475202
45.8	0.0004302124
45.9	0.0004262457
46.0	0.0004756892
46.1	0.0004675614
46.2	0.0004314733
46.3	0.0004465834
46.4	0.00048789939999999995
46.5	0.000456017
46.6	0.0004942403000000001
46.7	0.0004646933
46.8	0.0003863294
46.9	0.0005077106
47.0	0.0004186287
47.1	0.0004432882
47.2	0.0004263074
47.3	0.00045447040000000003
47.4	0.00044284019999999997
47.5	0.000468226
47.6	0.0004381852
47.7	0.00043202959999999994
47.8	0.00046731470000000005
47.9	0.0004865305
48.0	0.0004147238
48.1	0.0004516628
48.2	0.00039012540000000004
48.3	0.0004275754
48.4	0.00037324559999999996
48.5	0.00048327510000000006
48.6	0.000579146
48.7	0.0004998610999999999
48.8	0.0003951366
48.9	0.00047640080000000003
49.0	0.00043290399999999996
49.1	0.00042706500000000007
49.2	0.00044071400000000004
49.3	0.0004406209
49.4	0.00042016789999999997
49.5	0.0003682266
49.6	0.0004306073
49.7	0.0003940308
49.8	0.0003893909
49.9	0.0003622418
50.0	0.00039580979999999995
50.1	0.0004401333
50.2	0.0004255497
50.3	0.0004652809
50.4	0.0004887264
50.5	0.00044372990000000006
50.6	0.00045992920000000005
50.7	0.0004755110000000001
50.8	0.000468289
50.9	0.00046240450000000003
51.0	0.0005097054
51.1	0.0004334456
51.2	0.00042449809999999997
51.3	0.0004316435
51.4	0.0004088703
51.5	0.00040281539999999997
51.6	0.000441982
51.7	0.00040116779999999996
51.8	0.0004118624
51.9	0.00043667730000000006
52.0	0.0004277532
52.1	0.00040279240000000004
52.2	0.00040270720000000005
52.3	0.00043311979999999993
52.4	0.00039151010000000006
52.5	0.00035273790000000003
52.6	0.0004042607
52.7	0.0003672905
52.8	0.000380591
52.9	0.0003894607
53.0	0.0004199206
53.1	0.00034809110000000006
53.2	0.00042008240000000004
53.3	0.0004484158
53.4	0.0003493272
53.5	0.0004281942
53.6	0.00041378789999999997
53.7	0.0004696107
53.8	0.000391688
53.9	0.00042083339999999993
54.0	0.0004045708
54.1	0.00042793919999999997
54.2	0.000421529
54.3	0.00040638020000000004
54.4	0.00039930499999999997
54.5	0.00040897019999999994
54.6	0.00038102429999999993
54.7	0.00041365680000000004
54.8	0.0004307614
54.9	0.0004551966
55.0	0.0003661856
55.1	0.0003646461
55.2	0.00036947959999999996
55.3	0.0003734080000000001
55.4	0.0003648552
55.5	0.0003404431
55.6	0.0003018329
55.7	0.00022532569999999998
55.8	0.00024328050000000008
55.9	0.00018276389999999994
56.0	0.00016736789999999995
56.1	0.0002124656
56.2	0.00041660259999999995
56.3	0.0004319292
56.4	0.0003964278
56.5	0.00021357929999999998
56.6	0.0004134252
56.7	0.00043841720000000004
56.8	0.000422341
56.9	0.00040788069999999997
57.0	0.00038586439999999995
57.1	0.00045532090000000003
57.2	0.0004292845999999999
57.3	0.00044416960000000005
57.4	0.0004263926
57.5	0.00039235320000000003
57.6	0.00039287940000000003
57.7	0.0004480983
57.8	0.00046328610000000007
57.9	0.00042531
58.0	0.00047547999999999997
58.1	0.00043802269999999996
58.2	0.00036001440000000005
58.3	0.00045794950000000004
58.4	0.00042281999999999997
58.5	0.00044492820000000005
58.6	0.0004058550999999999
58.7	0.0004237634
58.8	0.0003895927
58.9	0.0003556071
59.0	0.0003996601
59.1	0.000445307
59.2	0.0004446494
59.3	0.0004081972
59.4	0.00040866899999999996
59.5	0.00039167250000000003
59.6	0.00036154590000000004
59.7	0.00035409170000000003
59.8	0.00038576420000000004
59.9	0.0003915024
60.0	0.00039210559999999995
60.1	0.00036712070000000004
60.2	0.00037183789999999995
60.3	0.00036652540000000006
60.4	0.0003604395
60.5	0.0003260444
60.6	0.0003146689
60.7	0.00031036180000000005
60.8	0.00029423139999999997
60.9	0.0003374885
61.0	0.0002709177999999999
61.1	0.00029897980000000005
61.2	0.0002763841
61.3	0.0002642136
61.4	0.0002538435000000001
61.5	0.0002853618
61.6	0.0002731446999999999
61.7	0.00020872239999999997
61.8	0.00021866820000000006
61.9	0.00018668389999999997
62.0	0.00018308059999999995
62.1	0.00012923740000000006
62.2	0.0001502405
62.3	0.0001764466
62.4	0.0003803593
62.5	0.00035376670000000006
62.6	0.00042418079999999997
62.7	0.0004034961
62.8	0.00038734239999999997
62.9	0.00045978230000000004
63.0	0.0004611285
63.1	0.00046091139999999997
63.2	0.0004462505
63.3	0.00045017049999999996
63.4	0.0004346048
63.5	0.0004559855
63.6	0.00046250409999999995
63.7	0.0004723097
63.8	0.00040254509999999996
63.9	0.0004089164
64.0	0.0004215437
64.1	0.0004670982
64.2	0.00045595520000000004
64.3	0.0004271119
64.4	0.0004914248
64.5	0.0005053204
64.6	0.000464515
64.7	0.0005054993000000001
64.8	0.00044360550000000003
64.9	0.0004290377
65.0	0.0004734309
65.1	0.0004792305
65.2	0.0004407132
65.3	0.00041964899999999997
65.4	0.00042025270000000005
65.5	0.00039134760000000005
65.6	0.0004331746
65.7	0.00043403210000000003
65.8	0.00047825630000000003
65.9	0.0004387569
66.0	0.0004104398
66.1	0.0003855784
66.2	0.00040199569999999996
66.3	0.0003880841
66.4	0.0004494363
66.5	0.0004813026
66.6	0.0003729591
66.7	0.0004277686
66.8	0.0004663402
66.9	0.0003783791
67.0	0.00042713450000000003
67.1	0.0004362132
67.2	0.00039350449999999993
67.3	0.00037564269999999995
67.4	0.00044968379999999993
67.5	0.0004239257
67.6	0.0004738018
67.7	0.00039332679999999994
67.8	0.0003237012
67.9	0.00038884210000000006
68.0	0.0002960717
68.1	0.0003615301
68.2	0.0004151032
68.3	0.00039412299999999997
68.4	0.00037269669999999996
68.5	0.00045471740000000007
68.6	0.0003675535
68.7	0.00046613850000000006
68.8	0.0004009437
68.9	0.00037225580000000005
69.0	0.00040455480000000006
69.1	0.00043524629999999997
69.2	0.00043398590000000005
69.3	0.0004340016
69.4	0.0004270183
69.5	0.0004526221999999999
69.6	0.0004142901
69.7	0.0003964973
69.8	0.00043539310000000004
69.9	0.0004207936
70.0	0.00037299750000000003
70.1	0.00043003510000000003
70.2	0.0004291687
70.3	0.00037606729999999994
70.4	0.00045221190000000003
70.5	0.0003880848
70.6	0.00040943470000000005
70.7	0.000425326
70.8	0.0003790374
70.9	0.0003967834
71.0	0.0004059007
71.1	0.0004603936
71.2	0.0003706468
71.3	0.0004218684
71.4	0.00038984789999999995
71.5	0.0004778308
71.6	0.00042959389999999996
71.7	0.00040613319999999994
71.8	0.0003731915
71.9	0.00041567469999999996
72.0	0.00042642400000000006
72.1	0.0004515545
72.2	0.00037665580000000005
72.3	0.00041281330000000004
72.4	0.00042660079999999996
72.5	0.0004463128
72.6	0.0003696112
72.7	0.0004712659
72.8	0.00040791109999999993
72.9	0.0004754419
73.0	0.00044371380000000004
73.1	0.0003929482
73.2	0.0004352851
73.3	0.00044229100000000004
73.4	0.0004700749
73.5	0.00038952979999999995
73.6	0.0004333986
73.7	0.00046020009999999994
73.8	0.00042246410000000003
73.9	0.0004790292
74.0	0.00037157469999999997
74.1	0.0003538444999999999
74.2	0.00046632440000000003
74.3	0.00046719110000000003
74.4	0.0004495525
74.5	0.0004007966
74.6	0.00040140019999999996
74.7	0.00038559479999999996
74.8	0.00041309949999999995
74.9	0.00042795459999999996
75.0	0.00044548499999999997
75.1	0.0004475653000000001
75.2	0.00044621129999999995
75.3	0.00044763420000000004
75.4	0.0004128832
75.5	0.0004309314
75.6	0.0004183891
75.7	0.00041176170000000004
75.8	0.00046247380000000003
75.9	0.0004024517
76.0	0.0003720779
76.1	0.0004288436
76.2	0.00048664650000000004
76.3	0.0004135325
76.4	0.0004630457
76.5	0.0004417494
76.6	0.0004061944
76.7	0.0004012223
76.8	0.00045615550000000003
76.9	0.0004254184
77.0	0.0004727434
77.1	0.0004056301
77.2	0.00044314929999999993
77.3	0.00041340910000000003
77.4	0.00044463410000000005
77.5	0.00046491750000000003
77.6	0.00046224980000000003
77.7	0.0004125897
77.8	0.00043677740000000004
77.9	0.00039902579999999996
78.0	0.0004042305
78.1	0.00041304570000000004
78.2	0.0004665334
78.3	0.0003957397
78.4	0.0003840639
78.5	0.00044845450000000005
78.6	0.00039608780000000005
78.7	0.0004397619
78.8	0.00044578570000000005
78.9	0.00043185230000000003
79.0	0.0004375583
79.1	0.00037203139999999996
79.2	0.0004598671
79.3	0.0004413713
79.4	0.000453937
79.5	0.00040399109999999995
79.6	0.0004757662
79.7	0.00045398289999999995
79.8	0.0004730515
79.9	0.0004594883
80.0	0.0004352464
80.1	0.00045931870000000003
80.2	0.0004207863
80.3	0.00040436179999999995
80.4	0.0005001093
80.5	0.00039619639999999995
80.6	0.0003762449
80.7	0.00039341200000000005
80.8	0.00041913890000000003
80.9	0.00044307980000000003
81.0	0.00046110469999999996
81.1	0.00043916690000000004
81.2	0.00045944249999999996
81.3	0.00037607540000000005
81.4	0.00033732679999999994
81.5	0.000448222
81.6	0.00041755410000000003
81.7	0.00038387779999999997
81.8	0.0004510989000000001
81.9	0.0003714746
82.0	0.0004422678
82.1	0.0004347283999999999
82.2	0.00038851040000000003
82.3	0.00045633399999999997
82.4	0.0003988252
82.5	0.00039191190000000003
82.6	0.00047390999999999997
82.7	0.0003957858
82.8	0.00042339970000000005
82.9	0.0004240343
83.0	0.00044429420000000004
83.1	0.00031326150000000007
83.2	0.0004522428
83.3	0.0004211654
83.4	0.0004087846
83.5	0.00037841800000000005
83.6	0.00041460010000000003
83.7	0.0003612212
83.8	0.00036819570000000006
83.9	0.00033872629999999996
84.0	0.000424421
84.1	0.00043703329999999997
84.2	0.000417608
84.3	0.0003574623
84.4	0.00035474099999999994
84.5	0.0004006893
84.6	0.0003660152
84.7	0.00044510590000000004
84.8	0.00042698800000000005
84.9	0.0003954155
85.0	0.00043724110000000003
85.1	0.0003885021
85.2	0.0004840868
85.3	0.0004075168
85.4	0.00043625200000000004
85.5	0.00043765879999999995
85.6	0.00045704560000000004
85.7	0.0004730135
85.8	0.0003812024
85.9	0.0004315968
86.0	0.00040264520000000005
86.1	0.0004087774
86.2	0.0003982067
86.3	0.00045209590000000005
86.4	0.0004133627
86.5	0.0004294474
86.6	0.0004696882
86.7	0.00044177349999999997
86.8	0.0004810013
86.9	0.0004633008
87.0	0.00041678819999999993
87.1	0.00039828400000000005
87.2	0.00039908010000000004
87.3	0.00038482879999999993
87.4	0.00044567860000000007
87.5	0.0004042301
87.6	0.0003941547
87.7	0.0004712117
87.8	0.00039932840000000004
87.9	0.0004497228
88.0	0.0004168196
88.1	0.00042349250000000004
88.2	0.00037299760000000006
88.3	0.000417082
88.4	0.00046064060000000005
88.5	0.00042372469999999997
88.6	0.0005154974000000001
88.7	0.0004324317
88.8	0.0004992117999999999
88.9	0.0004582905
89.0	0.00039065980000000007
89.1	0.0004397699
89.2	0.0004302743
89.3	0.0004104631
89.4	0.0004741963000000001
89.5	0.0004504189
89.6	0.00046214079999999994
89.7	0.00042786189999999996
89.8	0.00043856339999999997
89.9	0.00044146409999999995
90.0	0.0003482918
90.1	0.0003986784
90.2	0.0004525759
90.3	0.00034150230000000003
90.4	0.00045345739999999997
90.5	0.00042174490000000003
90.6	0.0004531016
90.7	0.0004399481
90.8	0.00042938509999999994
90.9	0.0004894144
91.0	0.00046685060000000003
91.1	0.00044734080000000007
91.2	0.00041811819999999994
91.3	0.000440652
91.4	0.00041675720000000004
91.5	0.0004023439
91.6	0.0004135717
91.7	0.00043877280000000004
91.8	0.00041198620000000005
91.9	0.0005333209
92.0	0.00038230759999999996
92.1	0.0003938454
92.2	0.00042404149999999995
92.3	0.0004471243
92.4	0.00044835329999999996
92.5	0.00045198799999999996
92.6	0.0005005264
92.7	0.0004575943
92.8	0.00040247510000000005
92.9	0.00046503319999999996
93.0	0.00041385820000000003
93.1	0.00046648710000000006
93.2	0.0004523362
93.3	0.00046894600000000003
93.4	0.00046131389999999996
93.5	0.0004198356
93.6	0.0003904425
93.7	0.00044401529999999996
93.8	0.0004064345
93.9	0.000476408
94.0	0.00045899429999999994
94.1	0.0003952141
94.2	0.00040057289999999995
94.3	0.0004591569
94.4	0.00044846990000000004
94.5	0.0004092338
94.6	0.0004313725
94.7	0.00047127309999999995
94.8	0.00040345729999999996
94.9	0.00046654069999999996
95.0	0.00045037969999999996
95.1	0.0004753563
95.2	0.0004082899
95.3	0.00038686250000000003
95.4	0.0004628063
95.5	0.0004438144
95.6	0.0004154893
95.7	0.0004260054
95.8	0.0003861671
95.9	0.0004193716
96.0	0.0004824625
96.1	0.0004265556
96.2	0.00037410339999999995
96.3	0.0003326014
96.4	0.0003991578
96.5	0.00047007460000000005
96.6	0.0004185049
96.7	0.00039840009999999996
96.8	0.0004160696
96.9	0.0004855874
97.0	0.0004687993
97.1	0.00043778310000000005
97.2	0.00039958300000000007
97.3	0.00048210710000000004
97.4	0.0004521896
97.5	0.0004199119
97.6	0.0003922446
97.7	0.0003914788
97.8	0.00041179300000000003
97.9	0.00042502429999999997
98.0	0.00039186550000000004
98.1	0.00043117899999999996
98.2	0.00048460439999999994
98.3	0.000368961
98.4	0.0003965981
98.5	0.00041862050000000004
98.6	0.0004183653
98.7	0.0003981599
98.8	0.00039456440000000005
98.9	0.00037404930000000004
99.0	0.0004332826
99.1	0.00044041250000000006
99.2	0.00047047659999999993
99.3	0.0004394221
99.4	0.0003866464
99.5	0.00046207140000000007
99.6	0.00041235709999999995
99.7	0.00042188450000000004
99.8	0.00040498039999999996
99.9	0.0004325398
100.0	0.0004484308
100.1	0.00041462329999999997
100.2	0.0003738252
100.3	0.0004009829
100.4	0.00044939789999999996
100.5	0.00046044779999999995
100.6	0.00039687659999999993
100.7	0.0004137033
100.8	0.00037701079999999994
100.9	0.00040256050000000006
101.0	0.0004695343
101.1	0.0004168969
101.2	0.0004362209
101.3	0.00042018270000000003
101.4	0.00040672059999999994
101.5	0.0004177941
101.6	0.0004040677
101.7	0.00044316479999999996
101.8	0.0004217066
101.9	0.0004126131
102.0	0.00038407860000000003
102.1	0.0003740649999999999
102.2	0.00035283019999999995
102.3	0.0004088706
102.4	0.0003746606
102.5	0.0003941157
102.6	0.0003997614
102.7	0.00035687480000000003
102.8	0.0003657443
102.9	0.00042439
103.0	0.0004039209
103.1	0.0003583672
103.2	0.00040575360000000006
103.3	0.00042350810000000005
103.4	0.00038097049999999996
103.5	0.0003264161
103.6	0.0003977967
103.7	0.00039945869999999996
103.8	0.00038588049999999997
103.9	0.0003597974
104.0	0.00033730340000000003
104.1	0.00036149150000000003
104.2	0.0003828409
104.3	0.000344641
104.4	0.00036125960000000005
104.5	0.0003870252
104.6	0.0003628682
104.7	0.0003681956
104.8	0.00040331060000000003
104.9	0.0003801816
105.0	0.00030398290000000004
105.1	0.00035109070000000005
105.2	0.0003487555
105.3	0.00032809319999999996
105.4	0.0003234227
105.5	0.00033268710000000006
105.6	0.0003572693
105.7	0.00035066569999999997
105.8	0.0003531014
105.9	0.0003550583
106.0	0.0004408063
106.1	0.00044806749999999997
106.2	0.00042049199999999996
106.3	0.00037192320000000004
106.4	0.00041342510000000007
106.5	0.0004132704
106.6	0.0004115998
106.7	0.00041054020000000005
106.8	0.00039672159999999993
106.9	0.0003761835
107.0	0.0004157677
107.1	0.00035518100000000004
107.2	0.00037057750000000003
107.3	0.0003982144
107.4	0.0003988096
107.5	0.00036639389999999994
107.6	0.000401748
107.7	0.0004010759
107.8	0.0004342264
107.9	0.00038023520000000005
108.0	0.0004235623
108.1	0.00039225280000000005
108.2	0.0003895921
108.3	0.0003649709
108.4	0.0004101613000000001
108.5	0.0004592181
108.6	0.0004427236
108.7	0.00045599359999999996
108.8	0.000377769
108.9	0.0003875122
109.0	0.0004420516
109.1	0.0003889891
109.2	0.00047653919999999996
109.3	0.0004548955
109.4	0.0003758744
109.5	0.00041520309999999993
109.6	0.0004055296
109.7	0.00045163250000000005
109.8	0.0004042618
109.9	0.00047004390000000005
110.0	0.0003760831
110.1	0.0004010373
110.2	0.0004074938
110.3	0.00043215389999999994
110.4	0.0003975491
110.5	0.00040719990000000005
110.6	0.00034430150000000004
110.7	0.00042033779999999996
110.8	0.00037174519999999995
110.9	0.00039368329999999997
111.0	0.00044659889999999996
111.1	0.0004748928
111.2	0.0004560789
111.3	0.0003865996
111.4	0.00036690389999999995
111.5	0.00038838579999999994
111.6	0.0003721473000000001
111.7	0.0004367313
111.8	0.0004574163
111.9	0.00040378990000000003
112.0	0.0004750083
112.1	0.00042796189999999996
112.2	0.00044517570000000004
112.3	0.0004192474
112.4	0.0004255031
112.5	0.00041657989999999997
112.6	0.0004119625
112.7	0.00047459800000000007
112.8	0.00041187820000000003
112.9	0.0004746992
113.0	0.00041968779999999997
113.1	0.0003967991
113.2	0.0003696262
113.3	0.00041084210000000006
113.4	0.0003079271
113.5	0.00040490259999999994
113.6	0.00040772560000000005
113.7	0.000406527
113.8	0.00038120219999999993
113.9	0.00039008729999999995
114.0	0.00038873339999999997
114.1	0.000423075
114.2	0.0004269492
114.3	0.00039720909999999996
114.4	0.00043009649999999994
114.5	0.00039811439999999995
114.6	0.00035861549999999996
114.7	0.0003755801
114.8	0.0004574471
114.9	0.00044609519999999994
115.0	0.00040532099999999994
115.1	0.00045620959999999994
115.2	0.00041545810000000004
115.3	0.0004444016
115.4	0.00042792359999999996
115.5	0.0003794464
115.6	0.0004267712
115.7	0.0004280474
115.8	0.0004242196
115.9	0.0003918114
116.0	0.0003568594
116.1	0.0003962422
116.2	0.00043062279999999997
116.3	0.00040902459999999995
116.4	0.0004038439
116.5	0.0003832979
116.6	0.00040889290000000004
116.7	0.00036654149999999997
116.8	0.0003877909
116.9	0.0003661621
117.0	0.0004347204
117.1	0.00044100760000000003
117.2	0.0003982914
117.3	0.00041782460000000006
117.4	0.0004044701
117.5	0.0003431412
117.6	0.00028383110000000005
117.7	0.0003171983
117.8	0.00027943149999999997
117.9	0.00029727120000000006
118.0	0.0003248452
118.1	0.0003863061
118.2	0.0004057225
118.3	0.00042239499999999994
118.4	0.000405336
118.5	0.00037873529999999994
118.6	0.0004076248
118.7	0.0003866079
118.8	0.0004007816
118.9	0.00039406999999999995
119.0	0.000411214
119.1	0.00042777650000000005
119.2	0.0003741889
119.3	0.00041603129999999997
119.4	0.00042116559999999997
119.5	0.00041331580000000004
119.6	0.00040359650000000005
119.7	0.0004076868
119.8	0.00041161550000000006
119.9	0.0004273201
120.0	0.00041542719999999997
120.1	0.0004300581
120.2	0.0004522821
120.3	0.0003886411
120.4	0.00044487380000000004
120.5	0.0004029782
120.6	0.0004255111
120.7	0.00037345389999999997
120.8	0.0004208169
120.9	0.0003973093
121.0	0.00042150559999999996
121.1	0.0004195332
121.2	0.0004462657
121.3	0.0003853086
121.4	0.0004437754
121.5	0.0004085759
121.6	0.00041412860000000003
121.7	0.00042387199999999994
121.8	0.0004715597
121.9	0.00044864769999999996
122.0	0.00039822210000000003
122.1	0.0004079812
122.2	0.00043411770000000005
122.3	0.00041275260000000005
122.4	0.00046780920000000003
122.5	0.0003983851
122.6	0.00036438399999999993
122.7	0.0004423838
122.8	0.00045753979999999997
122.9	0.00036509419999999996
123.0	0.00037167550000000003
123.1	0.0004758822
123.2	0.0004234852
123.3	0.00039443339999999994
123.4	0.0004025295
123.5	0.0003729668
123.6	0.00034135520000000007
123.7	0.00023908959999999993
123.8	0.00029435499999999994
123.9	0.00017282750000000003
124.0	0.00019423169999999992
124.1	0.00017270330000000006
124.2	0.00016741469999999997
124.3	0.00015930270000000008
124.4	0.00036357889999999996
124.5	0.00037108759999999997
124.6	0.00016424409999999995
124.7	0.0004527220000000001
124.8	0.00036945630000000004
124.9	0.0003687295
125.0	0.0004060475
125.1	0.00042120379999999993
125.2	0.00034448699999999993
125.3	0.00035546729999999993
125.4	0.0003749774
125.5	0.0003221545
125.6	0.0003948664
125.7	0.00043724100000000005
125.8	0.000448996
125.9	0.0004216138
126.0	0.00047029170000000004
126.1	0.00040863769999999997
126.2	0.00046526559999999996
126.3	0.00045954240000000004
126.4	0.0004303746
126.5	0.00041633199999999994
126.6	0.0004933353
126.7	0.00044789019999999996
126.8	0.00041192499999999994
126.9	0.00041495610000000005
127.0	0.0004996527
127.1	0.00045273830000000005
127.2	0.0003955468
127.3	0.00044289409999999997
127.4	0.00045068910000000003
127.5	0.00046334720000000003
127.6	0.0004568753
127.7	0.0003808075
127.8	0.00039512169999999993
127.9	0.0004346898
128.0	0.00040862189999999994
128.1	0.0004429479
128.2	0.0004731683
128.3	0.00044091489999999997
128.4	0.0004422531
128.5	0.00044975280000000004
128.6	0.00038734990000000003
128.7	0.0004432888
128.8	0.00042141250000000003
128.9	0.000444766
129.0	0.0004623656
129.1	0.00041188540000000005
129.2	0.00044703850000000003
129.3	0.00042833410000000003
129.4	0.00038741230000000006
129.5	0.00040909410000000007
129.6	0.00037296660000000006
129.7	0.00034821410000000004
129.8	0.0003247839
129.9	0.00024070600000000004
130.0	0.0002680095
130.1	0.0003426388
130.2	0.0002936512
130.3	0.0003331814
130.4	0.00030010850000000006
130.5	0.00029343580000000004
130.6	0.00032198510000000004
130.7	0.00032326799999999993
130.8	0.0004625121
130.9	0.00033398560000000006
131.0	0.00042364689999999994
131.1	0.00037082479999999996
131.2	0.000502591
131.3	0.00043774389999999997
131.4	0.0003956088
131.5	0.0004127835
131.6	0.00040515010000000004
131.7	0.0004349136
131.8	0.000441155
131.9	0.00047251069999999995
132.0	0.00045625589999999996
132.1	0.00047518619999999996
132.2	0.0004212577
132.3	0.000431682
132.4	0.00048564919999999996
132.5	0.0004907988
132.6	0.0004667808
132.7	0.00046705870000000003
132.8	0.00046709049999999993
132.9	0.0004264388
133.0	0.0004115377
133.1	0.0004314803
133.2	0.0003649638999999999
133.3	0.0004323702
133.4	0.0004196959
133.5	0.00045342580000000003
133.6	0.0004318514
133.7	0.000440528
133.8	0.0003879759
133.9	0.00044320359999999997
134.0	0.00046385780000000003
134.1	0.0004438994
134.2	0.0004887731000000001
134.3	0.00048642240000000005
134.4	0.00038796079999999997
134.5	0.00043765939999999994
134.6	0.0004689075
134.7	0.00047667889999999995
134.8	0.0004866769
134.9	0.0004451292
135.0	0.0004155283
135.1	0.0004824942
135.2	0.0004156906
135.3	0.000444881
135.4	0.00043265640000000004
135.5	0.00044384569999999997
135.6	0.00044376779999999997
135.7	0.0004353861
135.8	0.0004056613
135.9	0.00041855190000000006
136.0	0.0004618551
136.1	0.0004860195
136.2	0.00045334910000000006
136.3	0.0004728744
136.4	0.0004713356
136.5	0.00041589139999999997
136.6	0.00046011520000000005
136.7	0.0004759751
136.8	0.0004014081
136.9	0.0004058465
137.0	0.0004239331
137.1	0.00045458630000000004
137.2	0.0005028931
137.3	0.00048093960000000004
137.4	0.0004135181
137.5	0.0004755728
137.6	0.0004848913
137.7	0.00043766650000000003
137.8	0.0004640514
137.9	0.0004657519
138.0	0.0004762067
138.1	0.00046424410000000003
138.2	0.0004991737
138.3	0.0004165641
138.4	0.00047602880000000003
138.5	0.0004858423
138.6	0.0004900951999999999
138.7	0.0005042384999999999
138.8	0.0004704767
138.9	0.00043096190000000003
139.0	0.0004581897
139.1	0.0005052129
139.2	0.00042450549999999994
139.3	0.0004941622
139.4	0.00047077810000000007
139.5	0.0004780549
139.6	0.0004358031
139.7	0.00048810800000000006
139.8	0.0004436365
139.9	0.0004777455
140.0	0.0004928328
140.1	0.0004907603
140.2	0.0005209102
140.3	0.0004577564
140.4	0.0004597513
140.5	0.0004365376
140.6	0.0005106951000000001
140.7	0.00046733800000000003
140.8	0.0005286345
140.9	0.00047090259999999997
141.0	0.000464136
141.1	0.00039543779999999995
141.2	0.00046362560000000005
141.3	0.0004966598
141.4	0.0004766476
141.5	0.0004799027
141.6	0.00043099340000000004
141.7	0.0004459407
141.8	0.00044584789999999996
141.9	0.00043212979999999996
142.0	0.0004800501
142.1	0.0004134557
142.2	0.0004966605
142.3	0.000513054
142.4	0.00044669059999999995
142.5	0.00043347549999999996
142.6	0.0004639976
142.7	0.00044744180000000003
142.8	0.00042666380000000003
142.9	0.0004563876
143.0	0.00043297299999999996
143.1	0.0005044163
143.2	0.00048196050000000004
143.3	0.00043776789999999997
143.4	0.0004750471
143.5	0.00047552660000000003
143.6	0.0004748381
143.7	0.0005208094
143.8	0.00040795
143.9	0.00048818520000000004
144.0	0.0004121328
144.1	0.0004055137
144.2	0.0004937916
144.3	0.0004333987
144.4	0.00045159350000000003
144.5	0.00043083879999999996
144.6	0.0004691008000000001
144.7	0.0004157917
144.8	0.00047865029999999995
144.9	0.0004896075
145.0	0.0004287983
145.1	0.00040955009999999993
145.2	0.0004696885
145.3	0.0004164176
145.4	0.0004524515
145.5	0.0003735547
145.6	0.0004733536
145.7	0.0004342485
145.8	0.0004764629
145.9	0.00047653219999999996
146.0	0.0005216287000000001
146.1	0.0005184893999999999
146.2	0.0004294853
146.3	0.00047785439999999997
146.4	0.0004495909
146.5	0.0004689227
146.6	0.00047988039999999994
146.7	0.00048288800000000006
146.8	0.0004836302
146.9	0.0005160922
147.0	0.0004474108
147.1	0.000490489
147.2	0.0004984465
147.3	0.0004983612
147.4	0.00047834179999999997
147.5	0.0004544854
147.6	0.0004107494
147.7	0.0004566511
147.8	0.00046422939999999995
147.9	0.00044807550000000004
148.0	0.0004812025
148.1	0.00044654419999999996
148.2	0.00047784609999999996
148.3	0.00046684280000000003
148.4	0.00045416060000000004
148.5	0.000460719
148.6	0.0004668036
148.7	0.0004561944
148.8	0.0004822698
148.9	0.0004546787
149.0	0.0003961186
149.1	0.0004192626
149.2	0.00046327780000000006
149.3	0.00041440650000000004
149.4	0.00038131899999999997
149.5	0.0004764549
149.6	0.0004487793
149.7	0.00046552040000000006
149.8	0.0004802978
149.9	0.00046882240000000006
150.0	0.00045006969999999996
150.1	0.0005009131
150.2	0.0004898707
150.3	0.00047848820000000007
150.4	0.0004677863
150.5	0.0004712122
150.6	0.00048313560000000003
150.7	0.0004585149
150.8	0.0004781635
150.9	0.000484041
151.0	0.0004917891
151.1	0.0004610354
151.2	0.0005070915
151.3	0.0005043463
151.4	0.00046632479999999995
151.5	0.00045603999999999995
151.6	0.00047576670000000005
151.7	0.0004706547
151.8	0.00045968959999999993
151.9	0.00046429129999999997
152.0	0.00044416190000000003
152.1	0.0004936525
152.2	0.00047796979999999997
152.3	0.00047263480000000004
152.4	0.00047186160000000006
152.5	0.0004570063
152.6	0.0005343343999999999
152.7	0.0004952597999999999
152.8	0.00045167080000000005
152.9	0.0005057538000000001
153.0	0.0004535346
153.1	0.0004206234
153.2	0.0004846982999999999
153.3	0.00045679830000000006
153.4	0.0004890361
153.5	0.00045014750000000003
153.6	0.00048669230000000004
153.7	0.000458143
153.8	0.0004888037
153.9	0.0005036202
154.0	0.0004584602
154.1	0.0004790292
154.2	0.0004417424
154.3	0.00045110679999999995
154.4	0.00047022149999999995
154.5	0.00045630280000000007
154.6	0.00045104449999999995
154.7	0.0004688370999999999
154.8	0.000467152
154.9	0.00045682070000000006
155.0	0.00043796819999999997
155.1	0.0005068288
155.2	0.00044872460000000005
155.3	0.0004555606
155.4	0.0004869632
155.5	0.00042381
155.6	0.0004725029
155.7	0.0004831743
155.8	0.00047882100000000004
155.9	0.00045644170000000005
156.0	0.00047280460000000005
156.1	0.00048230049999999997
156.2	0.00046029359999999995
156.3	0.00044911120000000004
156.4	0.0005061556000000001
156.5	0.0004417650999999999
156.6	0.0004996917
156.7	0.0004935899999999999
156.8	0.00045661240000000004
156.9	0.0005087001
157.0	0.00047544169999999997
157.1	0.0004685511
157.2	0.0004657991
157.3	0.0004499851
157.4	0.0005015779000000001
157.5	0.0005152183999999999
157.6	0.0004588547
157.7	0.0004900557
157.8	0.0004309471
157.9	0.00042644669999999994
158.0	0.00047083270000000004
158.1	0.0004632469
158.2	0.00043167429999999994
158.3	0.0005044781999999999
158.4	0.00047845749999999996
158.5	0.0004351003
158.6	0.0004741348
158.7	0.00046623220000000003
158.8	0.00044745699999999995
158.9	0.00046865219999999997
159.0	0.0004910234000000001
159.1	0.00044644359999999997
159.2	0.0005016554000000001
159.3	0.0004272743
159.4	0.0004463581
159.5	0.00047277350000000007
159.6	0.00045549840000000006
159.7	0.00043565649999999993
159.8	0.00042761419999999995
159.9	0.0004793849
160.0	0.0005155590999999999
160.1	0.0004760914
160.2	0.00046929400000000004
160.3	0.0004448971
160.4	0.0005216597999999999
160.5	0.0004530324
160.6	0.00047749120000000004
160.7	0.00046367180000000003
160.8	0.00046597599999999994
160.9	0.000473918
161.0	0.00046930189999999997
161.1	0.0004169279
161.2	0.00046063330000000005
161.3	0.0004804983
161.4	0.0004759907
161.5	0.00047507800000000003
161.6	0.0004106643
161.7	0.0004969309999999999
161.8	0.0004643606
161.9	0.0004590407
162.0	0.0004067516
162.1	0.000402622
162.2	0.0003794463000000001
162.3	0.00043588089999999996
162.4	0.0004648706
162.5	0.0005126056
162.6	0.000461546
162.7	0.0004589005
162.8	0.0004696806
162.9	0.00046228039999999995
163.0	0.0004911774999999999
163.1	0.0005017563
163.2	0.0004719304
163.3	0.0004965669
163.4	0.0004395533
163.5	0.00046200170000000005
163.6	0.00043918980000000004
163.7	0.0004961657
163.8	0.0004965905
163.9	0.00043310440000000005
164.0	0.0004747067
164.1	0.0005020427000000001
164.2	0.00046720649999999997
164.3	0.00047049259999999997
164.4	0.0004405514
164.5	0.00047422750000000003
164.6	0.0004964123
164.7	0.00050771
164.8	0.0004592418
164.9	0.0004736785
165.0	0.0004919897
165.1	0.00039762650000000005
165.2	0.0003825626
165.3	0.0004688068
165.4	0.00048395530000000005
165.5	0.00046995150000000004
165.6	0.0004641906
165.7	0.00046533440000000006
165.8	0.0004946264999999999
165.9	0.00044607310000000004
166.0	0.0005154277
166.1	0.0004668736
166.2	0.0004378212
166.3	0.0004943250999999999
166.4	0.0005288906
166.5	0.00042329149999999996
166.6	0.0004415026
166.7	0.0005034265
166.8	0.0004922603999999999
166.9	0.0005439609999999999
167.0	0.0004770961
167.1	0.0004893377999999999
167.2	0.0004369093
167.3	0.00043806170000000003
167.4	0.0004923378999999999
167.5	0.0004574396
167.6	0.0004090484
167.7	0.0004499543
167.8	0.00047977170000000006
167.9	0.00046759290000000005
168.0	0.0004956398
168.1	0.00046085740000000004
168.2	0.0004834607
168.3	0.00043653020000000004
168.4	0.00047773809999999994
168.5	0.0004700052
168.6	0.000486871
168.7	0.0004134783
168.8	0.0004687367
168.9	0.0004984771
169.0	0.00043945309999999995
169.1	0.0004436751
169.2	0.0005359509
169.3	0.0004430799
169.4	0.00045856870000000004
169.5	0.0004937526000000001
169.6	0.00046579090000000003
169.7	0.00042356230000000004
169.8	0.00046732269999999996
169.9	0.0004855091
170.0	0.0004903656
170.1	0.0004440152
170.2	0.0004808319
170.3	0.00048633689999999995
170.4	0.0004935973999999999
170.5	0.0005043618
170.6	0.0004934207
170.7	0.000512698
170.8	0.000469711
170.9	0.00047464510000000003
171.0	0.0004958556
171.1	0.00047313710000000003
171.2	0.0004989797
171.3	0.00047728200000000004
171.4	0.0005077873000000001
171.5	0.0004809932
171.6	0.0004850303
171.7	0.00046828179999999997
171.8	0.0005787979
171.9	0.00047972590000000005
172.0	0.0005372726000000001
172.1	0.0004982147999999999
172.2	0.000443745
172.3	0.0005050275
172.4	0.0005273977
172.5	0.0004546092
172.6	0.0004902732999999999
172.7	0.00048533129999999997
172.8	0.00044848560000000003
172.9	0.00042454479999999995
173.0	0.0004611204
173.1	0.0005007662
173.2	0.0004694174
173.3	0.00041447580000000003
173.4	0.00047744389999999996
173.5	0.00040640329999999994
173.6	0.000483979
173.7	0.0004885717
173.8	0.0004072616
173.9	0.0004901025
174.0	0.0003933042
174.1	0.0004914721
174.2	0.00048520029999999997
174.3	0.0004444869
174.4	0.00047690279999999997
174.5	0.0005139199
174.6	0.000480205
174.7	0.00047719669999999996
174.8	0.0004662778
174.9	0.0004781175
175.0	0.0005183898
175.1	0.00046113629999999995
175.2	0.0004317517
175.3	0.00043162750000000003
175.4	0.0004298798
175.5	0.0004536813
175.6	0.0004814034
175.7	0.0005010758
175.8	0.0005044158000000001
175.9	0.0004386719
176.0	0.0004235394
176.1	0.000459203
176.2	0.000457354
176.3	0.0005008661
176.4	0.0004620102
176.5	0.00046467040000000006
176.6	0.00044556180000000003
176.7	0.0004794475
176.8	0.0004779784
176.9	0.0004643916
177.0	0.0004904892
177.1	0.0004425998
177.2	0.00046284490000000005
177.3	0.00045627199999999997
177.4	0.0004372112
177.5	0.0005118785000000001
177.6	0.00045056550000000006
177.7	0.00044167239999999997
177.8	0.00042202390000000003
177.9	0.0004876286
178.0	0.0004282792
178.1	0.00044401589999999995
178.2	0.000424622
178.3	0.00046003000000000005
178.4	0.00046369570000000005
178.5	0.0004439845
178.6	0.00045879240000000005
178.7	0.00042482280000000005
178.8	0.00042861169999999993
178.9	0.00043307299999999996
179.0	0.0004640119
179.1	0.00047162140000000006
179.2	0.0004500315
179.3	0.0004917114000000001
179.4	0.000413177
179.5	0.0003440388
179.6	0.0003762147
179.7	0.0003733688
179.8	0.0004462744
179.9	0.0004166104
180.0	0.00037154349999999996
180.1	0.00045058029999999995
180.2	0.00047097169999999995
180.3	0.00039256180000000004
180.4	0.00044613430000000004
180.5	0.0004974564
180.6	0.00043895010000000005
180.7	0.0004750238
180.8	0.00044888790000000006
180.9	0.0004978666
181.0	0.00041558230000000005
181.1	0.00045825949999999993
181.2	0.0004932653
181.3	0.00047336129999999994
181.4	0.0004601614
181.5	0.0004221704
181.6	0.0004602538
181.7	0.0004000235
181.8	0.00047759829999999997
181.9	0.0004861124
182.0	0.00043827810000000004
182.1	0.00041611549999999995
182.2	0.00045470250000000003
182.3	0.00040468679999999997
182.4	0.00041575239999999995
182.5	0.0004579651
182.6	0.00045806610000000006
182.7	0.0004528699
182.8	0.0004549343
182.9	0.0004397864
183.0	0.0004073699
183.1	0.0004370405
183.2	0.0005006736
183.3	0.0004553207
183.4	0.0004697499
183.5	0.0004297408
183.6	0.00041866790000000004
183.7	0.00041739180000000003
183.8	0.00047647799999999996
183.9	0.00043102390000000003
184.0	0.0004313953
184.1	0.0004143376
184.2	0.00046643270000000004
184.3	0.0004765777
184.4	0.0004916268999999999
184.5	0.0004535271
184.6	0.00046232669999999996
184.7	0.0004062485
184.8	0.0004712189
184.9	0.0004581436
185.0	0.0004590169
185.1	0.0004231991
185.2	0.0004354786
185.3	0.00034652810000000006
185.4	0.0004053515
185.5	0.00038513050000000003
185.6	0.00030818900000000005
185.7	0.0003369327
185.8	0.00029012579999999997
185.9	0.00032301369999999995
186.0	0.00030735340000000004
186.1	0.0002746215
186.2	0.00032723530000000004
186.3	0.0003231213
186.4	0.00019855380000000002
186.5	0.000406001
186.6	0.0003827335
186.7	0.0003536432
186.8	0.0004561866
186.9	0.00044116249999999994
187.0	0.0004130223
187.1	0.00043888909999999996
187.2	0.00041858259999999996
187.3	0.00043343729999999994
187.4	0.00047046110000000007
187.5	0.00046271330000000006
187.6	0.0004216219
187.7	0.0004947188
187.8	0.0003382081
187.9	0.0004365688
188.0	0.00047774549999999997
188.1	0.00045023259999999994
188.2	0.0004515313
188.3	0.00043767439999999996
188.4	0.0004146153
188.5	0.0004547022
188.6	0.00046303049999999997
188.7	0.0004320527
188.8	0.0004319527
188.9	0.00038524640000000003
189.0	0.0004400869
189.1	0.0004348212
189.2	0.0005436836
189.3	0.0004339625
189.4	0.0004260986
189.5	0.00042605259999999994
189.6	0.00046906130000000005
189.7	0.0004529776
189.8	0.00043317409999999996
189.9	0.0004448044
190.0	0.000402576
190.1	0.0004516476
190.2	0.00044345070000000004
190.3	0.0004078413
190.4	0.00041124400000000006
190.5	0.0004242968
190.6	0.00040508929999999996
190.7	0.0003848052
190.8	0.0004482301
190.9	0.0004007427
191.0	0.00040146210000000003
191.1	0.00045528199999999994
191.2	0.0003570757
191.3	0.00039249989999999997
191.4	0.00040909489999999996
191.5	0.0003672987
191.6	0.00035386729999999995
191.7	0.00036794810000000003
191.8	0.0003167414000000001
191.9	0.00028370749999999997
192.0	0.0003334525
192.1	0.00030504969999999997
192.2	0.0003167958000000001
192.3	0.0003699201
192.4	0.00037611400000000004
192.5	0.00041064910000000005
192.6	0.0003207863
192.7	0.00045177950000000003
192.8	0.0004021582000000001
192.9	0.0004432038
193.0	0.00043160459999999997
193.1	0.0004067663
193.2	0.00039875549999999994
193.3	0.00037599860000000004
193.4	0.00040701380000000007
193.5	0.00043478249999999994
193.6	0.0004116068
193.7	0.00038965429999999996
193.8	0.0004833982
193.9	0.00040221170000000005
194.0	0.0004395923
194.1	0.0005146082
194.2	0.0004522585
194.3	0.00044164199999999996
194.4	0.000419533
194.5	0.0004744828
194.6	0.00041946430000000003
194.7	0.0004100532
194.8	0.00045808159999999993
194.9	0.00035214219999999996
195.0	0.0004176621
195.1	0.00039211320000000005
195.2	0.00038786030000000006
195.3	0.0004378444
195.4	0.0004075247
195.5	0.00039921149999999996
195.6	0.00041874440000000006
195.7	0.0004160925
195.8	0.0003826642
195.9	0.00044774239999999997
196.0	0.00032394119999999997
196.1	0.0003882161
196.2	0.00046119050000000006
196.3	0.000421157
196.4	0.00043429560000000006
196.5	0.000387187
196.6	0.00042803200000000007
196.7	0.0005014469
196.8	0.00044073669999999997
196.9	0.00041282980000000003
197.0	0.00041360279999999995
197.1	0.00038475179999999996
197.2	0.000431612
197.3	0.0004088463
197.4	0.00042042300000000006
197.5	0.00041524989999999995
197.6	0.0004003869
197.7	0.00043833159999999996
197.8	0.0004049961
197.9	0.00038977779999999995
198.0	0.00039669870000000004
198.1	0.0003490956
198.2	0.00044150950000000004
198.3	0.00036670329999999996
198.4	0.000389067
198.5	0.00037577449999999995
198.6	0.00043061490000000004
198.7	0.0004221473
198.8	0.00040844430000000004
198.9	0.00041806480000000006
199.0	0.00042346969999999996
199.1	0.000448106
199.2	0.00040611729999999994
199.3	0.0004199746
199.4	0.0004101538
199.5	0.0003793388
199.6	0.0004152261
199.7	0.0004548956
199.8	0.0005224648
199.9	0.000450728
200.0	0.0004221777
200.1	0.0004408143
200.2	0.0004259361
200.3	0.00044805230000000005
200.4	0.00045532900000000003
200.5	0.0005572694
200.6	0.0003956391
200.7	0.0004734003
200.8	0.0003342954
200.9	0.0004138964
201.0	0.00047062370000000006
201.1	0.00045441570000000003
201.2	0.00044244559999999996
201.3	0.0004563727
201.4	0.00047904480000000003
201.5	0.00041871329999999997
201.6	0.00044488119999999996
201.7	0.0003839473
201.8	0.0004047716
201.9	0.0005017324000000001
202.0	0.00044265410000000004
202.1	0.00041251199999999997
202.2	0.00036009970000000003
202.3	0.00040699059999999997
202.4	0.00040625689999999995
202.5	0.00044495110000000005
202.6	0.0004311564
202.7	0.000463587
202.8	0.00037450529999999996
202.9	0.00045273059999999997
203.0	0.00045430740000000007
203.1	0.00045830629999999995
203.2	0.00042459029999999997
203.3	0.0004724104
203.4	0.00043967759999999996
203.5	0.00045446989999999997
203.6	0.0004195102
203.7	0.00040221189999999996
203.8	0.00039109999999999997
203.9	0.0004952761
204.0	0.0004330121
204.1	0.0004330354
204.2	0.0005198043000000001
204.3	0.0005073779
204.4	0.00043110970000000007
204.5	0.0004444876
204.6	0.0004033726
204.7	0.0004940389999999999
204.8	0.0004918500000000001
204.9	0.0004941238
205.0	0.00040703780000000007
205.1	0.00043816929999999997
205.2	0.000417794
205.3	0.00043513899999999997
205.4	0.00040477959999999996
205.5	0.0004674535
205.6	0.00040887020000000005
205.7	0.0004360581
205.8	0.00047410379999999997
205.9	0.0004463507
206.0	0.00042827150000000004
206.1	0.00041880669999999994
206.2	0.00045881559999999994
206.3	0.00038534729999999996
206.4	0.00044976089999999993
206.5	0.00041032349999999993
206.6	0.0004388728
206.7	0.00046407439999999995
206.8	0.00040168660000000004
206.9	0.00042053890000000007
207.0	0.00041910030000000004
207.1	0.0004078032
207.2	0.0004958718
207.3	0.0004532945
207.4	0.0005133403
207.5	0.0005003178
207.6	0.0004578804
207.7	0.0004323311
207.8	0.0003631001
207.9	0.0003995367
208.0	0.00043077689999999994
208.1	0.0004280934
208.2	0.0004002636
208.3	0.0004236858
208.4	0.00044509099999999994
208.5	0.000430189
208.6	0.00041828080000000004
208.7	0.0004444172
208.8	0.00042279629999999996
208.9	0.00048237730000000003
209.0	0.0004523511
209.1	0.00040873130000000006
209.2	0.00043391660000000005
209.3	0.0005122264000000001
209.4	0.0004766785
209.5	0.00041975739999999996
209.6	0.00044260860000000003
209.7	0.0004541146
209.8	0.00048659239999999997
209.9	0.00043903610000000005
210.0	0.00038332129999999994
210.1	0.000519201
210.2	0.0005008358
210.3	0.0004098516
210.4	0.0004230672
210.5	0.00044123940000000004
210.6	0.00047797
210.7	0.00043022009999999996
210.8	0.0004281711
210.9	0.00047592049999999996
211.0	0.0004325711
211.1	0.0004580118
211.2	0.0004476188
211.3	0.0005120951
211.4	0.0005016247
211.5	0.00043004269999999997
211.6	0.0004474792
211.7	0.00045265340000000005
211.8	0.00043900529999999996
211.9	0.00044239960000000005
212.0	0.00038606610000000005
212.1	0.00039302589999999995
212.2	0.0004238102
212.3	0.00046449910000000003
212.4	0.0004930023999999999
212.5	0.0004480597
212.6	0.00043038359999999994
212.7	0.0004157522
212.8	0.00042906009999999997
212.9	0.0004436675
213.0	0.0004177243
213.1	0.000435563
213.2	0.00043514579999999996
213.3	0.00043595810000000005
213.4	0.0004288518
213.5	0.00043646809999999995
213.6	0.0004501551
213.7	0.0004049029
213.8	0.0004539671
213.9	0.0004597279
214.0	0.00040827439999999995
214.1	0.0004488643
214.2	0.00039331969999999996
214.3	0.0003978734
214.4	0.000459582
214.5	0.00040885430000000005
214.6	0.000475464
214.7	0.00047599129999999993
214.8	0.00045931109999999993
214.9	0.0004725492
215.0	0.0004709953
215.1	0.00043727290000000003
215.2	0.0003736008
215.3	0.0004451597
215.4	0.0004826094
215.5	0.00046289890000000003
215.6	0.00038495300000000005
215.7	0.0004272358
215.8	0.0004264076999999999
215.9	0.00041051
216.0	0.00041518020000000003
216.1	0.0004302903
216.2	0.0004125666
216.3	0.00045061149999999997
216.4	0.00045481839999999993
216.5	0.0004596671
216.6	0.0004438997
216.7	0.0004088931
216.8	0.00043342889999999995
216.9	0.00044785029999999996
217.0	0.0004915101
217.1	0.00041134529999999997
217.2	0.0004263846
217.3	0.00043990950000000005
217.4	0.00040170909999999997
217.5	0.00039430939999999994
217.6	0.0003937838
217.7	0.00042253410000000005
217.8	0.0003939927
217.9	0.00040266049999999995
218.0	0.0004268258
218.1	0.0004158992
218.2	0.00045256010000000005
218.3	0.0004151417000000001
218.4	0.000499916
218.5	0.00037417320000000007
218.6	0.0004075553
218.7	0.00042495449999999996
218.8	0.00041296869999999996
218.9	0.00042577369999999997
219.0	0.0003941315
219.1	0.0004192469999999999
219.2	0.000427792
219.3	0.0004166182
219.4	0.00044376009999999995
219.5	0.00046331629999999996
219.6	0.000419611
219.7	0.0004877133
219.8	0.0004372417
219.9	0.00044727020000000006
220.0	0.00041766979999999996
220.1	0.0004121484
220.2	0.0004202302
220.3	0.00044490459999999997
220.4	0.00039793619999999995
220.5	0.00042356290000000003
220.6	0.00040385929999999995
220.7	0.00043512280000000003
220.8	0.00047721190000000004
220.9	0.00046118200000000003
221.0	0.000416395
221.1	0.0004195103
221.2	0.0004810096
221.3	0.0004150484
221.4	0.0004288671
221.5	0.0003867085
221.6	0.00045335609999999995
221.7	0.00042473010000000004
221.8	0.00045856090000000004
221.9	0.0004498462
222.0	0.00046580659999999997
222.1	0.00044912690000000003
222.2	0.0004180329
222.3	0.00041235770000000004
222.4	0.0004490191
222.5	0.00043143449999999997
222.6	0.0004605094
222.7	0.00037412649999999997
222.8	0.0004153339
222.9	0.00042996520000000005
223.0	0.0004610201
223.1	0.00047971740000000003
223.2	0.0004183198
223.3	0.00040223559999999996
223.4	0.000418281
223.5	0.00043666930000000004
223.6	0.00043301999999999994
223.7	0.00041188579999999997
223.8	0.0004019643
223.9	0.00039030419999999997
224.0	0.0004501784
224.1	0.00046674179999999996
224.2	0.00042868159999999997
224.3	0.00046930210000000003
224.4	0.000457138
224.5	0.0004276376
224.6	0.00046367939999999996
224.7	0.0004315972
224.8	0.00043501480000000006
224.9	0.0004533496
225.0	0.00043770600000000005
225.1	0.0004531325
225.2	0.00042721979999999995
225.3	0.00042979539999999993
225.4	0.00042415009999999996
225.5	0.00042633099999999995
225.6	0.00040249820000000006
225.7	0.0003715362
225.8	0.0004059008
225.9	0.0004126747
226.0	0.0003775683
226.1	0.00045186390000000003
226.2	0.00043827080000000005
226.3	0.00038687060000000003
226.4	0.0003877207
226.5	0.0004209098000000001
226.6	0.000421382
226.7	0.0004355326
226.8	0.0004101154
226.9	0.0004098448
227.0	0.00037636969999999996
227.1	0.0004053755
227.2	0.00044320380000000003
227.3	0.00044006359999999997
227.4	0.00042582069999999995
227.5	0.0004087153
227.6	0.0004204459
227.7	0.0004004031
227.8	0.00040011649999999996
227.9	0.0004310017999999999
228.0	0.00042769940000000005
228.1	0.00038985540000000007
228.2	0.00043190560000000005
228.3	0.00040409120000000005
228.4	0.0004168887
228.5	0.00040487229999999996
228.6	0.0004175767
228.7	0.0003974334
228.8	0.0004757816
228.9	0.00039246110000000007
229.0	0.0004029931
229.1	0.00043382390000000005
229.2	0.0003964979
229.3	0.00038540149999999996
229.4	0.00041020000000000005
229.5	0.00043938340000000003
229.6	0.00041498669999999997
229.7	0.00044831520000000003
229.8	0.00042031459999999996
229.9	0.0004709178
230.0	0.0003757968
230.1	0.0004396464
230.2	0.0004692478
230.3	0.0004145618
230.4	0.00043937549999999994
230.5	0.0004661858
230.6	0.0004045944
230.7	0.00044434060000000003
230.8	0.0004631614
230.9	0.00045220479999999994
231.0	0.00043361450000000003
231.1	0.00042102620000000003
231.2	0.0004054911
231.3	0.0004791225
231.4	0.0004333133
231.5	0.0003863445
231.6	0.00044605660000000006
231.7	0.00040861539999999995
231.8	0.0004077488
231.9	0.00041917800000000003
232.0	0.0004026456
232.1	0.00041582140000000006
232.2	0.0004095044
232.3	0.0004838631
232.4	0.000463672
232.5	0.00040481809999999997
232.6	0.00042721969999999997
232.7	0.0004300265
232.8	0.00040379010000000004
232.9	0.0004415488
233.0	0.0004838859
233.1	0.0003789903
233.2	0.0004471858
233.3	0.0004277229
233.4	0.0004438382
233.5	0.00046815750000000003
233.6	0.000434783
233.7	0.00047009819999999997
233.8	0.0004047482
233.9	0.0003773669
234.0	0.0004520114
234.1	0.00037828689999999996
234.2	0.0004750085
234.3	0.00048525459999999995
234.4	0.0003807613
234.5	0.00040804270000000003
234.6	0.0004310319
234.7	0.00043670089999999997
234.8	0.00042527890000000005
234.9	0.00043020449999999996
235.0	0.0004012303
235.1	0.00037598240000000005
235.2	0.0004422065
235.3	0.00044298659999999996
235.4	0.0004580966
235.5	0.0004461039
235.6	0.0004430948
235.7	0.0004160462
235.8	0.00047831800000000004
235.9	0.00039794390000000003
236.0	0.00039483530000000006
236.1	0.0004362517
236.2	0.0004374198
236.3	0.00039128569999999997
236.4	0.00040887059999999997
236.5	0.0003869484
236.6	0.00041497120000000005
236.7	0.0004320991
236.8	0.00041722190000000004
236.9	0.0004371642
237.0	0.00045972820000000003
237.1	0.0004142749
237.2	0.00036574499999999995
237.3	0.0003739407
237.4	0.0004706705
237.5	0.0004365232
237.6	0.00040859159999999997
237.7	0.0004017866
237.8	0.0003916499
237.9	0.00037334650000000005
238.0	0.00043557119999999995
238.1	0.0004888576
238.2	0.0004474487
238.3	0.0004076102
238.4	0.00042128909999999996
238.5	0.0003929245
238.6	0.00045324829999999995
238.7	0.0004997533
238.8	0.00042834869999999997
238.9	0.00042418150000000005
239.0	0.00038527700000000006
239.1	0.00039608750000000005
239.2	0.00042015179999999996
239.3	0.0004046563
239.4	0.00040820499999999997
239.5	0.00040723869999999995
239.6	0.0004500709
239.7	0.00041975780000000004
239.8	0.00045992170000000004
239.9	0.00045178689999999996
240.0	0.0004190927999999999
240.1	0.00037703380000000004
240.2	0.0004015628
240.3	0.00039875550000000005
240.4	0.0004226882
240.5	0.00040551369999999995
240.6	0.0004132467
240.7	0.00035775689999999996
240.8	0.00041105119999999997
240.9	0.00038547799999999997
241.0	0.0004018876
241.1	0.00048351519999999997
241.2	0.0004076411
241.3	0.00041423619999999997
241.4	0.00041500239999999996
241.5	0.00039073670000000006
241.6	0.00043528530000000004
241.7	0.0003961726
241.8	0.00036899999999999997
241.9	0.00041996650000000003
242.0	0.0004286509000000001
242.1	0.0004023127
242.2	0.00041502520000000003
242.3	0.0003919666
242.4	0.0004235471
242.5	0.00045028650000000005
242.6	0.0004023973
242.7	0.00043283339999999995
242.8	0.00041692
242.9	0.000436468
243.0	0.0004185053
243.1	0.00043812340000000003
243.2	0.00041620850000000006
243.3	0.00046463149999999997
243.4	0.0004434663
243.5	0.0004342727
243.6	0.0003827332
243.7	0.00041442260000000005
243.8	0.000443683
243.9	0.0004482073
244.0	0.00040351849999999996
244.1	0.000448532
244.2	0.0004175153
244.3	0.00035423089999999996
244.4	0.00042662500000000003
244.5	0.00042081000000000003
244.6	0.0004088626
244.7	0.00038455100000000007
244.8	0.00046777
244.9	0.0005034576999999999
245.0	0.00045426969999999995
245.1	0.00040736189999999995
245.2	0.00042620730000000006
245.3	0.0004234771
245.4	0.0004276684999999999
245.5	0.0004392755
245.6	0.0004494901
245.7	0.000411453
245.8	0.00038468920000000003
245.9	0.00045215070000000003
246.0	0.0004390205
246.1	0.0004521735
246.2	0.0003873571
246.3	0.00040926460000000005
246.4	0.00047293620000000004
246.5	0.00046422170000000003
246.6	0.00042616840000000007
246.7	0.000426346
246.8	0.00042756
246.9	0.0004031322
247.0	0.0003970076
247.1	0.00045974429999999993
247.2	0.0005092573
247.3	0.00042445909999999995
247.4	0.0003785804
247.5	0.00042878220000000007
247.6	0.00040618
247.7	0.00040279940000000005
247.8	0.00036565930000000005
247.9	0.0004235621
248.0	0.0004764083
248.1	0.00041344780000000006
248.2	0.0004547952
248.3	0.0003835999
248.4	0.00043579529999999994
248.5	0.0003545789
248.6	0.00039348990000000005
248.7	0.0003951135
248.8	0.00047371680000000006
248.9	0.0004480056
249.0	0.00044570129999999995
249.1	0.0004513845
249.2	0.00044098430000000005
249.3	0.00040839049999999997
249.4	0.00036686489999999993
249.5	0.00044175729999999997
249.6	0.0005034035999999999
249.7	0.0004581049
249.8	0.00045309389999999993
249.9	0.0003935291
250.0	0.0003621178
250.1	0.00038120250000000004
250.2	0.0004177164
250.3	0.0004025987
250.4	0.00043796080000000004
250.5	0.00036821099999999996
250.6	0.00041756219999999997
250.7	0.0004346121
250.8	0.00047213950000000006
250.9	0.0004800423
251.0	0.0004214826
251.1	0.0004717071
251.2	0.0004497378
251.3	0.00041464610000000005
251.4	0.0004284104
251.5	0.00045915609999999993
251.6	0.0004452918
251.7	0.00044931230000000005
251.8	0.00043158180000000006
251.9	0.00040236699999999994
252.0	0.0004202058
252.1	0.00040682880000000003
252.2	0.0004684816
252.3	0.000429702
252.4	0.00041318470000000006
252.5	0.00042320610000000006
252.6	0.000414028
252.7	0.0004195952
252.8	0.0004102004
252.9	0.0004973641
253.0	0.00042188450000000004
253.1	0.0003817123
253.2	0.000457548
253.3	0.00043562569999999994
253.4	0.0003984462
253.5	0.0003472789
253.6	0.0004216449
253.7	0.0004096041
253.8	0.00039671430000000004
253.9	0.0003689463
254.0	0.00042927620000000004
254.1	0.0004181494
254.2	0.0003653195
254.3	0.0004976418
254.4	0.0003955311999999999
254.5	0.00046620049999999996
254.6	0.0004059934
254.7	0.00040416919999999997
254.8	0.0004506967
254.9	0.0004671832
255.0	0.0003716213
255.1	0.0003995604
255.2	0.0004911932000000001
255.3	0.0003853705
255.4	0.0003952834
255.5	0.00036927860000000005
255.6	0.00042718099999999995
255.7	0.00041168499999999996
255.8	0.00042672479999999996
255.9	0.0004255419000000001
256.0	0.00036787859999999996
256.1	0.00037796180000000006
256.2	0.0003915515
256.3	0.00038723299999999996
256.4	0.0004164823
256.5	0.0004283562
256.6	0.0004413741
256.7	0.0003737125
256.8	0.0004047701
256.9	0.00042771509999999993
257.0	0.0003994858
257.1	0.000464497
257.2	0.0004006984
257.3	0.00042542089999999996
257.4	0.0005053269
257.5	0.0003782091
257.6	0.0005083786999999999
257.7	0.00045237540000000006
257.8	0.00046716959999999996
257.9	0.0003969286
258.0	0.00040838519999999995
258.1	0.000442726
258.2	0.0004030009
258.3	0.00042103229999999994
258.4	0.00046087379999999994
258.5	0.0003849305
258.6	0.00043481510000000005
258.7	0.0004129284
258.8	0.00039650349999999993
258.9	0.00041722399999999995
259.0	0.0003975003
259.1	0.00039561520000000005
259.2	0.0003985666
259.3	0.00046525380000000005
259.4	0.0004073578
259.5	0.0003969668
259.6	0.00035942820000000003
259.7	0.00044644229999999996
259.8	0.0003684438
259.9	0.00040139430000000006
260.0	0.00039414750000000003
260.1	0.0004457776
260.2	0.00042001220000000006
260.3	0.00045704929999999995
260.4	0.0004461953
260.5	0.0004349305
260.6	0.0004961486999999999
260.7	0.0004030473
260.8	0.00039274869999999997
260.9	0.0004577759
261.0	0.0004027228
261.1	0.00045035910000000004
261.2	0.0003856101
261.3	0.0003936061
261.4	0.00042445490000000003
261.5	0.0004290826
261.6	0.00048116140000000005
261.7	0.0005429740999999999
261.8	0.000456555
261.9	0.000463578
262.0	0.0004162579
262.1	0.0004443096
262.2	0.00037276249999999996
262.3	0.0004523137
262.4	0.00039119629999999995
262.5	0.00047019820000000003
262.6	0.00040525669999999996
262.7	0.0004323041
262.8	0.0003953291
262.9	0.00044579300000000005
263.0	0.0003966345
263.1	0.00038749549999999997
263.2	0.0003818483
263.3	0.0003955611
263.4	0.00047232330000000007
263.5	0.0004583554
263.6	0.0004168761
263.7	0.00038442870000000005
263.8	0.00039787140000000003
263.9	0.00046605009999999995
264.0	0.0003996713
264.1	0.0004021125
264.2	0.00039709040000000004
264.3	0.0004310836
264.4	0.0004961801
264.5	0.0003996867
264.6	0.0004944184
264.7	0.0004988455000000001
264.8	0.0003997097
264.9	0.0004536733
265.0	0.00039454930000000005
265.1	0.00046486769999999996
265.2	0.00041589479999999993
265.3	0.00041837490000000004
265.4	0.0004640257
265.5	0.00047396119999999997
265.6	0.0004055656
265.7	0.0004901383000000001
265.8	0.0004347068
265.9	0.0004171315
266.0	0.0004346605
266.1	0.00040294650000000006
266.2	0.0004681898
266.3	0.00044889920000000007
266.4	0.00040933599999999994
266.5	0.00046143759999999997
266.6	0.0003797776
266.7	0.00040582050000000005
266.8	0.00040388929999999993
266.9	0.0004549327
267.0	0.00041907009999999994
267.1	0.0005331858999999999
267.2	0.0004084245
267.3	0.00046516900000000003
267.4	0.0003823579
267.5	0.0004347993
267.6	0.0003881985
267.7	0.00045627669999999995
267.8	0.0004182666
267.9	0.00039192249999999996
268.0	0.0004255908
268.1	0.0004394968
268.2	0.0004969142000000001
268.3	0.0003802953
268.4	0.0003998794
268.5	0.0004231957
268.6	0.0004792917
268.7	0.0004421078
268.8	0.00043465269999999997
268.9	0.0004424325
269.0	0.00041614999999999995
269.1	0.00042042969999999996
269.2	0.0004304347
269.3	0.0004403389
269.4	0.0004089496
269.5	0.00044916919999999993
269.6	0.00045130150000000004
269.7	0.0004538436
269.8	0.00039142040000000004
269.9	0.0004341276
270.0	0.0004041369
270.1	0.0004241537
270.2	0.0004464342
270.3	0.00046208679999999995
270.4	0.00043248220000000005
270.5	0.00037977730000000003
270.6	0.00042617770000000004
270.7	0.0004388479
270.8	0.00045052870000000003
270.9	0.00045021239999999994
271.0	0.0004436456
271.1	0.000392703
271.2	0.00043265960000000005
271.3	0.0004695263
271.4	0.00043910270000000005
271.5	0.0004857116
271.6	0.0004415827
271.7	0.0005573362
271.8	0.0004414903
271.9	0.00041512990000000007
272.0	0.00044458799999999994
272.1	0.000435827
272.2	0.0004233032
272.3	0.0004549248
272.4	0.0004110891
272.5	0.0004370476
272.6	0.00045195850000000003
272.7	0.00044449530000000004
272.8	0.00040167959999999993
272.9	0.0004352479
273.0	0.00038292219999999996
273.1	0.000456733
273.2	0.00042556709999999994
273.3	0.0004766416
273.4	0.00046176999999999996
273.5	0.0004189618
273.6	0.00043990660000000004
273.7	0.0004265949
273.8	0.00041796529999999995
273.9	0.000448536
274.0	0.00037163450000000003
274.1	0.00041998210000000004
274.2	0.00043669259999999996
274.3	0.00040646990000000005
274.4	0.0004673942
274.5	0.0004177414
274.6	0.00044639599999999995
274.7	0.0003836246
274.8	0.00039701330000000004
274.9	0.00044173740000000007
275.0	0.00044159810000000006
275.1	0.00040249879999999994
275.2	0.00039884429999999997
275.3	0.00047868860000000005
275.4	0.0004615535
275.5	0.0004293841
275.6	0.0004297857
275.7	0.00036648169999999996
275.8	0.0005281099
275.9	0.00042988639999999996
276.0	0.0003794683
276.1	0.00040280750000000004
276.2	0.000417502
276.3	0.0004062689
276.4	0.00042891219999999995
276.5	0.00041401729999999997
276.6	0.00041808899999999996
276.7	0.00043123769999999997
276.8	0.000337217
276.9	0.00039486590000000003
277.0	0.00042562139999999997
277.1	0.000426216
277.2	0.00042650220000000006
277.3	0.0004007757
277.4	0.0004938156999999999
277.5	0.0004206462
277.6	0.00047137320000000004
277.7	0.00040318630000000003
277.8	0.0003872557
277.9	0.00046522349999999997
278.0	0.00038685410000000004
278.1	0.000407211
278.2	0.0005267658000000001
278.3	0.00042521199999999995
278.4	0.00038671500000000004
278.5	0.00039981820000000004
278.6	0.00039522870000000004
278.7	0.00040329410000000004
278.8	0.0004751814
278.9	0.00044011490000000006
279.0	0.0004175556
279.1	0.00038486140000000004
279.2	0.00042166619999999997
279.3	0.0004686844
279.4	0.0004236595
279.5	0.0004115069
279.6	0.00044802610000000006
279.7	0.00036252640000000003
279.8	0.00044044740000000003
279.9	0.00044248689999999995
280.0	0.000438199
280.1	0.0003914355
280.2	0.00041258859999999996
280.3	0.0004232421
280.4	0.0003960241
280.5	0.0004263939
280.6	0.00042645599999999997
280.7	0.0004550562
280.8	0.00036224030000000005
280.9	0.0004173164
281.0	0.00039950890000000006
281.1	0.0004885085
281.2	0.00041525409999999997
281.3	0.0004540598
281.4	0.0005001894
281.5	0.00045980749999999996
281.6	0.00043512410000000004
281.7	0.0004278234
281.8	0.00044692880000000003
281.9	0.00040282269999999997
282.0	0.0005107661
282.1	0.00043878600000000004
282.2	0.00039481149999999997
282.3	0.0004372565000000001
282.4	0.0004758611
282.5	0.00043231169999999997
282.6	0.00046484509999999995
282.7	0.00039645710000000005
282.8	0.0004612755
282.9	0.00040248350000000004
283.0	0.0004082389
283.1	0.0004184209
283.2	0.0004356801
283.3	0.00048626790000000006
283.4	0.00038847659999999995
283.5	0.00043775069999999996
283.6	0.00042607710000000005
283.7	0.0004932596
283.8	0.00038154690000000006
283.9	0.0004750269
284.0	0.00043530170000000005
284.1	0.00044638850000000004
284.2	0.0004798016
284.3	0.00047438600000000004
284.4	0.0004946578
284.5	0.00048630669999999996
284.6	0.0003755361
284.7	0.00040071400000000004
284.8	0.00044259470000000006
284.9	0.0004284104
285.0	0.00044392379999999993
285.1	0.0004567174
285.2	0.0004266487
285.3	0.00042403000000000004
285.4	0.00046775720000000003
285.5	0.00045757469999999995
285.6	0.0004352165
285.7	0.00038632890000000005
285.8	0.0004813697
285.9	0.00039946249999999996
286.0	0.00038991339999999995
286.1	0.00036990419999999996
286.2	0.00045689490000000004
286.3	0.0005034035
286.4	0.0004667761
286.5	0.0004545853
286.6	0.00044352169999999997
286.7	0.00043228080000000006
286.8	0.00038013259999999997
286.9	0.0004672089
287.0	0.000380303
287.1	0.0004408022
287.2	0.000439134
287.3	0.000402808
287.4	0.000384745
287.5	0.0003993312
287.6	0.0003952211
287.7	0.00041682240000000004
287.8	0.00042181290000000007
287.9	0.00041638160000000005
288.0	0.00046319160000000005
288.1	0.00041531569999999994
288.2	0.0004132295
288.3	0.00040161780000000006
288.4	0.0004043066
288.5	0.00045176520000000004
288.6	0.0004792917
288.7	0.00041744789999999997
288.8	0.0004187228
288.9	0.0003971523
289.0	0.000417015
289.1	0.00041440389999999996
289.2	0.0004063693
289.3	0.0004455998
289.4	0.00044154379999999997
289.5	0.0004099766
289.6	0.00047970900000000004
289.7	0.00039423990000000004
289.8	0.0004387475
289.9	0.00045799219999999996
290.0	0.0004036885
290.1	0.0005325058
290.2	0.0003997022
290.3	0.0003714879000000001
290.4	0.0005027624
290.5	0.00040759769999999996
290.6	0.0003598073
290.7	0.0003864681
290.8	0.00038925670000000006
290.9	0.00042784610000000004
291.0	0.00044306590000000006
291.1	0.0004159571
291.2	0.00042165080000000003
291.3	0.0004206155
291.4	0.0005102792
291.5	0.0004095983
291.6	0.0004461953
291.7	0.0004069718
291.8	0.0004463342
291.9	0.000453055
292.0	0.0004118082
292.1	0.0004810222
292.2	0.00043106059999999997
292.3	0.0004136932
292.4	0.0004453064
292.5	0.00042238440000000007
292.6	0.00040117
292.7	0.00044579329999999993
292.8	0.00042148820000000004
292.9	0.00043002530000000005
293.0	0.00044951729999999997
293.1	0.0004628131
293.2	0.00040990729999999993
293.3	0.0003649746999999999
293.4	0.00038568
293.5	0.0005250042
293.6	0.0004066317
293.7	0.00041479770000000003
293.8	0.0003989913
293.9	0.0004092584
294.0	0.00048721809999999996
294.1	0.00040641529999999997
294.2	0.0004029777
294.3	0.0004080228
294.4	0.0004349
294.5	0.00036505190000000006
294.6	0.00045734309999999995
294.7	0.0003609119
294.8	0.0004330074
294.9	0.00043430499999999996
295.0	0.0004695186
295.1	0.0003727317
295.2	0.00042123329999999996
295.3	0.0005485904
295.4	0.0004381058
295.5	0.00044941670000000003
295.6	0.00045125540000000004
295.7	0.00037586840000000004
295.8	0.0004506216
295.9	0.00036977310000000003
296.0	0.0005114381
296.1	0.0003474537
296.2	0.00046798889999999995
296.3	0.0004197966
296.4	0.0004345064
296.5	0.0004736056
296.6	0.0003669992
296.7	0.0004387167
296.8	0.00042871170000000004
296.9	0.0004289358
297.0	0.0004505908
297.1	0.0004975241999999999
297.2	0.0004408332
297.3	0.0004390022
297.4	0.0004520742
297.5	0.00045932850000000007
297.6	0.0004306123
297.7	0.0004029702
297.8	0.00040364190000000003
297.9	0.00043798249999999996
298.0	0.000416196
298.1	0.00043992930000000003
298.2	0.0004807208
298.3	0.00039742259999999996
298.4	0.00042431610000000003
298.5	0.0003655468
298.6	0.0004115915
298.7	0.0003880979
298.8	0.000457397
298.9	0.00039717580000000005
299.0	0.00038854589999999994
299.1	0.0004452059
299.2	0.00043357140000000003
299.3	0.00046150689999999996
299.4	0.000393398
299.5	0.00035888
299.6	0.000468391
299.7	0.00044152089999999997
299.8	0.0003945567
299.9	0.00046387109999999996
300.0	0.0004040517
300.1	0.00044766280000000004
300.2	0.0004181433
300.3	0.00040850150000000003
300.4	0.00040425290000000005
300.5	0.000425869
300.6	0.00048220420000000003
300.7	0.0004278854
300.8	0.0004580846
300.9	0.0003642797
301.0	0.00048167889999999996
301.1	0.0005342516
301.2	0.0004960950999999999
301.3	0.0004724004
301.4	0.00041026300000000007
301.5	0.00041830550000000006
301.6	0.00041173090000000005
301.7	0.0005193954
301.8	0.00044860510000000007
301.9	0.00044138190000000006
302.0	0.0003954761
302.1	0.0004270043
302.2	0.00048976
302.3	0.00045211249999999996
302.4	0.000411545
302.5	0.0005357815999999999
302.6	0.0004077755
302.7	0.00043297640000000004
302.8	0.00041729329999999994
302.9	0.00044699839999999997
303.0	0.0005029634
303.1	0.0004571499
303.2	0.00044899140000000007
303.3	0.00045704979999999996
303.4	0.00046276659999999997
303.5	0.0004093976
303.6	0.0003815235
303.7	0.0004297552
303.8	0.00038143869999999997
303.9	0.0003969436
304.0	0.0004492002
304.1	0.00046199389999999993
304.2	0.00046666789999999996
304.3	0.0004272827
304.4	0.00036862179999999997
304.5	0.00042496499999999997
304.6	0.00039441739999999996
304.7	0.0004805896
304.8	0.0003960015
304.9	0.00044558470000000003
305.0	0.00038324609999999994
305.1	0.000411167
305.2	0.000457181
305.3	0.000485889
305.4	0.00038425109999999993
305.5	0.0004518499
305.6	0.0004204612
305.7	0.00043939600000000005
305.8	0.00045089979999999994
305.9	0.00047723669999999994
306.0	0.00043880190000000004
306.1	0.00040896519999999997
306.2	0.0004166288
306.3	0.000526735
306.4	0.0004898373
306.5	0.000449625
306.6	0.0004038045
306.7	0.0004240376
306.8	0.0004839192
306.9	0.0004571575
307.0	0.00043797480000000005
307.1	0.0004011155
307.2	0.00044488119999999996
307.3	0.00046073439999999994
307.4	0.0003942014
307.5	0.00041378579999999996
307.6	0.0004260542
307.7	0.00040877960000000005
307.8	0.00038493059999999995
307.9	0.0004090111
308.0	0.000406014
308.1	0.00046297520000000003
308.2	0.00042999399999999995
308.3	0.00040426789999999997
308.4	0.00044100300000000003
308.5	0.00044991070000000006
308.6	0.0005040211
308.7	0.00043798260000000005
308.8	0.00043917969999999996
308.9	0.00035170269999999993
309.0	0.00039727579999999994
309.1	0.00048220459999999995
309.2	0.0004237522
309.3	0.0004550948
309.4	0.0005018579000000001
309.5	0.0004341813
309.6	0.000430937
309.7	0.0004916526
309.8	0.0004309522
309.9	0.0004566712
310.0	0.0004101857
310.1	0.00035620639999999994
310.2	0.0004062382
310.3	0.0004807211
310.4	0.00038935729999999995
310.5	0.0004564935
310.6	0.0004412272999999999
310.7	0.00043013329999999996
310.8	0.00040973729999999996
310.9	0.0003988906
311.0	0.0004415133
311.1	0.00046029430000000003
311.2	0.0004111287
311.3	0.0004253437
311.4	0.0003858655999999999
311.5	0.0004256676
311.6	0.00045877239999999995
311.7	0.00047214580000000004
311.8	0.0004230026
311.9	0.0004158252
312.0	0.00040333289999999993
312.1	0.00038667629999999996
312.2	0.0004066628
312.3	0.00040762839999999997
312.4	0.0003972765
312.5	0.00039728390000000005
312.6	0.00040035839999999994
312.7	0.00038521620000000003
312.8	0.00038146189999999997
312.9	0.00043546380000000003
313.0	0.00044104960000000004
313.1	0.0003979637
313.2	0.0004218438
313.3	0.000454052
313.4	0.00035432139999999997
313.5	0.00042667239999999993
313.6	0.0004245785
313.7	0.0004019192999999999
313.8	0.00040803050000000004
313.9	0.0004265641
314.0	0.00041544680000000004
314.1	0.0004654395
314.2	0.0004039896
314.3	0.00047725220000000007
314.4	0.0003568014
314.5	0.00041340709999999995
314.6	0.00041854479999999997
314.7	0.00039009900000000003
314.8	0.00039667369999999997
314.9	0.0004272746
315.0	0.0004483504
315.1	0.00039149759999999997
315.2	0.0004337489
315.3	0.00043129970000000003
315.4	0.00048334779999999997
315.5	0.000460271
315.6	0.000462898
315.7	0.0005092592
315.8	0.0004902467
315.9	0.00044346780000000007
316.0	0.0004897369
316.1	0.00045269219999999994
316.2	0.00043525550000000007
316.3	0.0004021894
316.4	0.00046346930000000004
316.5	0.000440161
316.6	0.0003809052
316.7	0.0003841268
316.8	0.0004318403
316.9	0.0004427725
317.0	0.0004083007
317.1	0.00046588760000000005
317.2	0.00040885709999999997
317.3	0.0003934439
317.4	0.00036692969999999996
317.5	0.0004704613
317.6	0.0004351084
317.7	0.00043075149999999995
317.8	0.0004530088
317.9	0.0004377664999999999
318.0	0.0003587098
318.1	0.00045755959999999995
318.2	0.0003917291
318.3	0.00038112179999999995
318.4	0.00045173430000000007
318.5	0.0003833081
318.6	0.00044742340000000004
318.7	0.0005014256
318.8	0.00045185809999999995
318.9	0.00044361420000000007
319.0	0.0004416909
319.1	0.0004781093
319.2	0.00048274529999999997
319.3	0.0004397592
319.4	0.00039615600000000005
319.5	0.0004531095
319.6	0.0004538897
319.7	0.00044458789999999996
319.8	0.00043422
319.9	0.00048139319999999995
320.0	0.0004097449
320.1	0.0004231804
320.2	0.00040201960000000003
320.3	0.00043422759999999996
320.4	0.00045975350000000004
320.5	0.0003837867000000001
320.6	0.00037059189999999996
320.7	0.00040130129999999995
320.8	0.0003625568
320.9	0.0005029783
321.0	0.0004240223
321.1	0.0004889563999999999
321.2	0.00048121489999999997
321.3	0.0003991227
321.4	0.0004453062
321.5	0.00039948550000000005
321.6	0.0005049793
321.7	0.00044081800000000005
321.8	0.00042211369999999997
321.9	0.0004303651
322.0	0.00042306430000000006
322.1	0.0004120089
322.2	0.0004072344
322.3	0.00042946149999999997
322.4	0.0005012402000000001
322.5	0.0004192096
322.6	0.00040293090000000006
322.7	0.0003960167
322.8	0.0004217047
322.9	0.0003703137
323.0	0.00035127750000000005
323.1	0.00043245899999999995
323.2	0.00042661820000000004
323.3	0.0004229485
323.4	0.0004825981
323.5	0.0004444567
323.6	0.00040878750000000004
323.7	0.00032117059999999995
323.8	0.00038463699999999996
323.9	0.000362171
324.0	0.00025930349999999996
324.1	0.0003047693999999999
324.2	0.00024694219999999995
324.3	0.0003382369000000001
324.4	0.0003539583
324.5	0.0003585162
324.6	0.0005118550999999999
324.7	0.00039885220000000006
324.8	0.0003988908
324.9	0.00038965829999999997
325.0	0.00044658879999999993
325.1	0.0004159722
325.2	0.00039167529999999996
325.3	0.00045286209999999993
325.4	0.00043298420000000004
325.5	0.00042697369999999995
325.6	0.0004670003
325.7	0.00045185830000000007
325.8	0.0003969902
325.9	0.00041148369999999994
326.0	0.0003919914
326.1	0.0003925712
326.2	0.00044512109999999996
326.3	0.00037392169999999995
326.4	0.00037553570000000005
326.5	0.00040905
326.6	0.00043543330000000004
326.7	0.00039406200000000004
326.8	0.00044708309999999995
326.9	0.00048554180000000003
327.0	0.00044373080000000004
327.1	0.0004146511
327.2	0.0003752037
327.3	0.0003639784
327.4	0.00039118830000000004
327.5	0.00036747839999999994
327.6	0.00046523079999999996
327.7	0.0004423939999999999
327.8	0.000459406
327.9	0.0004279391
328.0	0.0004300328
328.1	0.0004111047
328.2	0.0003850388
328.3	0.00039076329999999997
328.4	0.0003927956
328.5	0.0003997481
328.6	0.0003759609
328.7	0.0004137858
328.8	0.0004443562
328.9	0.00037264670000000005
329.0	0.00034660359999999995
329.1	0.00045517990000000004
329.2	0.00042699649999999997
329.3	0.0003742382
329.4	0.0003689537
329.5	0.0004063696
329.6	0.0003539894
329.7	0.0003243616
329.8	0.0002682267
329.9	0.00021991030000000002
330.0	0.00026587060000000007
330.1	0.00020713989999999994
330.2	0.00018239500000000002
330.3	0.00016816440000000008
330.4	0.00017867080000000008
330.5	0.00015544789999999995
330.6	0.00021942429999999996
330.7	0.0003378814
330.8	0.0003962485
330.9	0.00045540390000000004
331.0	0.00042575279999999995
331.1	0.0004444259
331.2	0.00040226670000000005
331.3	0.0004902314
331.4	0.00039728429999999997
331.5	0.0004097067
331.6	0.00040323260000000005
331.7	0.00043542550000000003
331.8	0.0004992468999999999
331.9	0.00036229420000000005
332.0	0.000409475
332.1	0.0003756131
332.2	0.0004719833
332.3	0.0003935833
332.4	0.0004522751
332.5	0.00043568790000000007
332.6	0.0003867536
332.7	0.0004397827
332.8	0.00047136529999999995
332.9	0.0004543762
333.0	0.00043636780000000006
333.1	0.0004665366
333.2	0.00043116820000000007
333.3	0.00041896969999999996
333.4	0.00042962370000000004
333.5	0.00042760700000000004
333.6	0.0004390253
333.7	0.0003364595
333.8	0.0004232571
333.9	0.00040451519999999995
334.0	0.0003733963
334.1	0.00042703539999999995
334.2	0.0004197657
334.3	0.0004504981
334.4	0.00044986440000000004
334.5	0.00042188999999999996
334.6	0.0004071186
334.7	0.00043721719999999996
334.8	0.00043826830000000006
334.9	0.0003816625
335.0	0.0004562848
335.1	0.00048268290000000005
335.2	0.00044479669999999993
335.3	0.00040433749999999996
335.4	0.0004593983
335.5	0.00041516910000000004
335.6	0.00040276900000000003
335.7	0.00039319719999999993
335.8	0.00043273689999999995
335.9	0.00031903050000000005
336.0	0.0002802477999999999
336.1	0.0003459238
336.2	0.00022423690000000003
336.3	0.00023269700000000003
336.4	0.0003430111999999999
336.5	0.0004521827
336.6	0.0003856721
336.7	0.0003642022
336.8	0.0003952747
336.9	0.0004472691
337.0	0.0003504899
337.1	0.00041667549999999993
337.2	0.00042814810000000003
337.3	0.000524278
337.4	0.00041410249999999997
337.5	0.00040503260000000004
337.6	0.00042258560000000005
337.7	0.00038584249999999996
337.8	0.00040331760000000003
337.9	0.0005105499
338.0	0.0004605648
338.1	0.0004219907
338.2	0.0003938458
338.3	0.00041929449999999997
338.4	0.0004883459
338.5	0.0004813008
338.6	0.00047500380000000005
338.7	0.0004268729
338.8	0.00043786670000000005
338.9	0.0004113059
339.0	0.00036096570000000006
339.1	0.0003778689
339.2	0.00041923190000000003
339.3	0.0004114141
339.4	0.0004031088
339.5	0.00045172680000000006
339.6	0.00042296399999999996
339.7	0.0004193256
339.8	0.00042749099999999995
339.9	0.0004301718
340.0	0.0003735043
340.1	0.000416822
340.2	0.0004229946
340.3	0.0004028925
340.4	0.0004302724
340.5	0.0004070567
340.6	0.0004927733000000001
340.7	0.00044111129999999994
340.8	0.0004508768
340.9	0.00047326580000000006
341.0	0.0004095364
341.1	0.0004396896
341.2	0.0004689625
341.3	0.00039563819999999993
341.4	0.00048223529999999996
341.5	0.00048410470000000003
341.6	0.00048799059999999993
341.7	0.00044464980000000003
341.8	0.00041578639999999994
341.9	0.0004747333
342.0	0.00048001
342.1	0.00039708350000000007
342.2	0.00036989649999999994
342.3	0.0004753517
342.4	0.00028723950000000007
342.5	0.0004290284
342.6	0.00039042349999999994
342.7	0.0004619551
342.8	0.0003964495
342.9	0.0004285034
343.0	0.0004142878
343.1	0.0005281948
343.2	0.0003646427
343.3	0.0004059984
343.4	0.00045057560000000003
343.5	0.0004916292
343.6	0.0004452523
343.7	0.0004026996
343.8	0.00041003109999999997
343.9	0.00041789599999999996
344.0	0.0004284338
344.1	0.0004946041
344.2	0.00039206859999999996
344.3	0.0005164828
344.4	0.0004749037
344.5	0.0004127658
344.6	0.0004298473
344.7	0.0004653543
344.8	0.0004974546
344.9	0.00038387969999999997
345.0	0.0004248489
345.1	0.00034167440000000006
345.2	0.00040371949999999993
345.3	0.0003898521
345.4	0.00042165020000000004
345.5	0.00040108479999999996
345.6	0.0004968211
345.7	0.0004133452
345.8	0.00041090410000000006
345.9	0.0004958014000000001
346.0	0.00046181600000000004
346.1	0.0004330074
346.2	0.0004024366
346.3	0.0003989373
346.4	0.00044780209999999995
346.5	0.00042959240000000004
346.6	0.000474625
346.7	0.00041227960000000003
346.8	0.00036800379999999994
346.9	0.00041470509999999995
347.0	0.0003729867
347.1	0.00038109829999999996
347.2	0.000438253
347.3	0.00039426319999999996
347.4	0.0004634618
347.5	0.00045052149999999996
347.6	0.0004950909
347.7	0.00044882930000000003
347.8	0.00040979929999999996
347.9	0.00047423150000000004
348.0	0.0004195102
348.1	0.00042211409999999994
348.2	0.00041979640000000003
348.3	0.0004655168
348.4	0.0004670622
348.5	0.00035049729999999996
348.6	0.00036217050000000005
348.7	0.0003446492
348.8	0.00041711520000000003
348.9	0.00040650829999999997
349.0	0.00044975690000000003
349.1	0.00044858229999999994
349.2	0.00045721130000000006
349.3	0.0004646281
349.4	0.00047199840000000003
349.5	0.0004560063
349.6	0.00044011479999999997
349.7	0.00042096289999999997
349.8	0.00041607250000000003
349.9	0.0004344132
