0.0	0.00040537950000000004
0.1	0.0003429354000000001
0.2	0.0003695008999999999
0.3	0.0003710527
0.4	0.00034343510000000004
0.5	0.0003249138000000001
0.6	0.00032790999999999994
0.7	0.0003209972
0.8	0.0003306251
0.9	0.0003030547999999999
1.0	0.00033546939999999994
1.1	0.00040708869999999997
1.2	0.0003358518
1.3	0.00036834620000000004
1.4	0.00038521280000000007
1.5	0.0003437630000000001
1.6	0.00034863160000000006
1.7	0.00036379009999999994
1.8	0.00044330430000000004
1.9	0.00038511960000000005
2.0	0.00036480379999999997
2.1	0.0003264428000000001
2.2	0.00034231190000000007
2.3	0.0003878575
2.4	0.0003554656
2.5	0.00041784740000000003
2.6	0.0004304391
2.7	0.0003576574000000001
2.8	0.00038506509999999995
2.9	0.00041251119999999997
3.0	0.00037529810000000007
3.1	0.0004080016
3.2	0.0004186349
3.3	0.0004059418
3.4	0.00041467250000000005
3.5	0.00037262179999999996
3.6	0.0003795797
3.7	0.0004507469
3.8	0.0003980081
3.9	0.0003913761
4.0	0.00037194249999999995
4.1	0.000410303
4.2	0.0003543578000000001
4.3	0.0003915086
4.4	0.00036960240000000004
4.5	0.0003826621
4.6	0.000378293
4.7	0.00041356380000000004
4.8	0.0004267489
4.9	0.00038869199999999994
5.0	0.0004580955
5.1	0.00041992289999999996
5.2	0.0003860165
5.3	0.00037862
5.4	0.0004186893
5.5	0.00040852419999999997
5.6	0.0003950586
5.7	0.00042363540000000003
5.8	0.00041051360000000003
5.9	0.00044163430000000004
6.0	0.0003827628
6.1	0.00042135849999999994
6.2	0.00037338500000000006
6.3	0.0004042095
6.4	0.00047072710000000003
6.5	0.00043389440000000007
6.6	0.0004055904000000001
6.7	0.00045247059999999994
6.8	0.0003816007
6.9	0.0004414855
7.0	0.0004486794
7.1	0.0004615207
7.2	0.00038512729999999997
7.3	0.00040534109999999996
7.4	0.0004196179
7.5	0.00046567859999999996
7.6	0.0004007385
7.7	0.00042632780000000006
7.8	0.00041508500000000004
7.9	0.0003914231
8.0	0.00045538039999999994
8.1	0.00037929219999999995
8.2	0.00042010990000000003
8.3	0.00041339249999999996
8.4	0.00041325979999999997
8.5	0.00040730739999999996
8.6	0.0004279506
8.7	0.00046749669999999994
8.8	0.00046030320000000003
8.9	0.00040779870000000004
9.0	0.0004808689
9.1	0.0004010896
9.2	0.0004188456
9.3	0.0004486478
9.4	0.0004303066
9.5	0.00043161670000000003
9.6	0.0003985458
9.7	0.00040784519999999996
9.8	0.00040193980000000003
9.9	0.0004708284
10.0	0.0004082509
10.1	0.00043313799999999996
10.2	0.00038111709999999997
10.3	0.0003907914
10.4	0.0004662096
10.5	0.00042281680000000007
10.6	0.00041966430000000003
10.7	0.00043863889999999997
10.8	0.0003939276
10.9	0.0004227851
11.0	0.0003813595
11.1	0.0004321081
11.2	0.00043450309999999996
11.3	0.00048212490000000004
11.4	0.0004050367000000001
11.5	0.0004203902
11.6	0.00047134239999999995
11.7	0.00039924
11.8	0.00039491050000000006
11.9	0.00040553599999999996
12.0	0.00045973359999999997
12.1	0.00037865189999999996
12.2	0.0004602722
12.3	0.0004194153
12.4	0.0004575496
12.5	0.0004173241
12.6	0.0004328583
12.7	0.00042965089999999994
12.8	0.000490168
12.9	0.0004308992
13.0	0.0004515034
13.1	0.0003836844
13.2	0.000484177
13.3	0.0004541014
13.4	0.00037447829999999997
13.5	0.00039214900000000006
13.6	0.00042898819999999995
13.7	0.00044610480000000007
13.8	0.00039272520000000003
13.9	0.00045518599999999995
14.0	0.0004210614
14.1	0.00042140490000000004
14.2	0.00039270999999999994
14.3	0.00042382339999999996
14.4	0.00047374589999999995
14.5	0.0003943331
14.6	0.0004291826999999999
14.7	0.0004281139
14.8	0.0004144926
14.9	0.0004337157
15.0	0.0004946615
15.1	0.00042255129999999995
15.2	0.0004245716
15.3	0.0004512848
15.4	0.0003946136
15.5	0.00043900540000000004
15.6	0.00042995550000000005
15.7	0.00047367510000000004
15.8	0.00043695269999999997
15.9	0.0004347925
16.0	0.00043419929999999996
16.1	0.0003919691
16.2	0.00040909310000000006
16.3	0.00042196640000000005
16.4	0.00042895689999999996
16.5	0.0003865703
16.6	0.0004745654
16.7	0.0003841749
16.8	0.00042848820000000005
16.9	0.00044703289999999997
17.0	0.0004103651
17.1	0.0004174494
17.2	0.00038030569999999997
17.3	0.00041247960000000003
17.4	0.00040679230000000005
17.5	0.0004512147
17.6	0.00042426780000000004
17.7	0.0004081414
17.8	0.00044343599999999996
17.9	0.00041219119999999997
18.0	0.0004257896
18.1	0.00036836879999999994
18.2	0.000444084
18.3	0.0004012926
18.4	0.0004189315
18.5	0.000380243
18.6	0.0004243613
18.7	0.0003330277000000001
18.8	0.0003846039
18.9	0.0003734952
19.0	0.00038742059999999996
19.1	0.00038773270000000003
19.2	0.0004048577
19.3	0.0004404643
19.4	0.00043656340000000003
19.5	0.000452541
19.6	0.0003804848
19.7	0.0004004956
19.8	0.0004071747
19.9	0.0004206006
20.0	0.0004660068
20.1	0.00040063710000000005
20.2	0.00034044749999999997
20.3	0.000435378
20.4	0.0003977736
20.5	0.00041047440000000006
20.6	0.00037653749999999993
20.7	0.00043033719999999994
20.8	0.00040659689999999994
20.9	0.00038123370000000005
21.0	0.0004491316
21.1	0.00042199729999999996
21.2	0.0004248289
21.3	0.00047442480000000004
21.4	0.00037292570000000005
21.5	0.0003572831
21.6	0.00040409310000000004
21.7	0.00042165409999999996
21.8	0.000414079
21.9	0.00048508940000000005
22.0	0.0003584765999999999
22.1	0.0003523762
22.2	0.000412581
22.3	0.0003957992
22.4	0.00040252500000000004
22.5	0.00039620540000000003
22.6	0.00036184719999999995
22.7	0.00038250600000000007
22.8	0.000426234
22.9	0.00041414939999999997
23.0	0.00038536829999999997
23.1	0.0004268039
23.2	0.0004039294
23.3	0.0003454409
23.4	0.0004024546
23.5	0.00046048280000000007
23.6	0.0004333335
23.7	0.00040538000000000005
23.8	0.000404943
23.9	0.00037667010000000004
24.0	0.0003781131
24.1	0.00037507109999999997
24.2	0.00036430530000000004
24.3	0.00044250840000000007
24.4	0.00038928550000000007
24.5	0.00039781300000000006
24.6	0.0003865472
24.7	0.00043344240000000006
24.8	0.0004169654
24.9	0.00042789530000000007
25.0	0.0004004022
25.1	0.00034131319999999995
25.2	0.0004075644
25.3	0.00039294400000000005
25.4	0.0003937249
25.5	0.000405856
25.6	0.0004551002
25.7	0.00038085979999999994
25.8	0.00042443959999999997
25.9	0.00037862849999999995
26.0	0.0004285744
26.1	0.00039474580000000006
26.2	0.0004036094
26.3	0.00038406620000000003
26.4	0.00040683179999999997
26.5	0.00039349850000000005
26.6	0.00042704509999999995
26.7	0.00041982079999999995
26.8	0.00039629910000000006
26.9	0.0003882632
27.0	0.0004019477
27.1	0.00042877749999999993
27.2	0.0003801888
27.3	0.00044052630000000005
27.4	0.0003849317
27.5	0.00040424110000000004
27.6	0.00036861109999999995
27.7	0.00042365139999999996
27.8	0.00041966510000000004
27.9	0.0004064255
28.0	0.00036914919999999995
28.1	0.0003774972
28.2	0.0004565278
28.3	0.00042603890000000004
28.4	0.00043944209999999994
28.5	0.000347126
28.6	0.0004308214
28.7	0.0004138053
28.8	0.0004048814
28.9	0.0003769431
29.0	0.00039897570000000006
29.1	0.00041535100000000006
29.2	0.0004284657
29.3	0.00035488009999999994
29.4	0.0004209681
29.5	0.00043103200000000003
29.6	0.00040893000000000006
29.7	0.0003581409
29.8	0.0004399722000000001
29.9	0.0003815456
30.0	0.0003863601
30.1	0.00039034670000000004
30.2	0.00035183020000000004
30.3	0.0003900578
30.4	0.0003230097
30.5	0.00036701219999999996
30.6	0.00036020169999999996
30.7	0.00040335960000000004
30.8	0.0004182766
30.9	0.000426632
31.0	0.00042430700000000007
31.1	0.0003745638
31.2	0.0004283564
31.3	0.00041296400000000004
31.4	0.0003978985999999999
31.5	0.0004037179
31.6	0.00039933410000000003
31.7	0.00039347510000000004
31.8	0.00039674350000000003
31.9	0.00045925010000000006
32.0	0.0003962526
32.1	0.0004058485
32.2	0.0004059184
32.3	0.0003897142
32.4	0.0003707018
32.5	0.0003986245
32.6	0.00041490609999999997
32.7	0.0003908531
32.8	0.0004002386
32.9	0.0004200624
33.0	0.0003660522
33.1	0.00042404110000000004
33.2	0.000427381
33.3	0.00041389940000000004
33.4	0.0004353148
33.5	0.0004673408
33.6	0.000393662
33.7	0.0003980078
33.8	0.000378605
33.9	0.000409937
34.0	0.00045018509999999995
34.1	0.0004076349
34.2	0.00041432119999999995
34.3	0.00037134190000000006
34.4	0.0004367506
34.5	0.00044229
34.6	0.000356612
34.7	0.00043345760000000004
34.8	0.00037747379999999997
34.9	0.00042144329999999996
35.0	0.0003907673
35.1	0.0003860007
35.2	0.0004220051
35.3	0.00041332969999999995
35.4	0.00038174929999999996
35.5	0.00042670949999999995
35.6	0.00041870539999999993
35.7	0.0003575635
35.8	0.00037797220000000003
35.9	0.0003704294
36.0	0.00046870590000000007
36.1	0.0003857278
36.2	0.0003987413
36.3	0.00035484960000000006
36.4	0.00037017889999999996
36.5	0.0003950827
36.6	0.0003933345
36.7	0.00041996130000000005
36.8	0.0004142117
36.9	0.00039520660000000004
37.0	0.00048744529999999997
37.1	0.00039001119999999996
37.2	0.0003785892
37.3	0.00041200320000000005
37.4	0.00037683380000000003
37.5	0.00037961930000000003
37.6	0.0003980862
37.7	0.00047828640000000005
37.8	0.0004075409
37.9	0.00036940730000000003
38.0	0.000480135
38.1	0.00047760749999999996
38.2	0.0003927489
38.3	0.0003763502
38.4	0.00038035250000000004
38.5	0.0003781523
38.6	0.00044622190000000004
38.7	0.00037749659999999994
38.8	0.0004146723
38.9	0.000404054
39.0	0.00034216400000000005
39.1	0.0004306968
39.2	0.00040184589999999994
39.3	0.0003891919
39.4	0.00038628930000000005
39.5	0.0004284423
39.6	0.00042266039999999997
39.7	0.00035509120000000005
39.8	0.00040241530000000004
39.9	0.00038756139999999994
40.0	0.0004199531
40.1	0.0003578215
40.2	0.0003507531
40.3	0.0003785345
40.4	0.00037993169999999993
40.5	0.0004888030000000001
40.6	0.00040262580000000004
40.7	0.00044725859999999995
40.8	0.0004242285
40.9	0.00037804259999999997
41.0	0.0003957997
41.1	0.00043000190000000004
41.2	0.0003928666
41.3	0.0004322797
41.4	0.0004207257
41.5	0.00037227839999999995
41.6	0.0004341917
41.7	0.0003947626
41.8	0.00039133740000000004
41.9	0.00038284920000000006
42.0	0.0004067536
42.1	0.0004299244
42.2	0.0003956128
42.3	0.0004173091
42.4	0.00039477029999999996
42.5	0.00038146069999999994
42.6	0.00042334769999999994
42.7	0.0004120501
42.8	0.0003916498
42.9	0.0004349483
43.0	0.00040669089999999995
43.1	0.0004381462
43.2	0.0003282920999999999
43.3	0.0003635788999999999
43.4	0.0003891523
43.5	0.00039838939999999994
43.6	0.0003385279
43.7	0.00041396179999999996
43.8	0.00038568090000000004
43.9	0.00040089449999999995
44.0	0.00041719119999999993
44.1	0.00040407010000000006
44.2	0.0004037652
44.3	0.00036207380000000003
44.4	0.00040156510000000003
44.5	0.00036549030000000005
44.6	0.000444326
44.7	0.00040912459999999996
44.8	0.00034057170000000004
44.9	0.000358516
45.0	0.0003691649
45.1	0.0003986630999999999
45.2	0.0004479386
45.3	0.0003485843000000001
45.4	0.0004033902
45.5	0.00041613849999999993
45.6	0.0004310085
45.7	0.0004169732
45.8	0.0004442405
45.9	0.0003681193000000001
46.0	0.00037326799999999995
46.1	0.0004053726
46.2	0.00037361969999999997
46.3	0.0004210028
46.4	0.000403398
46.5	0.00042363970000000004
46.6	0.00037563319999999996
46.7	0.0004032425
46.8	0.0003443255999999999
46.9	0.00037624239999999997
47.0	0.00036623739999999997
47.1	0.00035184029999999996
47.2	0.0004036557
47.3	0.00039932430000000005
47.4	0.0003192297
47.5	0.0003651063
47.6	0.0003292891
47.7	0.0003336042999999999
47.8	0.0003407837
47.9	0.00044670760000000006
48.0	0.0003916304
48.1	0.000350569
48.2	0.0003863164
48.3	0.0003670250999999999
48.4	0.0002698739
48.5	0.0004008773
48.6	0.00032165670000000005
48.7	0.0004249978
48.8	0.0004005419
48.9	0.00036824389999999996
49.0	0.0004026014
49.1	0.00041219210000000006
49.2	0.0003913264
49.3	0.00035771740000000005
49.4	0.0004315527
49.5	0.0004008225
49.6	0.00046186869999999996
49.7	0.0003805019
49.8	0.0004441547
49.9	0.0003289145
50.0	0.00037138019999999994
50.1	0.00034964
50.2	0.00037832490000000007
50.3	0.00035184029999999996
50.4	0.0003311382
50.5	0.00035337789999999997
50.6	0.00038549699999999994
50.7	0.0003666521
50.8	0.00037038939999999997
50.9	0.00032537880000000003
51.0	0.00036247629999999997
51.1	0.00035863009999999995
51.2	0.0003539548
51.3	0.0003514349
51.4	0.0003754151
51.5	0.00033266830000000004
51.6	0.00033484469999999996
51.7	0.00032321020000000006
51.8	0.00039084260000000007
51.9	0.0003838263
52.0	0.0003270493
52.1	0.00037330789999999995
52.2	0.00030547310000000004
52.3	0.0003448015
52.4	0.0003398937999999999
52.5	0.00035851190000000003
52.6	0.0004099996
52.7	0.00036873440000000004
52.8	0.0002945714
52.9	0.00033236279999999995
53.0	0.00033210520000000003
53.1	0.00035038109999999996
53.2	0.0003440687
53.3	0.0004123247
53.4	0.00035877779999999996
53.5	0.0003161088
53.6	0.00036783749999999994
53.7	0.00032752619999999993
53.8	0.0003771628
53.9	0.0004037574
54.0	0.0003778029
54.1	0.00027359590000000005
54.2	0.0003669404
54.3	0.0003517072
54.4	0.00037280829999999997
54.5	0.00038735369999999997
54.6	0.00037465010000000006
54.7	0.0003618282
54.8	0.0003331444
54.9	0.00034801760000000004
55.0	0.0003297723
55.1	0.00034773599999999997
55.2	0.00033088
55.3	0.00030161839999999994
55.4	0.0003569904
55.5	0.0003573576000000001
55.6	0.00035944939999999994
55.7	0.00037752989999999996
55.8	0.0003758524
55.9	0.0003606424
56.0	0.00032814209999999994
56.1	0.0003930898
56.2	0.00033830199999999996
56.3	0.00033251189999999994
56.4	0.0003466121
56.5	0.0003091793
56.6	0.0003216180000000001
56.7	0.0002981536999999999
56.8	0.0003203769
56.9	0.00030786879999999993
57.0	0.0003658401
57.1	0.00033580480000000004
57.2	0.00033131009999999995
57.3	0.00035975319999999994
57.4	0.00035732669999999995
57.5	0.0003810332
57.6	0.0003727766
57.7	0.00032932799999999993
57.8	0.00031864420000000005
57.9	0.0003512318
58.0	0.0002946489
58.1	0.0003640688
58.2	0.00033944870000000003
58.3	0.00038893069999999997
58.4	0.0003601588
58.5	0.0003533541999999999
58.6	0.00031778609999999995
58.7	0.0002906384
58.8	0.0003728474
58.9	0.00038320279999999997
59.0	0.0003854033
59.1	0.00040386600000000007
59.2	0.00031837169999999993
59.3	0.00037639019999999995
59.4	0.000418061
59.5	0.00033564099999999997
59.6	0.0003626168
59.7	0.00033116220000000004
59.8	0.00035035010000000007
59.9	0.00031223039999999996
60.0	0.00032363079999999994
60.1	0.00034483340000000004
60.2	0.00022590929999999993
60.3	0.00028274179999999993
60.4	0.00023769230000000006
60.5	0.00022364549999999992
60.6	0.00017633410000000003
60.7	0.00017887770000000005
60.8	0.00016825689999999996
60.9	0.00018881889999999998
61.0	0.0002618977
61.1	0.000321228
61.2	0.0003093750000000001
61.3	0.00026783669999999994
61.4	0.0003176225
61.5	0.00031454039999999995
61.6	0.0003562882
61.7	0.00038309320000000005
61.8	0.00037895759999999996
61.9	0.00037319800000000004
62.0	0.0003157186999999999
62.1	0.0003279464999999999
62.2	0.0003638042
62.3	0.0003691098
62.4	0.00039651529999999995
62.5	0.0002928865000000001
62.6	0.0003419458
62.7	0.00030224949999999994
62.8	0.0003386842000000001
62.9	0.0003394651
63.0	0.0004323794
63.1	0.0003234748999999999
63.2	0.0003598789
63.3	0.0002974275
63.4	0.00034187629999999996
63.5	0.0003474083
63.6	0.0003715987
63.7	0.00041132569999999995
63.8	0.00029913619999999994
63.9	0.00034387320000000003
64.0	0.0003324656
64.1	0.0003726371
64.2	0.0003107473999999999
64.3	0.0003488517999999999
64.4	0.0003423978
64.5	0.00037914460000000003
64.6	0.00037152060000000006
64.7	0.00033960459999999996
64.8	0.00032529309999999997
64.9	0.00035259729999999995
65.0	0.0003332213000000001
65.1	0.00030940550000000007
65.2	0.0003270254
65.3	0.00031958179999999994
65.4	0.0003883379
65.5	0.00033511809999999995
65.6	0.00038704189999999995
65.7	0.0003591756
65.8	0.0003559766
65.9	0.00032061190000000003
66.0	0.00037170840000000003
66.1	0.0003477052
66.2	0.00030621459999999995
66.3	0.0003437249
66.4	0.00033226900000000005
66.5	0.00041175509999999996
66.6	0.0003578568000000001
66.7	0.00039284
66.8	0.00039148259999999995
66.9	0.00041092010000000004
67.0	0.0003927228
67.1	0.0003254413
67.2	0.00033414229999999994
67.3	0.00033411849999999996
67.4	0.0003373269000000001
67.5	0.00041997249999999996
67.6	0.0003592695
67.7	0.00039625840000000005
67.8	0.0003786921
67.9	0.0003583173
68.0	0.0003396597
68.1	0.000354611
68.2	0.00033908980000000005
68.3	0.0003680014
68.4	0.0003420392999999999
68.5	0.0003627967
68.6	0.00037547000000000004
68.7	0.00036689329999999997
68.8	0.0003627573
68.9	0.000342071
69.0	0.0003869406
69.1	0.00038424819999999997
69.2	0.0003315204999999999
69.3	0.00040263370000000003
69.4	0.00036688629999999996
69.5	0.0003478455
69.6	0.0003496472
69.7	0.00035149
69.8	0.00035033419999999996
69.9	0.0004086878
70.0	0.00033182480000000004
70.1	0.0002910915
70.2	0.00037934800000000005
70.3	0.0003632886
70.4	0.00036137599999999995
70.5	0.00038004250000000004
70.6	0.00036136840000000007
70.7	0.0003582552
70.8	0.0003502654
70.9	0.0003360307999999999
71.0	0.0003474391
71.1	0.0003718256
71.2	0.00037309689999999993
71.3	0.00034432639999999997
71.4	0.0003680799
71.5	0.0003401519
71.6	0.00033663879999999995
71.7	0.000371466
71.8	0.00038008949999999997
71.9	0.0003562891
72.0	0.00033916800000000004
72.1	0.0003220008000000001
72.2	0.00034984329999999996
72.3	0.00029940230000000004
72.4	0.0002811498
72.5	0.00020497249999999994
72.6	0.00018714899999999995
72.7	0.00020605730000000004
72.8	0.00017510919999999997
72.9	0.0001669076999999999
73.0	0.00017435200000000001
73.1	0.00021160550000000008
73.2	0.00019016140000000003
73.3	0.0003028038
73.4	0.00032393510000000006
73.5	0.0003330191000000001
73.6	0.0003406816999999999
73.7	0.0003867449
73.8	0.00033870790000000003
73.9	0.0003915676
74.0	0.0003475402
74.1	0.000400667
74.2	0.00043462720000000005
74.3	0.0003746894
74.4	0.0003481106
74.5	0.0003692423
74.6	0.00037404849999999993
74.7	0.00034990559999999995
74.8	0.00040833739999999996
74.9	0.00038413079999999994
75.0	0.00038264839999999995
75.1	0.00029803619999999996
75.2	0.00035248020000000003
75.3	0.000396414
75.4	0.00032870320000000003
75.5	0.00036160230000000003
75.6	0.0003388241
75.7	0.0003396597000000001
75.8	0.0003289374
75.9	0.00037737269999999997
76.0	0.0003598398
76.1	0.0003288755
76.2	0.0003628043999999999
76.3	0.0003564055
76.4	0.00037575869999999993
76.5	0.0003753512000000001
76.6	0.0003671271
76.7	0.00039241019999999995
76.8	0.0003922314
76.9	0.00033837189999999994
77.0	0.0003332999999999999
77.1	0.00030042359999999995
77.2	0.0003877451
77.3	0.0003842558
77.4	0.0003740256
77.5	0.00034651829999999997
77.6	0.00040816609999999993
77.7	0.00032868860000000004
77.8	0.00037411949999999997
77.9	0.00033377639999999996
78.0	0.0003618438
78.1	0.0003358587
78.2	0.00030594870000000003
78.3	0.00035279219999999995
78.4	0.0003660652
78.5	0.0003469949
78.6	0.00039511019999999996
78.7	0.0003788486
78.8	0.00029963570000000005
78.9	0.00042415469999999996
79.0	0.00037860690000000006
79.1	0.0003581299
79.2	0.000377787
79.3	0.00035325380000000004
79.4	0.00032586309999999995
79.5	0.00038669070000000005
79.6	0.0003475259
79.7	0.00038231299999999996
79.8	0.00034233569999999995
79.9	0.0004288056
80.0	0.00037280090000000004
80.1	0.00030248410000000003
80.2	0.0003788484
80.3	0.00033227789999999994
80.4	0.0003156013
80.5	0.0003770927
80.6	0.0003040604
80.7	0.00035912859999999994
80.8	0.00033176250000000005
80.9	0.0003638499
81.0	0.00033952669999999996
81.1	0.000343062
81.2	0.00036251579999999994
81.3	0.0003079778
81.4	0.0003958056
81.5	0.0003431323
81.6	0.00036832940000000006
81.7	0.0003629058
81.8	0.00027993980000000005
81.9	0.0003241938
82.0	0.00039295650000000003
82.1	0.0003315598999999999
82.2	0.0003336507
82.3	0.000367081
82.4	0.00032147800000000004
82.5	0.0003313961
82.6	0.0003611973
82.7	0.0003356018
82.8	0.00036372490000000004
82.9	0.0003531209
83.0	0.0003454808
83.1	0.00033776420000000007
83.2	0.0003757038
83.3	0.000365552
83.4	0.0003934645
83.5	0.0004117081
83.6	0.0003026636
83.7	0.0003414147
83.8	0.0003567181
83.9	0.0003076035
84.0	0.0003814385
84.1	0.00038440429999999997
84.2	0.0003379741
84.3	0.0002898505999999999
84.4	0.00037839560000000005
84.5	0.00026242940000000003
84.6	0.00023909720000000003
84.7	0.00021007570000000002
84.8	0.00020921760000000003
84.9	0.00025659270000000006
85.0	0.00036342160000000004
85.1	0.0003682976
85.2	0.000406567
85.3	0.000355968
85.4	0.0003132686999999999
85.5	0.00036128269999999996
85.6	0.00038958520000000003
85.7	0.00037713130000000005
85.8	0.00041444689999999994
85.9	0.0003946729
86.0	0.000324201
86.1	0.0003360546
86.2	0.0003441706
86.3	0.00038630870000000005
86.4	0.00038005790000000003
86.5	0.00039798249999999997
86.6	0.0003429686
86.7	0.0003544154
86.8	0.00035200490000000004
86.9	0.00038925010000000004
87.0	0.0003323719
87.1	0.00030845389999999996
87.2	0.0003180591
87.3	0.0003530110000000001
87.4	0.0003622889
87.5	0.00036751800000000005
87.6	0.0004055979
87.7	0.00035449410000000005
87.8	0.0003220781
87.9	0.0003388951
88.0	0.0002711453000000001
88.1	0.00040298490000000004
88.2	0.00039106069999999995
88.3	0.0004100071
88.4	0.00031742779999999996
88.5	0.00034991289999999995
88.6	0.00033576509999999995
88.7	0.00032012
88.8	0.00035617099999999996
88.9	0.00034618370000000004
89.0	0.00036948380000000004
89.1	0.0003722311
89.2	0.0003857383
89.3	0.00032518490000000004
89.4	0.0003900768
89.5	0.0003120276
89.6	0.0003044578
89.7	0.00036132960000000006
89.8	0.00038747900000000004
89.9	0.00040074410000000006
90.0	0.00035261350000000006
90.1	0.00035227
90.2	0.0003816103
90.3	0.00040340619999999994
90.4	0.00036395159999999993
90.5	0.0003920514
90.6	0.0003645526
90.7	0.00037173900000000005
90.8	0.00039246530000000004
90.9	0.0004704445
91.0	0.0003793945
91.1	0.0003783647
91.2	0.0004087049
91.3	0.00039136480000000006
91.4	0.00036003359999999993
91.5	0.0004420559
91.6	0.000408181
91.7	0.0003617119
91.8	0.00042658909999999993
91.9	0.0003780603
92.0	0.0004198319
92.1	0.00031933899999999997
92.2	0.00045105330000000003
92.3	0.0004900862999999999
92.4	0.0003935029
92.5	0.0004023839
92.6	0.0003697803
92.7	0.00040877470000000006
92.8	0.000390967
92.9	0.000365333
93.0	0.0003823988
93.1	0.0003810643
93.2	0.0003741356
93.3	0.0003414621
93.4	0.00039739760000000006
93.5	0.00033570270000000003
93.6	0.00035284720000000006
93.7	0.00039681160000000005
93.8	0.000407424
93.9	0.00034110239999999995
94.0	0.0003864961
94.1	0.00035911309999999997
94.2	0.0004196522
94.3	0.0003888595
94.4	0.0003661284
94.5	0.0003694227
94.6	0.0003725428
94.7	0.00038995269999999996
94.8	0.0003895778
94.9	0.00035596109999999994
95.0	0.00037213700000000003
95.1	0.00040372520000000003
95.2	0.0003324336
95.3	0.00032591719999999996
95.4	0.00037486080000000003
95.5	0.0003430537
95.6	0.00036949169999999997
95.7	0.0004043574
95.8	0.00037801310000000005
95.9	0.0003886259
96.0	0.0003952666
96.1	0.0003702957
96.2	0.0003059016
96.3	0.0003377712
96.4	0.00036101030000000004
96.5	0.00040917189999999993
96.6	0.00042285129999999996
96.7	0.0004212283
96.8	0.0003881032
96.9	0.00036534889999999997
97.0	0.00039482199999999997
97.1	0.00035959759999999995
97.2	0.00037363500000000004
97.3	0.0003470026
97.4	0.0003303500000000001
97.5	0.00042166579999999994
97.6	0.0003704601
97.7	0.00033694460000000003
97.8	0.0003471044
97.9	0.0003657227000000001
98.0	0.0003224599000000001
98.1	0.00034631639999999997
98.2	0.00038622219999999994
98.3	0.00031903460000000004
98.4	0.00032766649999999996
98.5	0.00039804490000000005
98.6	0.0003325585
98.7	0.0003335028
98.8	0.0003603386
98.9	0.000414338
99.0	0.0003539636
99.1	0.00036792359999999997
99.2	0.00038242219999999995
99.3	0.0003428583
99.4	0.00041323840000000004
99.5	0.0003659105
99.6	0.0003894451
99.7	0.0004113186
99.8	0.00036338159999999996
99.9	0.00036395229999999995
100.0	0.0003566323
100.1	0.00035434500000000005
100.2	0.00038772080000000004
100.3	0.00030866499999999996
100.4	0.0003335813
100.5	0.00035976020000000005
100.6	0.0003570379
100.7	0.00037538350000000003
100.8	0.00038610609999999997
100.9	0.00036032329999999995
101.0	0.00039065439999999996
101.1	0.0003049652
101.2	0.00034890699999999997
101.3	0.00032743179999999994
101.4	0.00035853629999999995
101.5	0.0004152983
101.6	0.00037404929999999994
101.7	0.0003527144000000001
101.8	0.00032548799999999997
101.9	0.0003499446
102.0	0.00040600349999999995
102.1	0.0003793868
102.2	0.0003565069
102.3	0.00035800489999999996
102.4	0.00039680320000000006
102.5	0.0003607997
102.6	0.0003511384
102.7	0.0003509583
102.8	0.0003845839
102.9	0.00033372860000000003
103.0	0.0003178336
103.1	0.0004194652
103.2	0.0003888758
103.3	0.0003591684
103.4	0.0003741511
103.5	0.0002898114
103.6	0.0003357974
103.7	0.00036016719999999996
103.8	0.00036061240000000004
103.9	0.0004020481
104.0	0.00034838429999999997
104.1	0.000307643
104.2	0.00039424489999999996
104.3	0.00032892960000000004
104.4	0.00037760680000000006
104.5	0.00032412310000000003
104.6	0.00034198499999999995
104.7	0.00034541810000000004
104.8	0.0003539004
104.9	0.0003623835
105.0	0.00039372109999999996
105.1	0.000363514
105.2	0.00035086469999999996
105.3	0.00031439170000000004
105.4	0.0003450281000000001
105.5	0.00034088429999999995
105.6	0.00040120499999999996
105.7	0.0003370763
105.8	0.0004000736
105.9	0.00033912870000000003
106.0	0.00030119610000000003
106.1	0.0003502561
106.2	0.00038972640000000004
106.3	0.0003422661
106.4	0.00037049870000000005
106.5	0.0003573965
106.6	0.00033424339999999994
106.7	0.00039261399999999995
106.8	0.00041368300000000003
106.9	0.00031637449999999997
107.0	0.00036078309999999997
107.1	0.00037006949999999995
107.2	0.0003856686000000001
107.3	0.0003267062
107.4	0.00034956980000000004
107.5	0.00043615719999999996
107.6	0.0003733079
107.7	0.00030058000000000005
107.8	0.0003632733
107.9	0.0003772327
108.0	0.00036186839999999997
108.1	0.00034957
108.2	0.00040004160000000006
108.3	0.00034035390000000003
108.4	0.0004052236
108.5	0.0004142289
108.6	0.0004549478
108.7	0.0003772017
108.8	0.00038343700000000004
108.9	0.0003183331999999999
109.0	0.0003634523
109.1	0.00036249170000000007
109.2	0.00038259409999999997
109.3	0.0003663239
109.4	0.000386839
109.5	0.0003410249
109.6	0.0003652863
109.7	0.0003723792
109.8	0.00038177459999999997
109.9	0.00039762319999999996
110.0	0.0003956416
110.1	0.00040321860000000004
110.2	0.0003651536
110.3	0.00039463460000000003
110.4	0.0004239675
110.5	0.0003654417
110.6	0.0004012984
110.7	0.00041826300000000004
110.8	0.00033752139999999994
110.9	0.00041059209999999997
111.0	0.0004195282
111.1	0.00032736919999999995
111.2	0.0003987236
111.3	0.00040310909999999995
111.4	0.0003582079
111.5	0.000375938
111.6	0.000389734
111.7	0.00037053750000000006
111.8	0.00039263669999999994
111.9	0.00039677279999999994
112.0	0.000386246
112.1	0.00039536089999999996
112.2	0.00039308160000000003
112.3	0.000353496
112.4	0.00038282
112.5	0.0003415948
112.6	0.0003551808
112.7	0.00041735859999999993
112.8	0.0003388877
112.9	0.00037037349999999997
113.0	0.0003690632
113.1	0.00034774329999999996
113.2	0.00040619909999999997
113.3	0.0004111235
113.4	0.0004008386
113.5	0.00038645639999999995
113.6	0.0004308582
113.7	0.00039319089999999995
113.8	0.00035611720000000005
113.9	0.00042360790000000003
114.0	0.00040879059999999995
114.1	0.0003728004999999999
114.2	0.00044324969999999997
114.3	0.00040758010000000003
114.4	0.00034734549999999994
114.5	0.0004016268
114.6	0.0004316229
114.7	0.00040628509999999997
114.8	0.000389593
114.9	0.00038047180000000007
115.0	0.0003886965
115.1	0.0004283533
115.2	0.00037798149999999995
115.3	0.00038786870000000006
115.4	0.00035183299999999996
115.5	0.0003478614
115.6	0.00037994849999999997
115.7	0.0004232036000000001
115.8	0.0003997694
115.9	0.0003525431
116.0	0.0003627337
116.1	0.0003747979
116.2	0.0004272999
116.3	0.0003681496
116.4	0.0003836168
116.5	0.00038114249999999996
116.6	0.000335391
116.7	0.00039271490000000004
116.8	0.00039888760000000005
116.9	0.00041325330000000003
117.0	0.0004072446
117.1	0.0004101402
117.2	0.00039645199999999994
117.3	0.0003652001
117.4	0.0003631089999999999
117.5	0.00041988649999999997
117.6	0.0004198785
117.7	0.00038445909999999995
117.8	0.00037187259999999997
117.9	0.0003803703
118.0	0.00037493920000000004
118.1	0.0004387081
118.2	0.000313136
118.3	0.0004239051
118.4	0.0004349242
118.5	0.0003896399
118.6	0.00042555949999999995
118.7	0.000391264
118.8	0.0004086019
118.9	0.0004355871
119.0	0.0003931285
119.1	0.0003606194
119.2	0.0003480013
119.3	0.00039672620000000004
119.4	0.0003814154
119.5	0.000381072
119.6	0.0003759998
119.7	0.00039689769999999997
119.8	0.0004704529
119.9	0.0003863474000000001
120.0	0.00039638260000000007
120.1	0.0004542139
120.2	0.0004011429
120.3	0.0003863868
120.4	0.0004031557
120.5	0.00039085750000000005
120.6	0.0004425635
120.7	0.0003739941
120.8	0.0004054506
120.9	0.00039734270000000004
121.0	0.00042942259999999993
121.1	0.0004206589
121.2	0.0003893752
121.3	0.00038068229999999997
121.4	0.00039241060000000003
121.5	0.00041665660000000005
121.6	0.000430897
121.7	0.00036306880000000003
121.8	0.0004003068
121.9	0.000393644
122.0	0.00044150170000000004
122.1	0.0004262072
122.2	0.000372785
122.3	0.00039635189999999995
122.4	0.00044839260000000003
122.5	0.00036843879999999996
122.6	0.00034244500000000003
122.7	0.0004500386
122.8	0.0004023445
122.9	0.0003764992
123.0	0.0003925191
123.1	0.00039719450000000003
123.2	0.00042221169999999994
123.3	0.0004122783
123.4	0.0004216422
123.5	0.00036935979999999993
123.6	0.0003914974
123.7	0.00042089300000000004
123.8	0.000426473
123.9	0.00039840350000000004
124.0	0.0004110847
124.1	0.00042749499999999996
124.2	0.00040381099999999996
124.3	0.00039179419999999996
124.4	0.0004500937
124.5	0.00039898859999999996
124.6	0.00035489919999999995
124.7	0.0003877825
124.8	0.0004201202
124.9	0.00034697099999999995
125.0	0.000399075
125.1	0.00039871599999999997
125.2	0.0003990038
125.3	0.0003785592
125.4	0.0004047405
125.5	0.0004341275
125.6	0.0003844516
125.7	0.00040702619999999996
125.8	0.00042864190000000004
125.9	0.0003828436
126.0	0.000392208
126.1	0.0003778182
126.2	0.0004467377
126.3	0.00042516160000000006
126.4	0.00040204819999999997
126.5	0.0003445131
126.6	0.0004120127
126.7	0.00040927430000000005
126.8	0.0004016107
126.9	0.0004363435
127.0	0.0003285711000000001
127.1	0.00043177929999999997
127.2	0.0004290403
127.3	0.0003740175
127.4	0.0003344321
127.5	0.00039973069999999996
127.6	0.0003911538
127.7	0.000422313
127.8	0.00037277699999999997
127.9	0.0004564689
128.0	0.0004282513
128.1	0.00039812229999999993
128.2	0.00039769409999999996
128.3	0.00041059260000000003
128.4	0.00039173980000000005
128.5	0.00042717520000000003
128.6	0.0004167651
128.7	0.00038733079999999997
128.8	0.0003812596
128.9	0.00035816129999999996
129.0	0.00032646430000000004
129.1	0.00044233669999999996
129.2	0.00036797
129.3	0.0003955948
129.4	0.00038176679999999996
129.5	0.00039867680000000005
129.6	0.0004481973
129.7	0.0004336439
129.8	0.00042414700000000004
129.9	0.00038306980000000004
130.0	0.00039006170000000005
130.1	0.0003984115
130.2	0.0003965856
130.3	0.0004086177
130.4	0.0004176153
130.5	0.00039891940000000005
130.6	0.0003647168
130.7	0.00031933919999999993
130.8	0.0004068004
130.9	0.00037897249999999994
131.0	0.0004447639
131.1	0.0003610328
131.2	0.00038776759999999995
131.3	0.0003563898
131.4	0.0003954533
131.5	0.00041147459999999993
131.6	0.00039261280000000003
131.7	0.00037961279999999993
131.8	0.0004060903
131.9	0.0003815172
132.0	0.0003483599999999999
132.1	0.0003469714
132.2	0.00040154100000000005
132.3	0.00040907959999999995
132.4	0.0003898901
132.5	0.0003817668
132.6	0.0003282978
132.7	0.0003660190000000001
132.8	0.0003340092000000001
132.9	0.00036386580000000006
133.0	0.0003042864
133.1	0.0002505831
133.2	0.0002488513
133.3	0.00022648640000000005
133.4	0.00021441549999999998
133.5	0.00020312329999999993
133.6	0.00022980289999999996
133.7	0.0003023273
133.8	0.00035761470000000004
133.9	0.00039630470000000007
134.0	0.00036586370000000004
134.1	0.00035656139999999995
134.2	0.00047437
134.3	0.0004421029
134.4	0.00040270350000000003
134.5	0.0004185912
134.6	0.0004580218
134.7	0.00044888370000000004
134.8	0.00040047170000000003
134.9	0.00043182539999999997
135.0	0.0004290316
135.1	0.00036352979999999997
135.2	0.00037719380000000006
135.3	0.00035288600000000006
135.4	0.0004227428
135.5	0.0003837024
135.6	0.000412122
135.7	0.0004270259000000001
135.8	0.0004238981
135.9	0.00044091689999999995
136.0	0.00039734989999999995
136.1	0.0003845452
136.2	0.00043504840000000003
136.3	0.00044109649999999993
136.4	0.0003386605
136.5	0.000427901
136.6	0.0003537207
136.7	0.0003716304
136.8	0.0003515288
136.9	0.0004375068
137.0	0.0004358759
137.1	0.0004596214
137.2	0.0003822816
137.3	0.0004043894
137.4	0.0003481885
137.5	0.000391029
137.6	0.0004206279
137.7	0.00043701430000000005
137.8	0.00033884760000000007
137.9	0.00040772059999999997
138.0	0.0003901714
138.1	0.0003850057
138.2	0.00036294480000000003
138.3	0.00040046399999999995
138.4	0.0004250991
138.5	0.00039032700000000005
138.6	0.0004348222
138.7	0.00041693650000000003
138.8	0.0003766634
138.9	0.0004156648
139.0	0.0004845926
139.1	0.00040728410000000003
139.2	0.00041461899999999997
139.3	0.000422508
139.4	0.00039008569999999994
139.5	0.0004053956
139.6	0.00039043619999999993
139.7	0.0003691875
139.8	0.0004339873
139.9	0.0003938855
140.0	0.00040573129999999993
140.1	0.0003891806
140.2	0.0004454346
140.3	0.0003895233
140.4	0.0004325436
140.5	0.00044262540000000007
140.6	0.00038438900000000006
140.7	0.0004008622
140.8	0.00039362040000000004
140.9	0.00033601589999999993
141.0	0.00039669419999999997
141.1	0.000420136
141.2	0.00042145510000000003
141.3	0.0003891643
141.4	0.00043979269999999996
141.5	0.0004184113
141.6	0.00040622319999999995
141.7	0.00043608650000000003
141.8	0.0004389502
141.9	0.0004105772
142.0	0.0004101087
142.1	0.0003895386
142.2	0.00040797109999999995
142.3	0.000417998
142.4	0.00044580099999999996
142.5	0.00044900079999999997
142.6	0.000403211
142.7	0.00039251239999999995
142.8	0.0004127304
142.9	0.0004814087
143.0	0.0004231798
143.1	0.0004147828
143.2	0.0004161793000000001
143.3	0.00043292639999999996
143.4	0.00040991409999999997
143.5	0.00036977259999999997
143.6	0.00039754549999999997
143.7	0.00041100640000000003
143.8	0.00039500870000000005
143.9	0.0004204635
144.0	0.0004133716
144.1	0.00038797809999999996
144.2	0.00039480710000000004
144.3	0.000428486
144.4	0.00041791269999999996
144.5	0.00039503310000000007
144.6	0.0003716924
144.7	0.0003607291
144.8	0.00029403319999999993
144.9	0.0002535724
145.0	0.0002142979
145.1	0.0002469159
145.2	0.00023608479999999996
145.3	0.00023486000000000004
145.4	0.00019151970000000004
145.5	0.00020320120000000004
145.6	0.00020538519999999995
145.7	0.00018453549999999995
145.8	0.0001699745000000001
145.9	0.0001576759
146.0	0.0001841684
146.1	0.00014488650000000006
146.2	0.00016794489999999993
146.3	0.00038236719999999995
146.4	0.00037406510000000007
146.5	0.0003891489
146.6	0.0004216423
146.7	0.00036505099999999997
146.8	0.0003975608
146.9	0.0003730496
147.0	0.00038899280000000006
147.1	0.00041518880000000004
147.2	0.00036264110000000006
147.3	0.00040717450000000006
147.4	0.00043692869999999997
147.5	0.00042400649999999995
147.6	0.0003877983
147.7	0.0004253949
147.8	0.0004078064
147.9	0.00040657370000000005
148.0	0.000397179
148.1	0.00045347260000000005
148.2	0.0004401906
148.3	0.000420776
148.4	0.00045160009999999995
148.5	0.0004180834
148.6	0.0003860515
148.7	0.0004047711
148.8	0.0003914897
148.9	0.0004137763000000001
149.0	0.00047796
149.1	0.0003814544
149.2	0.0004056925
149.3	0.00034576179999999993
149.4	0.0004334951
149.5	0.00040861820000000004
149.6	0.00040883579999999997
149.7	0.00043505579999999995
149.8	0.000376913
149.9	0.0004115678
150.0	0.0003899756000000001
150.1	0.0004899686999999999
150.2	0.00039595250000000004
150.3	0.00045268399999999996
150.4	0.0003824536
150.5	0.0003991996
150.6	0.00039894240000000003
150.7	0.0004341041
150.8	0.0003730976
150.9	0.00037862959999999994
151.0	0.0004099214
151.1	0.00039088069999999994
151.2	0.0004808233
151.3	0.00038910949999999996
151.4	0.00037871530000000006
151.5	0.00041271509999999995
151.6	0.00041525169999999997
151.7	0.0003690243
151.8	0.0004351966
151.9	0.0003633114
152.0	0.0004175457
152.1	0.00043462720000000005
152.2	0.00036902410000000006
152.3	0.00040852529999999996
152.4	0.00039699939999999996
152.5	0.00037462629999999997
152.6	0.0004110525
152.7	0.00040794759999999996
152.8	0.0004174201
152.9	0.0004203071
153.0	0.00040064370000000003
153.1	0.00040795539999999997
153.2	0.00039081129999999996
153.3	0.0004197542
153.4	0.00040540309999999996
153.5	0.000395961
153.6	0.0003783416
153.7	0.00038158699999999996
153.8	0.00042661280000000004
153.9	0.0004370616
154.0	0.0003976549
154.1	0.00041276960000000005
154.2	0.0004109049
154.3	0.00041294129999999994
154.4	0.00043643029999999996
154.5	0.00045501689999999996
154.6	0.0004192151999999999
154.7	0.0004421029
154.8	0.0003991211
154.9	0.0004012123
155.0	0.0004004794
155.1	0.0004250995
155.2	0.00046483360000000004
155.3	0.0004380993
155.4	0.00042504479999999997
155.5	0.000444686
155.6	0.0004176777
155.7	0.00040726830000000007
155.8	0.0004097264
155.9	0.00041464249999999996
156.0	0.0003767653
156.1	0.0003967881
156.2	0.00042584059999999996
156.3	0.00038498959999999996
156.4	0.0003764137
156.5	0.00040202390000000003
156.6	0.0004009160000000001
156.7	0.00039564120000000003
156.8	0.00036193849999999997
156.9	0.00028500429999999994
157.0	0.0002727217
157.1	0.0002471179
157.2	0.000359121
157.3	0.0003133774
157.4	0.00025830829999999995
157.5	0.0002899902
157.6	0.000336515
157.7	0.00038050270000000003
157.8	0.0003866369
157.9	0.00035756829999999994
158.0	0.00040211719999999997
158.1	0.00042237560000000005
158.2	0.0003311847
158.3	0.00038337450000000003
158.4	0.00044911789999999994
158.5	0.0004265431
158.6	0.0004793569
158.7	0.0003861917
158.8	0.00044602089999999997
158.9	0.0003573739
159.0	0.0004270500999999999
159.1	0.0003574201
159.2	0.00038376480000000004
159.3	0.0004046463
159.4	0.00041254359999999996
159.5	0.0003828676
159.6	0.00037861439999999996
159.7	0.00037494679999999997
159.8	0.0004015097
159.9	0.0004501248
160.0	0.0003927932
160.1	0.0004197458
160.2	0.00043753080000000005
160.3	0.00042882979999999993
160.4	0.00039063250000000003
160.5	0.00041233339999999994
160.6	0.0004093525
160.7	0.0004022898
160.8	0.0003984743
160.9	0.0003635845
161.0	0.00041288680000000006
161.1	0.0004404481
161.2	0.00045113959999999997
161.3	0.00039787269999999993
161.4	0.00039983970000000005
161.5	0.0004112246
161.6	0.0003767892
161.7	0.00040697950000000003
161.8	0.00040503669999999997
161.9	0.000369437
162.0	0.00042569980000000003
162.1	0.0003983876
162.2	0.0004236952
162.3	0.00042034730000000005
162.4	0.0004307486
162.5	0.00045870890000000004
162.6	0.00039063899999999997
162.7	0.00041703020000000005
162.8	0.00040053459999999996
162.9	0.00038295999999999995
163.0	0.0003864957
163.1	0.00040865719999999995
163.2	0.0004137458
163.3	0.0004221875
163.4	0.00039884030000000007
163.5	0.0004412291
163.6	0.00042056479999999995
163.7	0.00044825979999999995
163.8	0.00038050240000000004
163.9	0.00037493110000000004
164.0	0.00045449429999999994
164.1	0.0004190831
164.2	0.0004138383
164.3	0.0004060824
164.4	0.00043181749999999993
164.5	0.0004245448
164.6	0.000401033
164.7	0.00042337380000000006
164.8	0.00044992189999999997
164.9	0.00040700329999999996
165.0	0.0004380532
165.1	0.0004428906
165.2	0.0004161955
165.3	0.0003826725
165.4	0.00040062720000000004
165.5	0.00040121279999999997
165.6	0.0004278148
165.7	0.00042225840000000004
165.8	0.00042474809999999995
165.9	0.0004329565
166.0	0.0004354934
166.1	0.0004440456
166.2	0.0003767255
166.3	0.00035660900000000003
166.4	0.00038932050000000003
166.5	0.0004186308
166.6	0.0004008612
166.7	0.00038218849999999995
166.8	0.0004546506
166.9	0.0004129646
167.0	0.0004303664
167.1	0.0003925047
167.2	0.0003745092
167.3	0.0003854881
167.4	0.0004461132
167.5	0.00044641779999999995
167.6	0.0004149231
167.7	0.0004098827
167.8	0.00042321070000000006
167.9	0.00042655809999999993
168.0	0.00040613709999999997
168.1	0.0004575618
168.2	0.00039504039999999996
168.3	0.00040981219999999997
168.4	0.00044353080000000003
168.5	0.00044733840000000006
168.6	0.000399512
168.7	0.00040069079999999993
168.8	0.0004073539
168.9	0.00038594100000000005
169.0	0.0003460268999999999
169.1	0.00039080280000000005
169.2	0.00036804890000000003
169.3	0.00034033800000000003
169.4	0.00036182879999999997
169.5	0.00041276969999999997
169.6	0.0004260672
169.7	0.00039988670000000004
169.8	0.00042224369999999996
169.9	0.0004073078
170.0	0.00042637940000000003
170.1	0.00039982390000000003
170.2	0.0004344482
170.3	0.0004660668
170.4	0.00044264930000000003
170.5	0.00037861519999999997
170.6	0.0004451148
170.7	0.0003749927
170.8	0.00037436859999999997
170.9	0.00042440509999999997
171.0	0.0003816184
171.1	0.0004302887
171.2	0.00044455300000000004
171.3	0.00042877510000000003
171.4	0.00042157939999999997
171.5	0.00045806879999999995
171.6	0.0003987782
171.7	0.00042667500000000006
171.8	0.0003596984
171.9	0.00038850110000000006
172.0	0.00042700299999999996
172.1	0.00042640239999999996
172.2	0.00040573110000000003
172.3	0.0004266442
172.4	0.0004324732
172.5	0.0003984663
172.6	0.0003720356
172.7	0.0004175377000000001
172.8	0.00042879
172.9	0.00043183290000000003
173.0	0.0004327241
173.1	0.00040523180000000004
173.2	0.00038714369999999997
173.3	0.00039561800000000003
173.4	0.0004596059
173.5	0.00040775980000000005
173.6	0.00041940239999999995
173.7	0.00045819340000000005
173.8	0.0003939793
173.9	0.00041507159999999997
174.0	0.0004234599
174.1	0.0004249189
174.2	0.00043691359999999997
174.3	0.00042338269999999995
174.4	0.0003924815
174.5	0.0004170378
174.6	0.0003761643
174.7	0.0004322082
174.8	0.00042822810000000004
174.9	0.0003762109
175.0	0.0004354548
175.1	0.00036370219999999994
175.2	0.0004189656
175.3	0.00039368279999999996
175.4	0.0003955476
175.5	0.00039125490000000004
175.6	0.0003825552
175.7	0.000449305
175.8	0.00040267970000000005
175.9	0.00045355
176.0	0.00042206409999999997
176.1	0.0004066447
176.2	0.00041497779999999997
176.3	0.00044811099999999995
176.4	0.0003909043
176.5	0.00039546940000000005
176.6	0.0004163901
176.7	0.0004040843
176.8	0.0004245372
176.9	0.0004347907
177.0	0.0004243973
177.1	0.0003931593
177.2	0.00038967900000000003
177.3	0.0004308186
177.4	0.0004183261
177.5	0.0004180446
177.6	0.0004459814
177.7	0.0004026572
177.8	0.0004024144
177.9	0.0003968899
178.0	0.00040601259999999996
178.1	0.00038769750000000006
178.2	0.00042286710000000004
178.3	0.0004203469
178.4	0.00041653089999999995
178.5	0.0003902654
178.6	0.00042236009999999997
178.7	0.00043895810000000007
178.8	0.0004370857
178.9	0.00041650729999999993
179.0	0.0003959696
179.1	0.0003563587999999999
179.2	0.00037358859999999994
179.3	0.00037264460000000003
179.4	0.00040995310000000004
179.5	0.00041070200000000004
179.6	0.0004253333
179.7	0.0004261597
179.8	0.00038352249999999997
179.9	0.0004486736
180.0	0.00042893019999999996
180.1	0.0003861676
180.2	0.00037979260000000004
180.3	0.0004135655
180.4	0.00041361239999999997
180.5	0.00043756860000000004
180.6	0.0003784112
180.7	0.00039874699999999997
180.8	0.00045216120000000004
180.9	0.0003748063
181.0	0.0003202681
181.1	0.00035035829999999994
181.2	0.0003598863
181.3	0.0003855515
181.4	0.0004085095
181.5	0.00048779180000000006
181.6	0.0003852242
181.7	0.000402126
181.8	0.00042987449999999996
181.9	0.00042793919999999997
182.0	0.0003905142
182.1	0.00042854880000000006
182.2	0.0003846693000000001
182.3	0.00040840750000000007
182.4	0.0003770842
182.5	0.00039243440000000007
182.6	0.0004161019
182.7	0.00043696049999999997
182.8	0.0004342449
182.9	0.00040303109999999996
183.0	0.00041273899999999997
183.1	0.00039475970000000003
183.2	0.00041599940000000004
183.3	0.0003714588
183.4	0.00039910569999999994
183.5	0.00039398699999999994
183.6	0.000434221
183.7	0.0003990825
183.8	0.0004095472
183.9	0.00041433809999999997
184.0	0.00043003080000000003
184.1	0.0004242877
184.2	0.0004229456
184.3	0.0003828122
184.4	0.0004045051
184.5	0.0004114189
184.6	0.0004296407
184.7	0.00044462330000000005
184.8	0.0003965158
184.9	0.00043344779999999995
185.0	0.00044445199999999997
185.1	0.0004305465
185.2	0.0003689388
185.3	0.0003995039
185.4	0.0004032341
185.5	0.0004060662
185.6	0.00043257509999999996
185.7	0.00040071340000000005
185.8	0.0004532068
185.9	0.00041102129999999996
186.0	0.0004002764
186.1	0.00047516629999999995
186.2	0.00035716999999999997
186.3	0.0003856529
186.4	0.00040779859999999995
186.5	0.0004291641
186.6	0.0004422971
186.7	0.00040875819999999997
186.8	0.0004375766
186.9	0.00039780980000000005
187.0	0.0003878382
187.1	0.00044512200000000005
187.2	0.00037912120000000007
187.3	0.00039336230000000007
187.4	0.00039702199999999997
187.5	0.000455072
187.6	0.00041100650000000006
187.7	0.00039198910000000007
187.8	0.00043084279999999997
187.9	0.00041189519999999997
188.0	0.0004400345
188.1	0.0004069794
188.2	0.0003929723
188.3	0.00040723629999999994
188.4	0.0004283609
188.5	0.0003719508
188.6	0.00038850019999999997
188.7	0.00041118590000000004
188.8	0.0004208542
188.9	0.0004115443
189.0	0.0004477832
189.1	0.0004851152
189.2	0.00042187629999999995
189.3	0.0004142765
189.4	0.0003991843
189.5	0.00040250880000000005
189.6	0.0004302111
189.7	0.00037872350000000003
189.8	0.0003849431
189.9	0.00036527760000000005
190.0	0.0003929646
190.1	0.00035234009999999996
190.2	0.00041611759999999996
190.3	0.0003812839
190.4	0.0003691873
190.5	0.00041975309999999996
190.6	0.0004088294
190.7	0.00044481790000000006
190.8	0.0004028128
190.9	0.00041511089999999993
191.0	0.0003960235
191.1	0.00039270730000000005
191.2	0.00039931619999999994
191.3	0.0004139558
191.4	0.00039627350000000005
191.5	0.00041255919999999996
191.6	0.0003564834
191.7	0.0004213378
191.8	0.0003644664
191.9	0.0004033747
192.0	0.0004521147
192.1	0.00041113859999999995
192.2	0.000407034
192.3	0.000431982
192.4	0.00035363589999999997
192.5	0.0003888202000000001
192.6	0.0004190437
192.7	0.0003905538
192.8	0.0003966555
192.9	0.00035551629999999994
193.0	0.0003370849
193.1	0.00037763879999999997
193.2	0.00040596499999999994
193.3	0.0003928702
193.4	0.0003880256999999999
193.5	0.00037516489999999997
193.6	0.0003931675
193.7	0.00040706579999999997
193.8	0.00035213709999999996
193.9	0.0003943383
194.0	0.0003257533
194.1	0.00034918769999999996
194.2	0.0003938396
194.3	0.0003730428
194.4	0.0003212276
194.5	0.0003767799
194.6	0.0004040136
194.7	0.00037904290000000004
194.8	0.0003841242
194.9	0.0003677995
195.0	0.0003948067
195.1	0.00036109600000000004
195.2	0.00039308969999999997
195.3	0.00044037719999999995
195.4	0.0004062695
195.5	0.0004710926
195.6	0.00036416149999999995
195.7	0.0004400196
195.8	0.00039099860000000003
195.9	0.00042125960000000004
196.0	0.0003923877
196.1	0.00040141589999999995
196.2	0.0003726363
196.3	0.0004063944
196.4	0.00037807560000000006
196.5	0.00042041779999999997
196.6	0.0003569907000000001
196.7	0.00037880920000000004
196.8	0.0003616109
196.9	0.0003827185
197.0	0.00040058879999999995
197.1	0.00040138430000000007
197.2	0.00041206739999999993
197.3	0.00038384220000000003
197.4	0.00039988640000000004
197.5	0.0004185449
197.6	0.0004437804
197.7	0.0004046854
197.8	0.0003980371
197.9	0.0003932144
198.0	0.00042030770000000005
198.1	0.00036655000000000005
198.2	0.0004679473
198.3	0.00044385029999999997
198.4	0.00040552759999999997
198.5	0.0004017359
198.6	0.0004031169
198.7	0.0003900154
198.8	0.0004135192
198.9	0.00039419050000000005
199.0	0.000376593
199.1	0.0004140183
199.2	0.00042408509999999997
199.3	0.00037649859999999995
199.4	0.0004087978
199.5	0.0004273387
199.6	0.00040872799999999997
199.7	0.00042613660000000007
199.8	0.00041493149999999996
199.9	0.00037893389999999995
200.0	0.00041070209999999997
200.1	0.00040445090000000003
200.2	0.00043703040000000006
200.3	0.00037603129999999997
200.4	0.00039308919999999996
200.5	0.00037851309999999995
200.6	0.00039697489999999995
200.7	0.000405419
200.8	0.0004118878
200.9	0.00040427949999999996
201.0	0.00041157629999999997
201.1	0.0004215725
201.2	0.00039754499999999996
201.3	0.00038370170000000004
201.4	0.00041660890000000004
201.5	0.00042409249999999994
201.6	0.0003972492
201.7	0.0004435855
201.8	0.0004198627
201.9	0.0003973347
202.0	0.0004163749
202.1	0.0003545095
202.2	0.000434955
202.3	0.0004194265
202.4	0.00043783390000000003
202.5	0.0004024851
202.6	0.00038561400000000005
202.7	0.0003950865
202.8	0.00043593019999999997
202.9	0.0004024773
203.0	0.00041400290000000005
203.1	0.00040544210000000003
203.2	0.0003842557
203.3	0.00040468489999999997
203.4	0.00043069479999999997
203.5	0.00039749109999999996
203.6	0.00038841559999999996
203.7	0.0004300696
203.8	0.00034352989999999995
203.9	0.0004147909
204.0	0.0004052706
204.1	0.00037172419999999994
204.2	0.0003957426
204.3	0.00041391710000000006
204.4	0.00036960059999999997
204.5	0.0003936046000000001
204.6	0.0003946352
204.7	0.00039395580000000003
204.8	0.0003818128
204.9	0.0004471362
205.0	0.00036006510000000005
205.1	0.0003855823
205.2	0.00035966730000000003
205.3	0.00037784120000000003
205.4	0.00035328430000000004
205.5	0.0003114185
205.6	0.0002649184
205.7	0.0002902563
205.8	0.0003443496000000001
205.9	0.00029120009999999996
206.0	0.0003358828000000001
206.1	0.0003081417000000001
206.2	0.00032800129999999996
206.3	0.0003678065
206.4	0.00038273410000000006
206.5	0.00031079510000000003
206.6	0.0003757419
206.7	0.00040229759999999996
206.8	0.0003565391
206.9	0.00034800949999999993
207.0	0.00042762780000000003
207.1	0.00044020679999999995
207.2	0.0004262785
207.3	0.0003838738
207.4	0.0003599794
207.5	0.00040478639999999994
207.6	0.0003699832
207.7	0.0003718876
207.8	0.0003937761
207.9	0.0004127927
208.0	0.000410577
208.1	0.0004338546
208.2	0.00044572370000000005
208.3	0.00041383039999999993
208.4	0.0003738617
208.5	0.0004044981
208.6	0.0003661910999999999
208.7	0.0003751023
208.8	0.00040683969999999995
208.9	0.0004284934
209.0	0.0004172412
209.1	0.0004074319
209.2	0.0004186294
209.3	0.00039084229999999996
209.4	0.0004070031
209.5	0.0003844197
209.6	0.00043071700000000006
209.7	0.00041711649999999994
209.8	0.0004217747
209.9	0.00041235649999999996
210.0	0.0004389186
210.1	0.00042023770000000003
210.2	0.00043441599999999997
210.3	0.00046442850000000003
210.4	0.0004514426
210.5	0.00041003839999999997
210.6	0.00041549329999999995
210.7	0.00038483350000000007
210.8	0.000412676
210.9	0.0004362108
211.0	0.000411732
211.1	0.00040934420000000003
211.2	0.00038886810000000004
211.3	0.00042112749999999994
211.4	0.00040688620000000003
211.5	0.0003807522
211.6	0.0004317633
211.7	0.0003812358
211.8	0.0003829374
211.9	0.00043383150000000004
212.0	0.00041733400000000005
212.1	0.00038990620000000004
212.2	0.0004149081
212.3	0.00039500139999999994
212.4	0.0003848961
212.5	0.00044235260000000006
212.6	0.0004271985
212.7	0.0004130592
212.8	0.0004352674
212.9	0.00044182159999999994
213.0	0.00045557190000000003
213.1	0.0003850054
213.2	0.0004223282
213.3	0.00043852130000000003
213.4	0.0004066128
213.5	0.0004185054
213.6	0.00037321349999999996
213.7	0.0004012361
213.8	0.0004154229
213.9	0.0004439061
214.0	0.00041214549999999995
214.1	0.00035446269999999996
214.2	0.00037621890000000003
214.3	0.00037680350000000005
214.4	0.00039624999999999996
214.5	0.00042440450000000003
214.6	0.00038512189999999997
214.7	0.00037622630000000006
214.8	0.000459029
214.9	0.00037052140000000004
215.0	0.00037443190000000003
215.1	0.00044314010000000005
215.2	0.0003560474
215.3	0.0004228909
215.4	0.0004036786
215.5	0.0003343694000000001
215.6	0.000408408
215.7	0.000422158
215.8	0.0004043892
215.9	0.000364295
216.0	0.00038794729999999997
216.1	0.0003842402
216.2	0.00039206710000000005
216.3	0.00040401410000000005
216.4	0.00034786850000000005
216.5	0.0004502572
216.6	0.00044325850000000004
216.7	0.00039569529999999994
216.8	0.0003951489
216.9	0.00037475209999999993
217.0	0.00039895809999999996
217.1	0.00035960470000000004
217.2	0.00030990430000000005
217.3	0.0003464093
217.4	0.00030207020000000005
217.5	0.00019148039999999998
217.6	0.0001563958999999999
217.7	0.0001709652
217.8	0.0001724319
217.9	0.0001999164
218.0	0.00019239310000000005
218.1	0.0002592296
218.2	0.00024408259999999995
218.3	0.0002475012
218.4	0.0002811411000000001
218.5	0.0003390896
218.6	0.00021290749999999998
218.7	0.00033383869999999995
218.8	0.00031528929999999995
218.9	0.0003353827
219.0	0.0003709745
219.1	0.000323921
219.2	0.00040631609999999997
219.3	0.00039274580000000006
219.4	0.00033120830000000004
219.5	0.0003637953
219.6	0.0004100392
219.7	0.00038335120000000005
219.8	0.0004187929
219.9	0.0003450049
220.0	0.000379621
220.1	0.00038054990000000003
220.2	0.0003799717
220.3	0.0004298597
220.4	0.00035183260000000004
220.5	0.000373292
220.6	0.00037830960000000005
220.7	0.00040944489999999995
220.8	0.0003552113
220.9	0.000373347
221.0	0.0003948214
221.1	0.0004080024
221.2	0.00036314760000000007
221.3	0.00042808829999999997
221.4	0.0004112722
221.5	0.00038890699999999997
221.6	0.00034993649999999997
221.7	0.00041057699999999997
221.8	0.00038854050000000005
221.9	0.0003334713999999999
222.0	0.00040456009999999997
222.1	0.0003457222
222.2	0.0003960937
222.3	0.0003897264
222.4	0.00035551600000000006
222.5	0.0004157578
222.6	0.00036903200000000004
222.7	0.0003451849
222.8	0.0004634369
222.9	0.00036042400000000003
223.0	0.00039976190000000003
223.1	0.00042510660000000006
223.2	0.00036861
223.3	0.0003927228
223.4	0.00040048739999999996
223.5	0.0003574983
223.6	0.0003831948
223.7	0.00040108829999999996
223.8	0.0003189728
223.9	0.0003292732
224.0	0.00041817769999999996
224.1	0.000412395
224.2	0.00040563770000000005
224.3	0.0003396362999999999
224.4	0.00037417409999999994
224.5	0.0003696481
224.6	0.00036290570000000003
224.7	0.0004026254
224.8	0.0003965702
224.9	0.000386184
225.0	0.00033365179999999997
225.1	0.0003481491
225.2	0.00038852399999999995
225.3	0.00035512589999999995
225.4	0.00039426759999999995
225.5	0.0003952045
225.6	0.0003132219
225.7	0.00035672490000000003
225.8	0.0003775761
225.9	0.00037251969999999994
226.0	0.000357818
226.1	0.0003823054
226.2	0.000347924
226.3	0.0003638659
226.4	0.000349968
226.5	0.0004464879
226.6	0.00036637080000000003
226.7	0.0003902101
226.8	0.0003731049
226.9	0.0003634284
227.0	0.00035561
227.1	0.00037952039999999997
227.2	0.0003793865
227.3	0.00036419320000000003
227.4	0.00036629260000000004
227.5	0.00041610180000000005
227.6	0.0003905304
227.7	0.00040403
227.8	0.000426528
227.9	0.00038454529999999997
228.0	0.00038029209999999994
228.1	0.00035260489999999994
228.2	0.0003811356
228.3	0.00037678760000000005
228.4	0.00040354659999999995
228.5	0.00039799820000000006
228.6	0.000334681
228.7	0.00038705729999999994
228.8	0.0003813766
228.9	0.0004230934
229.0	0.0003788879
229.1	0.00036496569999999994
229.2	0.00039466619999999997
229.3	0.0002802363
229.4	0.00028288140000000005
229.5	0.00028476970000000006
229.6	0.0002598072
229.7	0.00023924489999999998
229.8	0.00029454830000000005
229.9	0.00034876669999999994
230.0	0.0003677055
230.1	0.00038766630000000005
230.2	0.00036052640000000004
230.3	0.00032560529999999996
230.4	0.00031599169999999997
230.5	0.00033276910000000005
230.6	0.0003461368
230.7	0.0003728634999999999
230.8	0.0003681026
230.9	0.0004206353
231.0	0.0004161327
231.1	0.00040488000000000004
231.2	0.0003596679
231.3	0.00038732310000000005
231.4	0.0003516299
231.5	0.0003906706
231.6	0.00036075280000000005
231.7	0.00036075979999999994
231.8	0.00035012339999999996
231.9	0.00042380330000000004
232.0	0.00042849340000000003
232.1	0.00035820070000000005
232.2	0.0003437014000000001
232.3	0.00040392010000000003
232.4	0.00038560600000000003
232.5	0.0003956732
232.6	0.0003938696
232.7	0.0003654186
232.8	0.0003941433
232.9	0.0003937758000000001
233.0	0.0003745726
233.1	0.00038581670000000006
233.2	0.0004074319
233.3	0.0004099681
233.4	0.0003635771
233.5	0.00040141669999999995
233.6	0.00035868449999999996
233.7	0.00037888799999999997
233.8	0.0003665968
233.9	0.00044256359999999997
234.0	0.00035379869999999997
234.1	0.00039088120000000005
234.2	0.00035969910000000003
234.3	0.00037184789999999995
234.4	0.00042853309999999996
234.5	0.00037833310000000005
234.6	0.00036956259999999997
234.7	0.00040277369999999996
234.8	0.0003500068
234.9	0.00040292999999999997
235.0	0.00037873060000000007
235.1	0.0003783253999999999
235.2	0.00037831790000000007
235.3	0.00034281989999999994
235.4	0.00038304640000000003
235.5	0.0004306706
235.6	0.00043869290000000006
235.7	0.0004289459
235.8	0.00035472800000000006
235.9	0.00037596879999999996
236.0	0.000385208
236.1	0.00040376489999999996
236.2	0.00045568119999999995
236.3	0.0003420787
236.4	0.00037608600000000003
236.5	0.0003557655
236.6	0.00034847700000000003
236.7	0.0004334329
236.8	0.0003759687
236.9	0.0003456220000000001
237.0	0.0003810959
237.1	0.0003623751
237.2	0.0003462454
237.3	0.00041689750000000007
237.4	0.0003860428
237.5	0.00040252309999999993
237.6	0.00036388889999999996
237.7	0.00038738490000000004
237.8	0.0003550704
237.9	0.00039287930000000005
238.0	0.0003401665000000001
238.1	0.00039025649999999997
238.2	0.0004215019
238.3	0.00039509420000000004
238.4	0.0003575761
238.5	0.0003955095
238.6	0.00037744379999999993
238.7	0.0003896793
238.8	0.0003568817999999999
238.9	0.0003527695
239.0	0.00036780699999999994
239.1	0.0004144557
239.2	0.00037611739999999995
239.3	0.0003678145
239.4	0.00034794709999999996
239.5	0.0003543843
239.6	0.00036543430000000003
239.7	0.00038862509999999995
239.8	0.00040175920000000003
239.9	0.000385895
240.0	0.00035209
240.1	0.00041621860000000003
240.2	0.0003404870999999999
240.3	0.00037935590000000004
240.4	0.0004214308
240.5	0.0004115913
240.6	0.00036799300000000005
240.7	0.0003609549
240.8	0.0003644359
240.9	0.00037265209999999993
241.0	0.00035525050000000005
241.1	0.00038787720000000003
241.2	0.00037582839999999995
241.3	0.0003862844
241.4	0.00035506389999999995
241.5	0.0003419692999999999
241.6	0.00041074160000000005
241.7	0.0002818445
241.8	0.00029784829999999997
241.9	0.0003124569999999999
242.0	0.00042171270000000005
242.1	0.00031797370000000006
242.2	0.0003729174
242.3	0.00031787950000000003
242.4	0.0003511383000000001
242.5	0.0003247701
242.6	0.00032209450000000004
242.7	0.00035576589999999995
242.8	0.0004022349
242.9	0.0003289686999999999
243.0	0.0003814464
243.1	0.0003391125
243.2	0.0003372873
243.3	0.00034226609999999996
243.4	0.00035702939999999995
243.5	0.00037816130000000006
243.6	0.00033795029999999994
243.7	0.0003180282
243.8	0.00037099029999999996
243.9	0.00034701009999999995
244.0	0.00037733469999999997
244.1	0.0003689619
244.2	0.00037694469999999996
244.3	0.00037975330000000003
244.4	0.0003656446
244.5	0.00035575829999999996
244.6	0.00035329260000000005
244.7	0.0003648645
244.8	0.0003142275
244.9	0.0003723248999999999
245.0	0.0003817282
245.1	0.0004220402
245.2	0.0003209621000000001
245.3	0.00034896160000000005
245.4	0.0003360065999999999
245.5	0.0003495696000000001
245.6	0.0003910455
245.7	0.0003477905
245.8	0.0003817671
245.9	0.00035589810000000003
246.0	0.0003808934
246.1	0.0003827259
246.2	0.000354025
246.3	0.0003915831
246.4	0.00037284780000000005
246.5	0.0003809548
246.6	0.0003370135
246.7	0.0003929327
246.8	0.00041959009999999994
246.9	0.00034916320000000006
247.0	0.00040258639999999994
247.1	0.0003518567
247.2	0.00035907439999999994
247.3	0.00029937760000000007
247.4	0.00037827079999999994
247.5	0.0003324883
247.6	0.0003402679
247.7	0.0003559453999999999
247.8	0.0003594959
247.9	0.0003601673
248.0	0.0003676196
248.1	0.0003720832
248.2	0.0004319972
248.3	0.00038090079999999994
248.4	0.00033448660000000004
248.5	0.0003352816
248.6	0.0003712087
248.7	0.0003942055
248.8	0.00037627319999999995
248.9	0.00036032330000000006
249.0	0.0003064096
249.1	0.00033832519999999996
249.2	0.0003887827
249.3	0.0003820948
249.4	0.00033988620000000003
249.5	0.0004109906
249.6	0.0003798383
249.7	0.00034562129999999994
249.8	0.0003280161
249.9	0.00040852440000000004
250.0	0.0003952672
250.1	0.00033665500000000005
250.2	0.0003139942
250.3	0.00033816900000000003
250.4	0.00033112279999999994
250.5	0.0004020239
250.6	0.0004172254
250.7	0.00033248749999999997
250.8	0.0003720901000000001
250.9	0.0003324411
251.0	0.00032754089999999995
251.1	0.0003745638
251.2	0.00036859429999999997
251.3	0.00036588730000000006
251.4	0.00037898909999999997
251.5	0.0003721373
251.6	0.000366058
251.7	0.00037262849999999996
251.8	0.0004114198
251.9	0.00042396759999999996
252.0	0.0003638573
252.1	0.00033088849999999995
252.2	0.0003244818
252.3	0.00036148539999999996
252.4	0.0004440925
252.5	0.0003442088
252.6	0.000356421
252.7	0.00034384970000000004
252.8	0.0003950166
252.9	0.0003469171
253.0	0.00035488399999999997
253.1	0.000373293
253.2	0.00036519929999999996
253.3	0.0003604786
253.4	0.00030150800000000003
253.5	0.0004271118
253.6	0.0003379037
253.7	0.00036078309999999997
253.8	0.0002356166
253.9	0.00033857449999999997
254.0	0.0003577948
254.1	0.00040977299999999994
254.2	0.00035842679999999996
254.3	0.00035099839999999996
254.4	0.0003869404
254.5	0.0003584034
254.6	0.00039220790000000003
254.7	0.00034985850000000005
254.8	0.00039051449999999996
254.9	0.0003430855000000001
255.0	0.00035488360000000005
255.1	0.00037392420000000005
255.2	0.00037176310000000003
255.3	0.0003861843
255.4	0.0003629373
255.5	0.00033946430000000004
255.6	0.0003620628000000001
255.7	0.0003684698
255.8	0.00032139920000000006
255.9	0.00038781439999999997
256.0	0.0003954303
256.1	0.0003402994
256.2	0.00034253880000000003
256.3	0.000317076
256.4	0.0003251762
256.5	0.00036275749999999996
256.6	0.0003451996
256.7	0.0003671195
256.8	0.00035621099999999994
256.9	0.00033116929999999997
257.0	0.0003854186
257.1	0.0003467372
257.2	0.00037763909999999996
257.3	0.0003554226
257.4	0.00038808790000000005
257.5	0.000366214
257.6	0.00036299170000000003
257.7	0.00032423170000000004
257.8	0.0003697418
257.9	0.0003368106999999999
258.0	0.0003392064
258.1	0.0003734951
258.2	0.0003672052000000001
258.3	0.0003567647
258.4	0.0003628041
258.5	0.0003612121
258.6	0.0003415086
258.7	0.00032504380000000007
258.8	0.0003425549
258.9	0.0003619541999999999
259.0	0.00036356910000000004
259.1	0.0003376621
259.2	0.00035210609999999996
259.3	0.00037561809999999996
259.4	0.0003410008
259.5	0.00036899230000000006
259.6	0.000361517
259.7	0.00032396690000000006
259.8	0.0003430544999999999
259.9	0.00036241500000000005
260.0	0.00035645999999999996
260.1	0.00041166179999999996
260.2	0.00035958879999999993
260.3	0.00035220689999999996
260.4	0.0003707876
260.5	0.00037359700000000003
260.6	0.00035979269999999997
260.7	0.0003914205
260.8	0.00041051369999999996
260.9	0.00033175459999999996
261.0	0.0003227649
261.1	0.00040253969999999996
261.2	0.0003487973000000001
261.3	0.000305871
261.4	0.00034141519999999993
261.5	0.00036210219999999996
261.6	0.00033864560000000004
261.7	0.00036474010000000004
261.8	0.00035113090000000004
261.9	0.0003369356
262.0	0.0003988096
262.1	0.00036068980000000003
262.2	0.00037749020000000003
262.3	0.00033318309999999995
262.4	0.0003639826999999999
262.5	0.0004169059
262.6	0.00037823239999999997
262.7	0.0003566788
262.8	0.00038293660000000005
262.9	0.00036622269999999995
263.0	0.0003953837
263.1	0.0003676423
263.2	0.00037325210000000006
263.3	0.0003281492
263.4	0.00038326500000000004
263.5	0.0003667616
263.6	0.00037784129999999996
263.7	0.000350787
263.8	0.00037837289999999996
263.9	0.00033831749999999993
264.0	0.00031801219999999996
264.1	0.00043031189999999993
264.2	0.000375743
264.3	0.00037539899999999995
264.4	0.0003386531
264.5	0.0003806902
264.6	0.0003687194
264.7	0.0003678765
264.8	0.0003641709
264.9	0.0004004093
265.0	0.00031409570000000004
265.1	0.0003427269
265.2	0.0003737212999999999
265.3	0.00040620710000000004
265.4	0.00037739640000000003
265.5	0.00040732999999999996
265.6	0.00038886
265.7	0.0003551181
265.8	0.0003535179
265.9	0.0003777556
266.0	0.00034394379999999993
266.1	0.00037120050000000003
266.2	0.00039104570000000004
266.3	0.00042351500000000007
266.4	0.00029094249999999993
266.5	0.00031688150000000004
266.6	0.00035627299999999994
266.7	0.0004333239
266.8	0.00035588260000000006
266.9	0.0003649429
267.0	0.00034704920000000006
267.1	0.00032768879999999997
267.2	0.0004340649
267.3	0.00034914000000000006
267.4	0.0003798085
267.5	0.0003465889
267.6	0.00033583630000000005
267.7	0.0003649348999999999
267.8	0.0003702642
267.9	0.0003251374
268.0	0.00034033100000000003
268.1	0.0003214998
268.2	0.0003572403
268.3	0.00036333510000000004
268.4	0.00039359739999999995
268.5	0.00043568059999999996
268.6	0.0003581541
268.7	0.00033308099999999994
268.8	0.00035877780000000007
268.9	0.0003963351
269.0	0.00043459619999999994
269.1	0.0004032648
269.2	0.0003345094
269.3	0.0003476814
269.4	0.0003722309
269.5	0.00041422130000000004
269.6	0.000381158
269.7	0.00033325330000000004
269.8	0.0003563276
269.9	0.00033471270000000005
270.0	0.00040055030000000005
270.1	0.0004192228
270.2	0.0003747208
270.3	0.0003615165
270.4	0.0003370847
270.5	0.00038243770000000003
270.6	0.00045590699999999997
270.7	0.00040128340000000003
270.8	0.00038586390000000005
270.9	0.0004161174
271.0	0.0003440528
271.1	0.00036041639999999993
271.2	0.0004119897
271.3	0.00043792000000000006
271.4	0.00035786459999999993
271.5	0.00037948029999999996
271.6	0.0003660426
271.7	0.0003955314999999999
271.8	0.0003593941
271.9	0.00035616390000000003
272.0	0.0003742671
272.1	0.00030885919999999994
272.2	0.00036867289999999994
272.3	0.0003312622999999999
272.4	0.0004028829
272.5	0.0003464172
272.6	0.0003922777
272.7	0.00029567060000000004
272.8	0.00033361959999999994
272.9	0.0003097102
273.0	0.00039738079999999997
273.1	0.00035815360000000004
273.2	0.0003673305
273.3	0.00037683480000000005
273.4	0.00035948800000000004
273.5	0.0003368351
273.6	0.00037084140000000004
273.7	0.0004122389
273.8	0.0003339241
273.9	0.0003692575
274.0	0.00042395940000000004
274.1	0.0003312785
274.2	0.00040859469999999994
274.3	0.00038203999999999994
274.4	0.00038509060000000003
274.5	0.0003737994999999999
274.6	0.00034789999999999995
274.7	0.00033998000000000003
274.8	0.00036936710000000004
274.9	0.0003778802
275.0	0.00040653440000000004
275.1	0.00035245670000000004
275.2	0.00043136509999999994
275.3	0.0003652389
275.4	0.0003925747
275.5	0.00036107200000000004
275.6	0.0003775457
275.7	0.00038576159999999997
275.8	0.0003928558
275.9	0.00037496219999999997
276.0	0.00038216430000000004
276.1	0.0003960628
276.2	0.00036908540000000004
276.3	0.0003791446
276.4	0.0003193324999999999
276.5	0.00037233230000000006
276.6	0.0003779434
276.7	0.00032518399999999995
276.8	0.00034847000000000003
276.9	0.0004367494
277.0	0.0003959769
277.1	0.00037602309999999994
277.2	0.00043216040000000004
277.3	0.00042199350000000007
277.4	0.00039491619999999994
277.5	0.0004148379
277.6	0.0004165466
277.7	0.00038176649999999997
277.8	0.0003906784
277.9	0.0003523638
278.0	0.000447994
278.1	0.0004459109
278.2	0.0004264259
278.3	0.0003546418
278.4	0.00039489930000000004
278.5	0.00038730719999999994
278.6	0.0003368428
278.7	0.00037901230000000007
278.8	0.00043501750000000006
278.9	0.000405068
279.0	0.0004109747
279.1	0.0004319738
279.2	0.0004046618
279.3	0.00043754570000000003
279.4	0.0003625157
279.5	0.00045135769999999996
279.6	0.0003789507
279.7	0.0003915994
279.8	0.00040427199999999995
279.9	0.0003478375000000001
280.0	0.00038804119999999995
280.1	0.0003916773
280.2	0.0003792617
280.3	0.0003803932
280.4	0.0003971862
280.5	0.0003654183
280.6	0.0003110526
280.7	0.0003542049000000001
280.8	0.00034719040000000007
280.9	0.0004159144
281.0	0.0003811264
281.1	0.00037069370000000003
281.2	0.0003474395
281.3	0.00040407719999999993
281.4	0.0003061368000000001
281.5	0.0004264882
281.6	0.0003582861
281.7	0.00037687420000000004
281.8	0.00034216369999999995
281.9	0.00045765529999999995
282.0	0.0003709042
282.1	0.0004309282
282.2	0.00040454510000000006
282.3	0.0003810326
282.4	0.000382406
282.5	0.00036219620000000003
282.6	0.00034637039999999995
282.7	0.0004111856
282.8	0.0003797692
282.9	0.00035161450000000005
283.0	0.00030196969999999994
283.1	0.0003796053
283.2	0.0003815953
283.3	0.00035707639999999993
283.4	0.00034793819999999996
283.5	0.0003473066
283.6	0.00044271969999999997
283.7	0.00038935910000000007
283.8	0.00044060479999999993
283.9	0.00035720170000000005
284.0	0.00036180520000000005
284.1	0.00035645260000000004
284.2	0.00035543719999999997
284.3	0.0003779354
284.4	0.00037672559999999994
284.5	0.000380307
284.6	0.0003644741
284.7	0.00034475519999999993
284.8	0.000358536
284.9	0.00031894180000000005
285.0	0.000331583
285.1	0.0004145953
285.2	0.0003857233
285.3	0.00043265309999999995
285.4	0.00038850980000000005
285.5	0.0003651854999999999
285.6	0.0003518095
285.7	0.0003438422
285.8	0.0003551101999999999
285.9	0.0003424685
286.0	0.00035135700000000006
286.1	0.0003732217
286.2	0.0003255586
286.3	0.0003897569
286.4	0.00036384220000000003
286.5	0.0003719586
286.6	0.00041120170000000006
286.7	0.0003752828
286.8	0.0003265652000000001
286.9	0.0003796836
287.0	0.0003457693999999999
287.1	0.00037792679999999995
287.2	0.0003769518
287.3	0.00040346789999999995
287.4	0.00034936729999999994
287.5	0.0003358669000000001
287.6	0.00038754849999999994
287.7	0.0003335098
287.8	0.00035290889999999996
287.9	0.000437756
288.0	0.0003609157
288.1	0.0003993948
288.2	0.0003713412
288.3	0.000395298
288.4	0.00035713150000000007
288.5	0.0004316537
288.6	0.00031382229999999994
288.7	0.00035483
288.8	0.0003487272
288.9	0.00036296029999999995
289.0	0.0002667756
289.1	0.00034303830000000004
289.2	0.0003861763
289.3	0.00033344799999999997
289.4	0.0003180991
289.5	0.0002985438
289.6	0.0002750477000000001
289.7	0.00024141439999999994
289.8	0.00020132009999999998
289.9	0.00021567890000000005
290.0	0.00021346250000000005
290.1	0.00019870689999999997
290.2	0.0001595339
290.3	0.00018578379999999997
290.4	0.0001737984000000001
290.5	0.00022812510000000006
290.6	0.00020075079999999992
290.7	0.00023093380000000006
290.8	0.00021457030000000008
290.9	0.0003212665
291.0	0.0003287187
291.1	0.000295827
291.2	0.0003546819
291.3	0.0002895224
291.4	0.00037698349999999996
291.5	0.0003855202
291.6	0.00039675670000000003
291.7	0.000373238
291.8	0.0003837729
291.9	0.0004631565
292.0	0.0003839204000000001
292.1	0.0003776077999999999
292.2	0.000343538
292.3	0.00040100230000000007
292.4	0.0003904361
292.5	0.00044915739999999997
292.6	0.000354892
292.7	0.0004002992
292.8	0.00033301109999999995
292.9	0.0002988251
293.0	0.0003842319
293.1	0.00034460669999999993
293.2	0.00038379509999999996
293.3	0.00039127159999999994
293.4	0.0003850751
293.5	0.00040160299999999994
293.6	0.0004233581
293.7	0.00040920450000000004
293.8	0.0003768972000000001
293.9	0.00038432680000000005
294.0	0.0003329797
294.1	0.0003866048
294.2	0.0004277215
294.3	0.0003890469
294.4	0.0004055678
294.5	0.00041606989999999996
294.6	0.00037369759999999997
294.7	0.0003894383
294.8	0.00035825509999999996
294.9	0.0003955796
295.0	0.0004034915
295.1	0.00038107150000000003
295.2	0.0003508808
295.3	0.0003553369
295.4	0.00040235220000000004
295.5	0.00035919960000000003
295.6	0.0004090713
295.7	0.0003540419
295.8	0.00040001900000000005
295.9	0.00027655240000000003
296.0	0.0003905061
296.1	0.00042623030000000004
296.2	0.00036190730000000006
296.3	0.0003808775
296.4	0.0003607136
296.5	0.0004311001
296.6	0.000375633
296.7	0.00036468490000000003
296.8	0.00043841940000000003
296.9	0.00037684320000000004
297.0	0.0003842947999999999
297.1	0.0004037569
297.2	0.00036693270000000007
297.3	0.0004464411
297.4	0.0004050604
297.5	0.0003773581000000001
297.6	0.0004176623
297.7	0.00035715430000000004
297.8	0.0003339005
297.9	0.00032446640000000006
298.0	0.00038962450000000004
298.1	0.0003983254
298.2	0.00041092059999999994
298.3	0.00042447439999999996
298.4	0.0003832025
298.5	0.0003770458
298.6	0.00039179399999999994
298.7	0.0003947283
298.8	0.00040545840000000006
298.9	0.00036779110000000005
299.0	0.00037174700000000007
299.1	0.0003833979
299.2	0.0003589423
299.3	0.00036078339999999997
299.4	0.00037706999999999997
299.5	0.00041603150000000004
299.6	0.0003950401
299.7	0.0004027972
299.8	0.00038751779999999993
299.9	0.0004092195
300.0	0.00042670709999999995
300.1	0.0004110061
300.2	0.00043009360000000003
300.3	0.00040477829999999995
300.4	0.00035762260000000003
300.5	0.0003749306
300.6	0.00036538000000000006
300.7	0.00033204229999999994
300.8	0.00041293309999999996
300.9	0.00040694069999999997
301.0	0.00038331970000000004
301.1	0.0003446307
301.2	0.0003930662
301.3	0.00041017089999999994
301.4	0.00039802869999999995
301.5	0.0003229134
301.6	0.0003582159
301.7	0.00037777929999999996
301.8	0.0003560936
301.9	0.000363444
302.0	0.00031627270000000006
302.1	0.0004256924
302.2	0.00037311279999999994
302.3	0.00031553919999999995
302.4	0.00030970240000000005
302.5	0.00034434129999999996
302.6	0.0003137831
302.7	0.0003044810999999999
302.8	0.00034054180000000003
302.9	0.000430866
303.0	0.00044692580000000004
303.1	0.0003621649
303.2	0.00039233219999999997
303.3	0.00041650769999999996
303.4	0.0003844356
303.5	0.0004326142
303.6	0.0003511533
303.7	0.00039214490000000007
303.8	0.000399012
303.9	0.0004076733
304.0	0.000447651
304.1	0.00039121609999999993
304.2	0.00035034980000000007
304.3	0.0003091636999999999
304.4	0.0004037719
304.5	0.0004035774
304.6	0.0003915518
304.7	0.00034555069999999994
304.8	0.00038862550000000004
304.9	0.00039702229999999996
305.0	0.0003699682
305.1	0.0003643652
305.2	0.0003517151
305.3	0.00042304660000000004
305.4	0.0003940891
305.5	0.0004243653
305.6	0.00033767779999999993
305.7	0.0003580286
305.8	0.0003623124000000001
305.9	0.00034766539999999996
306.0	0.0003999414
306.1	0.0003687269
306.2	0.00043663299999999996
306.3	0.00038007289999999994
306.4	0.0003833816
306.5	0.00042708840000000003
306.6	0.000384334
306.7	0.00035647580000000003
306.8	0.00039053739999999997
306.9	0.0004276976
307.0	0.00041546249999999997
307.1	0.00036509890000000004
307.2	0.0003965155
307.3	0.0003626796
307.4	0.000412232
307.5	0.0003855047
307.6	0.0004005345
307.7	0.0004013142
307.8	0.0003554779
307.9	0.0003538308
308.0	0.00036145389999999995
308.1	0.000394845
308.2	0.00032467
308.3	0.00041993299999999994
308.4	0.0004085483
308.5	0.000390436
308.6	0.00035384619999999996
308.7	0.0003857469
308.8	0.00033264449999999995
308.9	0.0003908269
309.0	0.0003263469
309.1	0.0004182091
309.2	0.0003733863
309.3	0.00038004239999999995
309.4	0.00043573489999999994
309.5	0.00036874250000000004
309.6	0.00039078800000000004
309.7	0.00043214579999999994
309.8	0.0004049587
309.9	0.00038090800000000006
310.0	0.0003865109
310.1	0.00037090530000000003
310.2	0.00038658910000000004
310.3	0.00042401470000000003
310.4	0.00042570760000000004
310.5	0.00037724830000000005
310.6	0.00042823560000000005
310.7	0.0004111622
310.8	0.00039370549999999995
310.9	0.00039239499999999997
311.0	0.0003807912
311.1	0.0003868313
311.2	0.00038626940000000004
311.3	0.0003682821
311.4	0.00043519610000000003
311.5	0.0003704206
311.6	0.00041692849999999996
311.7	0.00037003869999999996
311.8	0.00043480649999999994
311.9	0.0004157973
312.0	0.0004352200999999999
312.1	0.0003797538
312.2	0.00042280499999999995
312.3	0.00033402569999999997
312.4	0.00042522349999999997
312.5	0.00042161849999999997
312.6	0.00036186750000000005
312.7	0.00034615260000000006
312.8	0.00038585630000000006
312.9	0.0003354924
313.0	0.0003882426
313.1	0.00043662519999999996
313.2	0.0003863315
313.3	0.0003580675
313.4	0.00045041270000000005
313.5	0.0004320679
313.6	0.0003635767
313.7	0.0004312866
313.8	0.00040729080000000004
313.9	0.00036180559999999997
314.0	0.00032821930000000003
314.1	0.0002711301
314.2	0.0002532913
314.3	0.00027479010000000005
314.4	0.00031842649999999997
314.5	0.00031368080000000005
314.6	0.0003295774
314.7	0.0003609548000000001
314.8	0.00031222300000000004
314.9	0.0003925741
315.0	0.00037521219999999994
315.1	0.00034937499999999997
315.2	0.00037943380000000004
315.3	0.0003908115
315.4	0.00038105659999999994
315.5	0.0004132848
315.6	0.00039440060000000003
315.7	0.00040385780000000003
315.8	0.00039276150000000005
315.9	0.00046508389999999996
316.0	0.0003709191
316.1	0.0004085407
316.2	0.0004493607
316.3	0.0003745011
316.4	0.00037366689999999996
316.5	0.0003599092
316.6	0.0003503654
316.7	0.00040477140000000003
316.8	0.0003960933
316.9	0.00042296120000000003
317.0	0.00038073660000000005
317.1	0.0003818212
317.2	0.00040910230000000005
317.3	0.0003696398
317.4	0.0003944787
317.5	0.00041844219999999995
317.6	0.0003894682
317.7	0.00040487359999999997
317.8	0.00032711960000000005
317.9	0.00044552130000000004
318.0	0.00042602760000000003
318.1	0.0004106783
318.2	0.0004251143
318.3	0.0003760391
318.4	0.00043932429999999994
318.5	0.0004049347
318.6	0.00038696429999999994
318.7	0.00041055340000000005
318.8	0.00040717449999999996
318.9	0.0004003545
319.0	0.0003935033
319.1	0.0004221177
319.2	0.0003623834
319.3	0.0003938465
319.4	0.0003946965
319.5	0.0003802146
319.6	0.00039035769999999994
319.7	0.0004075413
319.8	0.00041773999999999994
319.9	0.00041368190000000003
320.0	0.000357326
320.1	0.0003564446
320.2	0.0003855981
320.3	0.0004266523
320.4	0.0003877597
320.5	0.0003949
320.6	0.00037137259999999996
320.7	0.00042836089999999995
320.8	0.0003650596
320.9	0.0004354311
321.0	0.00045481449999999995
321.1	0.0003499677999999999
321.2	0.0003949624
321.3	0.00039052190000000005
321.4	0.00038493499999999993
321.5	0.00037182430000000003
321.6	0.00039486850000000005
321.7	0.00036543420000000005
321.8	0.00041511909999999996
321.9	0.00038817340000000004
322.0	0.00037970729999999996
322.1	0.0003692038
322.2	0.0004071741
322.3	0.0004000733
322.4	0.0003783955
322.5	0.00038827470000000005
322.6	0.0003552745
322.7	0.00039572709999999994
322.8	0.0004274396
322.9	0.0003594957
323.0	0.00039652329999999996
323.1	0.00038716630000000003
323.2	0.0003762655
323.3	0.0004048338
323.4	0.00037469709999999993
323.5	0.00036516850000000003
323.6	0.00039387800000000007
323.7	0.0003723712
323.8	0.0003872914
323.9	0.00040348359999999993
324.0	0.00039224729999999997
324.1	0.000468822
324.2	0.00039668710000000004
324.3	0.00041394060000000005
324.4	0.000365552
324.5	0.00036064269999999996
324.6	0.00039167690000000007
324.7	0.00045460430000000005
324.8	0.00040146990000000004
324.9	0.00041406459999999995
325.0	0.0003670025
325.1	0.000447791
325.2	0.0003909831
325.3	0.0004143617
325.4	0.0004374522
325.5	0.0003986302
325.6	0.00040246899999999997
325.7	0.00034029990000000005
325.8	0.00044359339999999997
325.9	0.00037813809999999996
326.0	0.00039070180000000003
326.1	0.00032239850000000006
326.2	0.00037655400000000003
326.3	0.00038712800000000004
326.4	0.00028775130000000004
326.5	0.0003163033
326.6	0.000347174
326.7	0.0003745012
326.8	0.0003964756
326.9	0.00037076359999999996
327.0	0.0003691094
327.1	0.0004295709
327.2	0.00039269169999999994
327.3	0.00035962069999999997
327.4	0.0003448959
327.5	0.00035927729999999996
327.6	0.00042999199999999997
327.7	0.00039656960000000003
327.8	0.0003559291
327.9	0.0003947825
328.0	0.00040022950000000005
328.1	0.00044364
328.2	0.00038436549999999996
328.3	0.00038165030000000003
328.4	0.0003930585
328.5	0.00041374520000000004
328.6	0.0003575446
328.7	0.00034333470000000007
328.8	0.00035744309999999997
328.9	0.0004234289
329.0	0.0003772494
329.1	0.0003907329
329.2	0.0003202601
329.3	0.0003210874999999999
329.4	0.00038128289999999997
329.5	0.0003806508
329.6	0.00043216890000000006
329.7	0.00040660429999999997
329.8	0.0003854966
329.9	0.00038197739999999995
330.0	0.0003627732
330.1	0.00037891119999999996
330.2	0.0004370539
330.3	0.0004025786
330.4	0.00039385420000000003
330.5	0.00034834420000000007
330.6	0.0003524957
330.7	0.00036948350000000005
330.8	0.00036902349999999996
330.9	0.0004272293
331.0	0.00041180970000000004
331.1	0.00038857070000000005
331.2	0.00041702310000000007
331.3	0.00042406880000000005
331.4	0.0003928003999999999
331.5	0.00041441620000000004
331.6	0.00040155599999999996
331.7	0.0003815871999999999
331.8	0.0004081576
331.9	0.0003914111
332.0	0.00043784250000000004
332.1	0.0004101009
332.2	0.0003635388
332.3	0.0003752579
332.4	0.0003593397
332.5	0.0003942137
332.6	0.0004254741
332.7	0.0004044976
332.8	0.0004041777
332.9	0.00038375599999999996
333.0	0.0003932921
333.1	0.00035244849999999995
333.2	0.00036307750000000007
333.3	0.00041961349999999995
333.4	0.0003886341
333.5	0.0003770534
333.6	0.00039688160000000007
333.7	0.0003648649
333.8	0.0003941124
333.9	0.0003674947
334.0	0.0003171783
334.1	0.00037243329999999997
334.2	0.00041391749999999993
334.3	0.000409235
334.4	0.0003741506
334.5	0.0004137843
334.6	0.0004020325
334.7	0.0004094377
334.8	0.0004139168
334.9	0.0003842167
335.0	0.0003671122
335.1	0.00039399519999999997
335.2	0.00041983179999999996
335.3	0.0003728939000000001
335.4	0.00040396690000000005
335.5	0.00043301159999999995
335.6	0.00041525979999999996
335.7	0.0003507791999999999
335.8	0.0003776855
335.9	0.00039539149999999994
336.0	0.00042723720000000003
336.1	0.00032676799999999996
336.2	0.0003578101
336.3	0.000395314
336.4	0.0003983564
336.5	0.0003589031000000001
336.6	0.0003952975
336.7	0.00040880579999999993
336.8	0.00034667469999999996
336.9	0.0003898505
337.0	0.00041615600000000005
337.1	0.0003542361
337.2	0.00040097159999999995
337.3	0.00041084959999999996
337.4	0.0003330345
337.5	0.000340018
337.6	0.0004146427
337.7	0.00040596570000000007
337.8	0.0003993475
337.9	0.00036039300000000003
338.0	0.0003774202
338.1	0.0004332068999999999
338.2	0.0003894443
338.3	0.0002483425
338.4	0.00030086079999999996
338.5	0.0003783727
338.6	0.0003469949
338.7	0.0003883688
338.8	0.0003538774
338.9	0.0003474318
339.0	0.0004006046
339.1	0.000345949
339.2	0.00045497800000000003
339.3	0.000400932
339.4	0.00041776410000000003
339.5	0.0003577954000000001
339.6	0.00042147859999999997
339.7	0.00035527440000000007
339.8	0.0004119893
339.9	0.00038870379999999996
340.0	0.0003582861
340.1	0.0003526674
340.2	0.0003774985
340.3	0.0003449029
340.4	0.00040733850000000004
340.5	0.00035126289999999995
340.6	0.00039047560000000003
340.7	0.00038980389999999996
340.8	0.0003561561
340.9	0.0004488915
341.0	0.00040142300000000004
341.1	0.0003540409
341.2	0.00036163389999999997
341.3	0.0003978105
341.4	0.00039802110000000006
341.5	0.00037482970000000005
341.6	0.00034803260000000006
341.7	0.0003545089
341.8	0.00040790760000000004
341.9	0.0003835069
342.0	0.0004283456
342.1	0.00033434480000000004
342.2	0.00036618269999999997
342.3	0.00041784960000000007
342.4	0.00037489209999999997
342.5	0.0003690077
342.6	0.00038440450000000004
342.7	0.0003781857000000001
342.8	0.000380253
342.9	0.00041486900000000006
343.0	0.0003348759000000001
343.1	0.0004071903
343.2	0.00036823559999999995
343.3	0.00038448249999999996
343.4	0.0003845283
343.5	0.00037875459999999996
343.6	0.0003941984
343.7	0.0003850510000000001
343.8	0.0003775215
343.9	0.0003882359
344.0	0.0004058713
344.1	0.00039120850000000005
344.2	0.00043107600000000007
344.3	0.00041176319999999995
344.4	0.000371833
344.5	0.0003268852
344.6	0.0003831161
344.7	0.0004476898
344.8	0.00037569580000000006
344.9	0.0003980911
345.0	0.0003334401000000001
345.1	0.0003842951
345.2	0.0003303657
345.3	0.00040817419999999993
345.4	0.00034087690000000003
345.5	0.00038708799999999995
345.6	0.00034755660000000005
345.7	0.00043388579999999996
345.8	0.0004284782
345.9	0.00036551999999999993
346.0	0.00047740540000000006
346.1	0.0003598005
346.2	0.00038026810000000005
346.3	0.0003595034
346.4	0.00038104880000000004
346.5	0.0004345881
346.6	0.0004250528
346.7	0.00038982669999999993
346.8	0.00035530550000000005
346.9	0.00038189229999999994
347.0	0.0003779276
347.1	0.0003776378
347.2	0.0003525819
347.3	0.0004088989
347.4	0.00035099829999999993
347.5	0.00033029559999999997
347.6	0.00035996339999999996
347.7	0.0003213837000000001
347.8	0.00033274520000000003
347.9	0.00040135370000000004
348.0	0.00036151689999999997
348.1	0.0002927991
348.2	0.0003616423
348.3	0.00038395910000000005
348.4	0.00038777490000000005
348.5	0.00035806049999999995
348.6	0.00036357710000000005
348.7	0.00038510629999999996
348.8	0.00041033450000000005
348.9	0.00042019139999999996
349.0	0.0003629218
349.1	0.000384576
349.2	0.0004264496
349.3	0.0003268927
349.4	0.00046193909999999995
349.5	0.00040035499999999997
349.6	0.00040397510000000003
349.7	0.00038713660000000004
349.8	0.00036986669999999997
349.9	0.0003917316
