0.0	0.0004465236
0.1	0.00048796369999999997
0.2	0.0004701053
0.3	0.0004232365
0.4	0.00044945120000000003
0.5	0.00045515890000000003
0.6	0.000473916
0.7	0.0004912788
0.8	0.0004519214
0.9	0.0004886763000000001
1.0	0.0004826587
1.1	0.00043015219999999996
1.2	0.00042378620000000007
1.3	0.0005039947
1.4	0.0004522543
1.5	0.0004995492
1.6	0.0004546166
1.7	0.0005245867
1.8	0.0005055436
1.9	0.0005003159
2.0	0.00044714350000000006
2.1	0.0004120928
2.2	0.00045923959999999995
2.3	0.0004431085
2.4	0.0004890871000000001
2.5	0.0004645836
2.6	0.0004903958
2.7	0.0004083981
2.8	0.0004883585
2.9	0.0004799171
3.0	0.0004571336
3.1	0.0004710966
3.2	0.00047308669999999997
3.3	0.00046342180000000005
3.4	0.00048820410000000004
3.5	0.00044939709999999996
3.6	0.0004674489
3.7	0.0004783759
3.8	0.0004706318
3.9	0.0004710579
4.0	0.00046040950000000006
4.1	0.0004281617
4.2	0.00045447
4.3	0.00047293190000000004
4.4	0.00048588069999999997
4.5	0.0004514493
4.6	0.0004559798
4.7	0.0005044902999999999
4.8	0.0004806222
4.9	0.00043928300000000006
5.0	0.0005040253
5.1	0.00043431849999999995
5.2	0.0004849515000000001
5.3	0.0004652653
5.4	0.0004226791
5.5	0.0005084244
5.6	0.0005013616
5.7	0.000466148
5.8	0.0004980316
5.9	0.0004332265
6.0	0.0004900697999999999
6.1	0.00040923440000000005
6.2	0.0004499234
6.3	0.0005262984
6.4	0.0004461444
6.5	0.00045601859999999997
6.6	0.0005255937
6.7	0.00026487990000000007
6.8	0.00046185730000000003
6.9	0.0005116926
7.0	0.0004601076
7.1	0.0004722427
7.2	0.0004387715
7.3	0.00045658339999999996
7.4	0.00045879130000000005
7.5	0.0004478172
7.6	0.00045366410000000003
7.7	0.0004967304
7.8	0.0004531297
7.9	0.0004630967
8.0	0.00045253310000000006
8.1	0.00043123630000000004
8.2	0.0004993173000000001
8.3	0.00045051990000000006
8.4	0.0004579388
8.5	0.00044255099999999996
8.6	0.00041474129999999993
8.7	0.00048753020000000003
8.8	0.00048806479999999997
8.9	0.0004909377
9.0	0.0004970012
9.1	0.0004901942999999999
9.2	0.0004816215
9.3	0.000474419
9.4	0.0004013275
9.5	0.0005057913999999999
9.6	0.00045049639999999996
9.7	0.00047815940000000006
9.8	0.0004012038
9.9	0.0004658846
10.0	0.00045149540000000003
10.1	0.0004772612
10.2	0.0004918438999999999
10.3	0.00046953969999999996
10.4	0.000499867
10.5	0.0004802657
10.6	0.00045360960000000004
10.7	0.00048532339999999993
10.8	0.00048524569999999995
10.9	0.0005040563
11.0	0.0005096403000000001
11.1	0.00044687199999999996
11.2	0.0004992317
11.3	0.00046765030000000006
11.4	0.0004783846
11.5	0.0004800567
11.6	0.00046347609999999997
11.7	0.0004478171
11.8	0.0004907983
11.9	0.0004423958
12.0	0.00048525289999999996
12.1	0.00044966
12.2	0.00045031879999999995
12.3	0.0005351732
12.4	0.00045673860000000003
12.5	0.0005028874
12.6	0.00047460479999999995
12.7	0.00048395990000000004
12.8	0.0004849976
12.9	0.0004454167
13.0	0.00048021930000000004
13.1	0.0004865933
13.2	0.0004565756
13.3	0.00048175290000000004
13.4	0.00046826189999999996
13.5	0.0004772299
13.6	0.0004699276
13.7	0.00046787479999999996
13.8	0.0004485371
13.9	0.0005070153000000001
14.0	0.00044033610000000003
14.1	0.00047898060000000004
14.2	0.00047762540000000005
14.3	0.0004693155
14.4	0.00044502159999999997
14.5	0.0004446882
14.6	0.00041402860000000003
14.7	0.00042988099999999996
14.8	0.0004982326
14.9	0.0004883667
15.0	0.00047020600000000003
15.1	0.00045776869999999997
15.2	0.0004547558
15.3	0.00046706179999999995
15.4	0.0004211916
15.5	0.00043519349999999996
15.6	0.0004560339
15.7	0.0004695634
15.8	0.0004837507
15.9	0.0004910694
16.0	0.00046167169999999995
16.1	0.00047227390000000003
16.2	0.0004426979
16.3	0.000459782
16.4	0.00046070339999999994
16.5	0.0004702603
16.6	0.0005224031
16.7	0.00042456089999999997
16.8	0.000432847
16.9	0.00047002759999999997
17.0	0.00042678320000000004
17.1	0.00044774710000000006
17.2	0.0004331413999999999
17.3	0.0004362315
17.4	0.0004634684
17.5	0.00045501920000000004
17.6	0.00044560180000000006
17.7	0.00042490180000000005
17.8	0.0004729557
17.9	0.0003935678
18.0	0.0004615555
18.1	0.0004451993
18.2	0.00044725200000000003
18.3	0.0004637778
18.4	0.00044380559999999996
18.5	0.0004203636
18.6	0.0004983722
18.7	0.0004445799
18.8	0.00044504480000000007
18.9	0.0004363709
19.0	0.0004583647
19.1	0.0004498462
19.2	0.00045648309999999997
19.3	0.000495344
19.4	0.00044904849999999997
19.5	0.00042377089999999994
19.6	0.0004111238
19.7	0.00041639830000000005
19.8	0.00044603629999999996
19.9	0.0004443244
20.0	0.00043133680000000005
20.1	0.00039994139999999993
20.2	0.0004506749
20.3	0.00047893369999999993
20.4	0.0003975479
20.5	0.0004235848
20.6	0.00045953430000000004
20.7	0.00043278500000000004
20.8	0.0004466865
20.9	0.00044530759999999997
21.0	0.00042209030000000007
21.1	0.00042292649999999996
21.2	0.0004242741
21.3	0.0003856454
21.4	0.00044278320000000005
21.5	0.00046991169999999996
21.6	0.00046594660000000006
21.7	0.0004610831000000001
21.8	0.00044157539999999996
21.9	0.00045696319999999997
22.0	0.0004901636
22.1	0.0003642094
22.2	0.00042494010000000004
22.3	0.00038844860000000005
22.4	0.0004279679
22.5	0.00041646
22.6	0.00042291119999999995
22.7	0.0004888621999999999
22.8	0.00044502910000000003
22.9	0.00048335589999999996
23.0	0.0004855321
23.1	0.00046187339999999993
23.2	0.00040471199999999994
23.3	0.00042549759999999993
23.4	0.0004520766
23.5	0.0004626245
23.6	0.000439647
23.7	0.0004455636
23.8	0.0003790784
23.9	0.00043458200000000003
24.0	0.0004496216
24.1	0.0004459351
24.2	0.0004761071
24.3	0.0004077478
24.4	0.00048756099999999996
24.5	0.0004631351
24.6	0.0004264505
24.7	0.00047929789999999993
24.8	0.00045185199999999993
24.9	0.0004754255
25.0	0.0004657763
25.1	0.00030072110000000003
25.2	0.000464204
25.3	0.0004560183
25.4	0.00045787690000000005
25.5	0.00039999549999999995
25.6	0.00044859969999999996
25.7	0.000412263
25.8	0.0004339859
25.9	0.0004022649
26.0	0.00041429980000000003
26.1	0.0004337533
26.2	0.0004241273
26.3	0.00043297860000000003
26.4	0.0005318515
26.5	0.00042090540000000004
26.6	0.0004639718
26.7	0.0004512089
26.8	0.00045816330000000003
26.9	0.0004877472
27.0	0.000411395
27.1	0.00045456989999999997
27.2	0.0004252269
27.3	0.0004748602
27.4	0.0004431937
27.5	0.0004971798
27.6	0.0003929558
27.7	0.00047093400000000006
27.8	0.00044206279999999996
27.9	0.00044518389999999996
28.0	0.0004935476
28.1	0.0004469498
28.2	0.00045910079999999994
28.3	0.00046484719999999996
28.4	0.0004251651
28.5	0.0004284331
28.6	0.0004042937
28.7	0.00042106800000000003
28.8	0.00047370649999999996
28.9	0.00045206910000000007
29.0	0.0004360224
29.1	0.0004808004
29.2	0.0004387714
29.3	0.00045251789999999997
29.4	0.00046330580000000007
29.5	0.000380867
29.6	0.00040159859999999996
29.7	0.00047363669999999996
29.8	0.0004376951
29.9	0.00047482949999999997
30.0	0.000421556
30.1	0.00044780119999999996
30.2	0.00041239449999999996
30.3	0.00044783279999999995
30.4	0.0004221366
30.5	0.0004857101
30.6	0.00044290690000000005
30.7	0.0004880489
30.8	0.00043912800000000006
30.9	0.00039379260000000006
31.0	0.00043658019999999996
31.1	0.00046702270000000006
31.2	0.0004940662999999999
31.3	0.0004616332
31.4	0.00041552349999999995
31.5	0.0004665891
31.6	0.00039732369999999996
31.7	0.0004737917
31.8	0.00046142409999999997
31.9	0.0004503185
32.0	0.00042398770000000004
32.1	0.00043063230000000007
32.2	0.0004468803
32.3	0.00041731940000000006
32.4	0.0004249479
32.5	0.000477865
32.6	0.0004289747
32.7	0.00041402109999999997
32.8	0.00044419250000000005
32.9	0.0004275499
33.0	0.00040553270000000003
33.1	0.0004171727
33.2	0.00044073869999999995
33.3	0.0004259856
33.4	0.0004398559
33.5	0.00046892790000000004
33.6	0.0004511007
33.7	0.00045262620000000004
33.8	0.00045126329999999997
33.9	0.00042153300000000003
34.0	0.00044879279999999994
34.1	0.0004322898
34.2	0.0004125493
34.3	0.00041485719999999994
34.4	0.00045378039999999996
34.5	0.00040614460000000003
34.6	0.00045404390000000004
34.7	0.0004295712
34.8	0.00043089569999999995
34.9	0.0004296255
35.0	0.00045178979999999997
35.1	0.00040671779999999996
35.2	0.0004351861
35.3	0.0004283553
35.4	0.0003941491
35.5	0.00044714360000000004
35.6	0.0004654973
35.7	0.00045494180000000005
35.8	0.00044377470000000005
35.9	0.0004311898
36.0	0.00040730670000000004
36.1	0.00042300419999999995
36.2	0.0003990356
36.3	0.00040832899999999997
36.4	0.00033226330000000006
36.5	0.0004330563
36.6	0.00042426650000000003
36.7	0.0004351082
36.8	0.0004276975
36.9	0.00045649080000000004
37.0	0.00043086460000000003
37.1	0.0004797626
37.2	0.0004425433
37.3	0.00036039890000000004
37.4	0.0003945669
37.5	0.00044151339999999996
37.6	0.00043348200000000006
37.7	0.00043130590000000003
37.8	0.0003817191
37.9	0.0003904315
38.0	0.0003880618
38.1	0.00042552910000000005
38.2	0.00040862280000000003
38.3	0.00041475680000000007
38.4	0.0005047071
38.5	0.0003919956
38.6	0.0004362316
38.7	0.0004344348
38.8	0.0004281466
38.9	0.00041570900000000005
39.0	0.00046239159999999997
39.1	0.0003952486
39.2	0.0004455866
39.3	0.0003872409
39.4	0.00040964539999999996
39.5	0.0004375329
39.6	0.00039002879999999995
39.7	0.0004266981
39.8	0.00036640869999999995
39.9	0.00038336889999999996
40.0	0.0003919653
40.1	0.00043719940000000007
40.2	0.00042495559999999996
40.3	0.00042372460000000004
40.4	0.00040486689999999996
40.5	0.0004070508
40.6	0.0004303537
40.7	0.00048290670000000004
40.8	0.00045670769999999996
40.9	0.00045456989999999997
41.0	0.0004444018
41.1	0.0003965883
41.2	0.00044159060000000005
41.3	0.00047628559999999994
41.4	0.0004362623
41.5	0.0004390894
41.6	0.00044503690000000004
41.7	0.00039458220000000005
41.8	0.00040158309999999993
41.9	0.00047376069999999996
42.0	0.0004531455
42.1	0.000458799
42.2	0.00045199890000000004
42.3	0.0004371993
42.4	0.0004091188
42.5	0.00045175860000000006
42.6	0.0004516509
42.7	0.0004747134
42.8	0.0004432322
42.9	0.00039778820000000006
43.0	0.0004398636
43.1	0.0003688402
43.2	0.0004082512
43.3	0.000408174
43.4	0.0004605252
43.5	0.0004480647
43.6	0.0004429147
43.7	0.0003580524
43.8	0.0004776328
43.9	0.00044804169999999996
44.0	0.0004481499
44.1	0.0004261485
44.2	0.00040101030000000003
44.3	0.00043664990000000004
44.4	0.00046112960000000005
44.5	0.0003760893
44.6	0.000421711
44.7	0.00039870240000000005
44.8	0.0004525412
44.9	0.0004411956
45.0	0.00042178079999999996
45.1	0.00043183260000000004
45.2	0.0004706943
45.3	0.00041280520000000004
45.4	0.0003838642
45.5	0.0004183186
45.6	0.0003873877
45.7	0.00039169410000000003
45.8	0.00042757360000000004
45.9	0.0003936069
46.0	0.0003831515
46.1	0.00042878929999999994
46.2	0.00044381320000000006
46.3	0.00039159270000000004
46.4	0.00047470520000000003
46.5	0.0004249866
46.6	0.00043153860000000007
46.7	0.000376476
46.8	0.0004171808
46.9	0.00040783320000000004
47.0	0.00043273880000000006
47.1	0.0004389496
47.2	0.00040816640000000004
47.3	0.00036456549999999997
47.4	0.00044028949999999997
47.5	0.0004350468
47.6	0.0004449288
47.7	0.00045573980000000004
47.8	0.00045198340000000007
47.9	0.00039300239999999996
48.0	0.00042398790000000005
48.1	0.0004014131
48.2	0.00039197239999999995
48.3	0.0004448667999999999
48.4	0.000524231
48.5	0.00044797969999999996
48.6	0.0005323623
48.7	0.00035830019999999994
48.8	0.00037491190000000005
48.9	0.00038750389999999996
49.0	0.000433931
49.1	0.0003474815
49.2	0.00037279789999999994
49.3	0.0003686003
49.4	0.00037443900000000007
49.5	0.0004156856
49.6	0.0003759956
49.7	0.0003609641
49.8	0.00038704680000000005
49.9	0.0003880618
50.0	0.00039788949999999997
50.1	0.00042724000000000006
50.2	0.00043360610000000004
50.3	0.00036896440000000003
50.4	0.0003976648
50.5	0.0003488749000000001
50.6	0.0003925766
50.7	0.000433629
50.8	0.00039337480000000005
50.9	0.00039291740000000003
51.0	0.00040717449999999996
51.1	0.0004089175
51.2	0.00038508009999999997
51.3	0.0004145084
51.4	0.0004364484
51.5	0.0004436896
51.6	0.0004259936
51.7	0.00040093299999999996
51.8	0.00040678
51.9	0.0003253787999999999
52.0	0.0003116249
52.1	0.0003320081000000001
52.2	0.0002952533
52.3	0.0003873177
52.4	0.0003828497
52.5	0.00037439300000000005
52.6	0.0003540327000000001
52.7	0.00039606939999999995
52.8	0.0003820052
52.9	0.00040010459999999996
53.0	0.00045514300000000003
53.1	0.00037340109999999996
53.2	0.0004073842
53.3	0.0004169327
53.4	0.00035946160000000003
53.5	0.0004118755
53.6	0.0004291536
53.7	0.0003875587
53.8	0.000420363
53.9	0.00044433990000000007
54.0	0.0004174131
54.1	0.00044233410000000004
54.2	0.0004625157
54.3	0.0004263965
54.4	0.00044450299999999996
54.5	0.0004508525
54.6	0.00044522250000000006
54.7	0.00038196720000000005
54.8	0.0003954113
54.9	0.00036861580000000004
55.0	0.0004227719
55.1	0.0004029154
55.2	0.00042175709999999996
55.3	0.00045685470000000005
55.4	0.0003889292
55.5	0.0004109307
55.6	0.0004352708
55.7	0.0003822688
55.8	0.0004240185
55.9	0.0004083205
56.0	0.00041779999999999996
56.1	0.00042475449999999996
56.2	0.0004197667
56.3	0.0003882316
56.4	0.0003880385
56.5	0.00042303520000000006
56.6	0.0003464827
56.7	0.0004115812
56.8	0.0003855991
56.9	0.00037233279999999996
57.0	0.00043837689999999996
57.1	0.00042905240000000005
57.2	0.00041937969999999997
57.3	0.0003852351
57.4	0.0003654791
57.5	0.00043465949999999995
57.6	0.00044065319999999996
57.7	0.0003638527
57.8	0.00045900000000000004
57.9	0.0003962397
58.0	0.0004102879
58.1	0.0004202006
58.2	0.0004157248
58.3	0.0004161429
58.4	0.00044932749999999997
58.5	0.0004522468
58.6	0.00043747089999999995
58.7	0.00042209830000000003
58.8	0.00036022070000000004
58.9	0.00035114440000000004
59.0	0.00027535800000000007
59.1	0.0003811458
59.2	0.0004213159
59.3	0.00032931310000000006
59.4	0.0004122319
59.5	0.0003965653
59.6	0.0004196198
59.7	0.0004252962
59.8	0.00032956859999999996
59.9	0.000424925
60.0	0.0004048358
60.1	0.00037347929999999996
60.2	0.0003379248
60.3	0.0004526109
60.4	0.0003918411
60.5	0.0003738662
60.6	0.00038253980000000005
60.7	0.00044770109999999993
60.8	0.0003759343
60.9	0.0003798759
61.0	0.00039098929999999995
61.1	0.0003716048
61.2	0.0003500598
61.3	0.00038205990000000006
61.4	0.0003085501
61.5	0.0003951553
61.6	0.00042033220000000005
61.7	0.00039369199999999996
61.8	0.0004025899
61.9	0.00037121759999999995
62.0	0.0003840966
62.1	0.00042027810000000004
62.2	0.0003561707000000001
62.3	0.00044417710000000006
62.4	0.0004389418
62.5	0.00043984790000000003
62.6	0.0004171027
62.7	0.00037023409999999997
62.8	0.0004341021
62.9	0.00045083730000000004
63.0	0.0004393213
63.1	0.00040952089999999995
63.2	0.0004545546
63.3	0.00041271989999999996
63.4	0.0004514805
63.5	0.00043573609999999997
63.6	0.0004658925
63.7	0.00040005779999999994
63.8	0.00043286280000000006
63.9	0.000426582
64.0	0.0004389959
64.1	0.00044046769999999996
64.2	0.00041359510000000003
64.3	0.0003974862
64.4	0.00046018520000000007
64.5	0.0004332657
64.6	0.00043589089999999996
64.7	0.00045453919999999997
64.8	0.00040628400000000003
64.9	0.000374447
65.0	0.0004177223
65.1	0.00041608060000000003
65.2	0.0004292227
65.3	0.0004597899
65.4	0.0004865386
65.5	0.0004235152
65.6	0.00041124789999999993
65.7	0.0003270053
65.8	0.00026420579999999994
65.9	0.00025841320000000005
66.0	0.000357588
66.1	0.00040103340000000005
66.2	0.0003526471
66.3	0.0004265353
66.4	0.00039971710000000004
66.5	0.0003542342
66.6	0.000468688
66.7	0.00045865900000000004
66.8	0.00037869119999999997
66.9	0.0003953257
67.0	0.00043920570000000004
67.1	0.00038369360000000004
67.2	0.0004352789
67.3	0.00042270229999999995
67.4	0.00040410079999999996
67.5	0.00038383289999999995
67.6	0.00046245440000000003
67.7	0.0004320417
67.8	0.00040677970000000004
67.9	0.0004250332
68.0	0.00039716909999999993
68.1	0.00037804049999999996
68.2	0.00047423290000000003
68.3	0.00040420060000000005
68.4	0.0004129597
68.5	0.0004623297
68.6	0.0003967815
68.7	0.0004267292
68.8	0.0003964255
68.9	0.00037447040000000004
69.0	0.0004269618
69.1	0.0004114570999999999
69.2	0.0005043739
69.3	0.0003789619
69.4	0.0004239489
69.5	0.0004087007
69.6	0.00035153950000000006
69.7	0.0003548077
69.8	0.00040416190000000003
69.9	0.0003918175
70.0	0.00038198260000000004
70.1	0.0004152519
70.2	0.0003866755
70.3	0.0004000035
70.4	0.0004263112
70.5	0.000430857
70.6	0.00041225480000000003
70.7	0.0004087935
70.8	0.0003964568
70.9	0.00037841970000000003
71.0	0.00041562410000000005
71.1	0.00042775930000000004
71.2	0.00037378100000000006
71.3	0.00040049920000000003
71.4	0.0004110777
71.5	0.0004282631
71.6	0.00037094650000000004
71.7	0.00044049080000000003
71.8	0.00036613689999999996
71.9	0.0003991671
72.0	0.0004195814
72.1	0.0003773121
72.2	0.0003729212
72.3	0.0004409015
72.4	0.0003282288
72.5	0.000354451
72.6	0.0003418434
72.7	0.000284566
72.8	0.0001964276000000001
72.9	0.00016361450000000003
73.0	0.0001619188
73.1	0.00017636270000000003
73.2	0.00015202939999999995
73.3	0.00015039550000000006
73.4	0.0003132435
73.5	0.00034848780000000003
73.6	0.00036498350000000005
73.7	0.0004101409
73.8	0.00044357329999999994
73.9	0.0003622885
74.0	0.00042904479999999995
74.1	0.00042427409999999996
74.2	0.00040021279999999994
74.3	0.0003855836999999999
74.4	0.00040259810000000003
74.5	0.0004218579
74.6	0.0003727589
74.7	0.00040114969999999997
74.8	0.0004386401
74.9	0.00042747249999999993
75.0	0.00042638090000000006
75.1	0.00036317939999999996
75.2	0.00038652019999999997
75.3	0.000407299
75.4	0.0003791474
75.5	0.00044884700000000005
75.6	0.00036779490000000005
75.7	0.00033518329999999996
75.8	0.0004409867
75.9	0.000395775
76.0	0.0003886887
76.1	0.000373316
76.2	0.00037284410000000003
76.3	0.00039515549999999996
76.4	0.0004254283
76.5	0.0003860015
76.6	0.0004012582
76.7	0.00041619679999999997
76.8	0.00041859
76.9	0.0004065553
77.0	0.0004326074
77.1	0.00041238660000000003
77.2	0.0003625594
77.3	0.0004719407
77.4	0.00042552860000000004
77.5	0.0003769103
77.6	0.00037828879999999996
77.7	0.0004427293
77.8	0.0003790629
77.9	0.00042598589999999996
78.0	0.0003663931
78.1	0.0004154692
78.2	0.0003305519
78.3	0.0004004294
78.4	0.0003875117
78.5	0.0004124411
78.6	0.00040161489999999993
78.7	0.00044769299999999993
78.8	0.00043624699999999996
78.9	0.0003973551
79.0	0.0004243127
79.1	0.00039449749999999995
79.2	0.00038933170000000005
79.3	0.0004201933
79.4	0.00039458289999999997
79.5	0.00039560460000000007
79.6	0.00038452999999999995
79.7	0.0002885702999999999
79.8	0.00036266020000000007
79.9	0.00031823090000000006
80.0	0.0003678645
80.1	0.00033898579999999993
80.2	0.00037742110000000005
80.3	0.00042538900000000003
80.4	0.00042573020000000005
80.5	0.0003933198
80.6	0.00040863870000000004
80.7	0.00033154370000000003
80.8	0.00037189149999999996
80.9	0.00038612609999999996
81.0	0.0004786707
81.1	0.00040388310000000004
81.2	0.0003587102
81.3	0.0004483206
81.4	0.0003920113
81.5	0.00040664049999999995
81.6	0.00037029620000000006
81.7	0.00040251320000000003
81.8	0.00034465410000000004
81.9	0.00040777099999999997
82.0	0.0003375222999999999
82.1	0.00041764489999999993
82.2	0.0004445332
82.3	0.0003784277
82.4	0.000432251
82.5	0.0003769253
82.6	0.0003858391
82.7	0.00037457840000000006
82.8	0.0003762051
82.9	0.0003882554
83.0	0.00038503370000000003
83.1	0.0003739124
83.2	0.0004111319
83.3	0.0004269148
83.4	0.00035630970000000004
83.5	0.00043913569999999997
83.6	0.00038553690000000005
83.7	0.0003730688
83.8	0.00037719599999999994
83.9	0.00038329069999999997
84.0	0.000354505
84.1	0.0003504553
84.2	0.0003664315
84.3	0.00040718259999999995
84.4	0.0003971536
84.5	0.0004554218
84.6	0.00040104889999999997
84.7	0.0003854597
84.8	0.00036229620000000003
84.9	0.00045081399999999996
85.0	0.0004095293
85.1	0.0003870935
85.2	0.00037760680000000006
85.3	0.0003757871
85.4	0.0004008166
85.5	0.0003810763
85.6	0.0003657115
85.7	0.00040107980000000004
85.8	0.00039922149999999996
85.9	0.00041283549999999997
86.0	0.00039116750000000005
86.1	0.00038139420000000003
86.2	0.00041560779999999997
86.3	0.0004083597
86.4	0.00043949199999999993
86.5	0.00041325429999999994
86.6	0.0003689869
86.7	0.0004268145
86.8	0.0003658431
86.9	0.0003793415
87.0	0.0004244138
87.1	0.0004034574
87.2	0.00037893899999999996
87.3	0.00043486089999999995
87.4	0.0004369827
87.5	0.00043195679999999994
87.6	0.0003963095
87.7	0.0003836704
87.8	0.00042034
87.9	0.00037004059999999996
88.0	0.000408886
88.1	0.00044030510000000003
88.2	0.00042238460000000003
88.3	0.0003872717
88.4	0.0003726196
88.5	0.00038666760000000003
88.6	0.00042002259999999997
88.7	0.00045133310000000003
88.8	0.00036401559999999996
88.9	0.00044868470000000005
89.0	0.00040240389999999994
89.1	0.00043414060000000006
89.2	0.00038065780000000007
89.3	0.0004707484
89.4	0.00036694280000000004
89.5	0.00044316259999999997
89.6	0.0003718142
89.7	0.00040791819999999997
89.8	0.00037743680000000004
89.9	0.0004499394
90.0	0.0003967894
90.1	0.0003866447
90.2	0.0004126269
90.3	0.00036906469999999997
90.4	0.0004188843
90.5	0.0004051691
90.6	0.00042054160000000007
90.7	0.00038418209999999993
90.8	0.00038147880000000004
90.9	0.0003960304
91.0	0.00033853629999999995
91.1	0.00041776899999999996
91.2	0.0004330021
91.3	0.00045326910000000005
91.4	0.00037902380000000004
91.5	0.0004074996
91.6	0.00042638869999999995
91.7	0.0004222841
91.8	0.0004709958
91.9	0.0004008321
92.0	0.0004095756
92.1	0.0004430078
92.2	0.00047506940000000003
92.3	0.00034762850000000006
92.4	0.0003903461999999999
92.5	0.0003691655
92.6	0.0004073375
92.7	0.00038830920000000005
92.8	0.00036210290000000003
92.9	0.0003673226
93.0	0.0004094128
93.1	0.0004311903
93.2	0.00041914729999999997
93.3	0.00038853419999999996
93.4	0.00038729490000000003
93.5	0.00037128759999999997
93.6	0.00041745139999999997
93.7	0.0004124717
93.8	0.0003943971
93.9	0.0004193411
94.0	0.00034544440000000006
94.1	0.00044849840000000006
94.2	0.0004089946
94.3	0.00040021250000000006
94.4	0.00037831910000000004
94.5	0.0003984858
94.6	0.0004139201
94.7	0.0003620406
94.8	0.00041141880000000004
94.9	0.00038810849999999997
95.0	0.00046930740000000005
95.1	0.0003875039
95.2	0.0004048436
95.3	0.0003813009
95.4	0.00041033430000000004
95.5	0.0003601511
95.6	0.0004364019
95.7	0.0003848945
95.8	0.00040257459999999993
95.9	0.00046413449999999995
96.0	0.00039723899999999997
96.1	0.0003905941
96.2	0.0004519524
96.3	0.0004071747
96.4	0.00036456539999999994
96.5	0.00041505879999999994
96.6	0.0004421402
96.7	0.0004097847
96.8	0.00040814260000000005
96.9	0.00045144910000000007
97.0	0.00039816790000000003
97.1	0.000393111
97.2	0.00043004390000000005
97.3	0.0003991287
97.4	0.0004228107
97.5	0.000422183
97.6	0.0003720152
97.7	0.0003760037
97.8	0.00040435600000000003
97.9	0.0003965415
98.0	0.0003717676
98.1	0.000409831
98.2	0.00043417929999999997
98.3	0.0004065552
98.4	0.00041146520000000003
98.5	0.000370327
98.6	0.0004359142
98.7	0.0004002897
98.8	0.00042483960000000003
98.9	0.0004257379
99.0	0.00044273669999999997
99.1	0.00039009060000000004
99.2	0.00037579480000000004
99.3	0.00039152349999999997
99.4	0.00045546839999999997
99.5	0.00041869839999999993
99.6	0.000405688
99.7	0.0003582069
99.8	0.0004127971
99.9	0.00037107810000000003
100.0	0.0004799252
100.1	0.00038323700000000003
100.2	0.00040471210000000003
100.3	0.00039984879999999996
100.4	0.00038997459999999995
100.5	0.0004485294
100.6	0.00044090889999999993
100.7	0.00041482609999999996
100.8	0.00036084010000000006
100.9	0.00031552040000000004
101.0	0.0003799767
101.1	0.00041827240000000005
101.2	0.00039897369999999997
101.3	0.000387837
101.4	0.00039637129999999996
101.5	0.00036314019999999993
101.6	0.0003530339
101.7	0.0004227253
101.8	0.00038065780000000007
101.9	0.0003803796
102.0	0.00038020910000000004
102.1	0.00037172860000000003
102.2	0.0003741758
102.3	0.0003631787
102.4	0.00041630559999999994
102.5	0.0004002592
102.6	0.0003798297
102.7	0.0004157785
102.8	0.00039004419999999994
102.9	0.000335749
103.0	0.00042919999999999997
103.1	0.0004042938
103.2	0.0003797601
103.3	0.000320175
103.4	0.00040218000000000003
103.5	0.00038494070000000003
103.6	0.0003932736
103.7	0.00039585240000000006
103.8	0.00036699679999999997
103.9	0.0003923909
104.0	0.0003723018
104.1	0.00032150669999999996
104.2	0.00037667000000000006
104.3	0.00037982160000000006
104.4	0.00034063559999999993
104.5	0.0003677406
104.6	0.00037242620000000004
104.7	0.00032825970000000004
104.8	0.0003693827
104.9	0.0003229861
105.0	0.000339497
105.1	0.00033796329999999993
105.2	0.0003213905
105.3	0.0003697774
105.4	0.0003887817
105.5	0.0003865361
105.6	0.00041305280000000007
105.7	0.0003414794
105.8	0.0003856298
105.9	0.0003971689
106.0	0.0003359887
106.1	0.0004038448
106.2	0.00034664489999999994
106.3	0.0003663
106.4	0.0003801394
106.5	0.00037610429999999993
106.6	0.0003750669
106.7	0.00038690790000000006
106.8	0.0003873644
106.9	0.00040162170000000003
107.0	0.0003816724
107.1	0.0003926385
107.2	0.00043057050000000003
107.3	0.00043709879999999997
107.4	0.0003694595
107.5	0.00039468289999999997
107.6	0.00039222799999999995
107.7	0.0004106057
107.8	0.00037714209999999994
107.9	0.00037426890000000006
108.0	0.0004362162
108.1	0.0003771111
108.2	0.0004073994
108.3	0.00043616200000000003
108.4	0.00036473580000000004
108.5	0.00036301650000000003
108.6	0.0004071284
108.7	0.000380759
108.8	0.00038435990000000006
108.9	0.0004006311
109.0	0.0004142684
109.1	0.0003628613
109.2	0.0003801163
109.3	0.00035329769999999994
109.4	0.00047657959999999997
109.5	0.0004459354
109.6	0.0003941875
109.7	0.0003811461
109.8	0.00035707689999999994
109.9	0.0004832164
110.0	0.0004240031
110.1	0.00045975879999999995
110.2	0.00042990449999999995
110.3	0.000383632
110.4	0.0003739904
110.5	0.00044134259999999994
110.6	0.0003601587
110.7	0.0005101362000000001
110.8	0.00046745690000000003
110.9	0.000392863
111.0	0.0003983698
111.1	0.00038418150000000005
111.2	0.0003624741
111.3	0.0004112483
111.4	0.00040912619999999996
111.5	0.00041731959999999997
111.6	0.0003758798
111.7	0.00039460600000000004
111.8	0.00040283790000000006
111.9	0.00041045029999999997
112.0	0.0004105279
112.1	0.0003756166
112.2	0.00038358540000000006
112.3	0.0003914768
112.4	0.00040426259999999995
112.5	0.0003983541
112.6	0.0004586438
112.7	0.00046067270000000005
112.8	0.00040743770000000004
112.9	0.0004012349
113.0	0.0003638681
113.1	0.00038116960000000004
113.2	0.0004175676
113.3	0.00044299259999999995
113.4	0.00034818619999999996
113.5	0.0004043246
113.6	0.0003829582
113.7	0.000395202
113.8	0.0003787374
113.9	0.00036277639999999996
114.0	0.0003836787
114.1	0.0003798061
114.2	0.00041081470000000004
114.3	0.0004396235
114.4	0.0004315152
114.5	0.00041965070000000006
114.6	0.0004090255
114.7	0.000390695
114.8	0.00040438700000000003
114.9	0.0004052696
115.0	0.0003894788
115.1	0.0004116975
115.2	0.00038895229999999997
115.3	0.0003550011
115.4	0.00039175589999999996
115.5	0.000376569
115.6	0.0003947218
115.7	0.00042169539999999995
115.8	0.0004283402
115.9	0.0004112016
116.0	0.00041954229999999996
116.1	0.0003728208
116.2	0.0004038756
116.3	0.00037979850000000005
116.4	0.00040997050000000007
116.5	0.00041035010000000006
116.6	0.0003471946999999999
116.7	0.0004065942
116.8	0.00037292930000000003
116.9	0.00034657530000000006
117.0	0.00039705279999999995
117.1	0.0004455479
117.2	0.00037981429999999996
117.3	0.00037862119999999995
117.4	0.00041102339999999997
117.5	0.00040434029999999993
117.6	0.000388263
117.7	0.0003717829
117.8	0.0004182262
117.9	0.0003721079
118.0	0.0004367891
118.1	0.0003483642
118.2	0.0003662149
118.3	0.000415965
118.4	0.0004312595
118.5	0.0003236208999999999
118.6	0.0004036667
118.7	0.00039331239999999996
118.8	0.00037855920000000006
118.9	0.0003761434
119.0	0.0004394764
119.1	0.00035927590000000003
119.2	0.00038290390000000007
119.3	0.0003833844
119.4	0.0004419236
119.5	0.00036450370000000004
119.6	0.00039964729999999993
119.7	0.000431972
119.8	0.0003710552
119.9	0.00036419349999999997
120.0	0.00043039220000000005
120.1	0.0003881315
120.2	0.0004361385
120.3	0.00037527569999999997
120.4	0.0003631872
120.5	0.000394637
120.6	0.0004069346
120.7	0.00033697230000000005
120.8	0.00040115720000000004
120.9	0.000409924
121.0	0.00042078929999999997
121.1	0.0004201464
121.2	0.0003631401
121.3	0.00043665779999999996
121.4	0.00036761660000000007
121.5	0.0004279918
121.6	0.0004317783
121.7	0.0003861255
121.8	0.00038301980000000007
121.9	0.00034027889999999994
122.0	0.000428975
122.1	0.0003982687
122.2	0.0004606415
122.3	0.0003976566
122.4	0.0003823234
122.5	0.00044492880000000004
122.6	0.000337553
122.7	0.0004130759
122.8	0.00042136250000000006
122.9	0.00038954139999999995
123.0	0.0003886037
123.1	0.00041768379999999997
123.2	0.0003693904
123.3	0.00041203830000000004
123.4	0.00043763309999999997
123.5	0.0003972308
123.6	0.00042562180000000005
123.7	0.00040037540000000004
123.8	0.0003716207
123.9	0.00038197500000000006
124.0	0.00039622420000000005
124.1	0.0004885601
124.2	0.0003517792
124.3	0.0003922279
124.4	0.00036990899999999997
124.5	0.00041146490000000004
124.6	0.00035241459999999994
124.7	0.00035635630000000005
124.8	0.00033695700000000003
124.9	0.00036396089999999996
125.0	0.00041192960000000005
125.1	0.00037047480000000003
125.2	0.0004381366
125.3	0.0004099162
125.4	0.0003788774
125.5	0.0004180557
125.6	0.000389727
125.7	0.0003804722
125.8	0.00043929040000000003
125.9	0.0004014437
126.0	0.0004048359
126.1	0.000385398
126.2	0.0003745169
126.3	0.0004195036
126.4	0.00044918
126.5	0.0004204566
126.6	0.0004262802
126.7	0.0003967971
126.8	0.00035684409999999997
126.9	0.00040152899999999997
127.0	0.00041349389999999995
127.1	0.00041972109999999994
127.2	0.00034691600000000006
127.3	0.00038292719999999993
127.4	0.0003967741999999999
127.5	0.00040559479999999995
127.6	0.0004678209
127.7	0.00037029630000000004
127.8	0.0004138273
127.9	0.00040276019999999996
128.0	0.0004045496
128.1	0.0004099782
128.2	0.00038816269999999997
128.3	0.0004006539
128.4	0.0003474582
128.5	0.0003759728
128.6	0.0004174903
128.7	0.00047681190000000004
128.8	0.0003480932
128.9	0.00040673310000000003
129.0	0.0004249013
129.1	0.0004404755
129.2	0.0004317631
129.3	0.0003916477
129.4	0.00036199429999999997
129.5	0.0004306559
129.6	0.0004004373
129.7	0.0004361772
129.8	0.00038300460000000004
129.9	0.0004112562
130.0	0.0003745399999999999
130.1	0.0003751673
130.2	0.00036687320000000005
130.3	0.0003910277
130.4	0.0003908029
130.5	0.00041229369999999996
130.6	0.00037949660000000004
130.7	0.0004099084
130.8	0.00035310380000000007
130.9	0.0003633879
131.0	0.00039710730000000005
131.1	0.0003416574
131.2	0.00036630770000000004
131.3	0.0003589894
131.4	0.00037076869999999997
131.5	0.00034567700000000007
131.6	0.00037487310000000005
131.7	0.0004635457
131.8	0.00038425210000000005
131.9	0.0003677946
132.0	0.0004304078
132.1	0.0003807902
132.2	0.0003876124
132.3	0.0004521539
132.4	0.00038153359999999997
132.5	0.00045203020000000003
132.6	0.00039308029999999996
132.7	0.0003619863
132.8	0.0004007391
132.9	0.0003946598
133.0	0.0004092041
133.1	0.0003814633
133.2	0.0003996626
133.3	0.00038577710000000005
133.4	0.0004167544
133.5	0.00036386869999999996
133.6	0.0004520144
133.7	0.0003903851
133.8	0.0003753918
133.9	0.0003899434
134.0	0.00042183499999999996
134.1	0.00039146129999999995
134.2	0.00041729619999999996
134.3	0.0004047665
134.4	0.00037426900000000004
134.5	0.00035204280000000006
134.6	0.0003917478
134.7	0.00041333149999999997
134.8	0.0004127584000000001
134.9	0.00040265200000000003
135.0	0.00041610370000000005
135.1	0.0003852584
135.2	0.000366052
135.3	0.00039203440000000006
135.4	0.00042551300000000003
135.5	0.0003780091
135.6	0.0003866448
135.7	0.00036343480000000005
135.8	0.0004563595
135.9	0.0004146018
136.0	0.0003864816
136.1	0.0003838491
136.2	0.00039032279999999997
136.3	0.0004038059
136.4	0.00040878530000000004
136.5	0.0004328395
136.6	0.0003819283
136.7	0.00039193379999999996
136.8	0.00040707389999999997
136.9	0.00041946499999999994
137.0	0.0003921973
137.1	0.0003581766000000001
137.2	0.00038849550000000005
137.3	0.00040777129999999996
137.4	0.00040329479999999995
137.5	0.0004013276
137.6	0.0004311823
137.7	0.0003938387
137.8	0.00045731159999999995
137.9	0.0003921122
138.0	0.0004043483
138.1	0.0004068728
138.2	0.00040847600000000006
138.3	0.00035528769999999994
138.4	0.00031308059999999996
138.5	0.00030772989999999995
138.6	0.000243823
138.7	0.0002744672
138.8	0.00035348340000000006
138.9	0.0002574452
139.0	0.0002640053
139.1	0.00038930100000000005
139.2	0.00042865739999999996
139.3	0.00037242620000000004
139.4	0.00035729360000000005
139.5	0.00040234999999999994
139.6	0.0003472723
139.7	0.00041540729999999996
139.8	0.00040256729999999994
139.9	0.00039933769999999996
140.0	0.0003862646
140.1	0.00041576319999999994
140.2	0.0003969132
140.3	0.00041388149999999996
140.4	0.0003940556
140.5	0.000408189
140.6	0.00042711650000000007
140.7	0.0003816417
140.8	0.0003886888
140.9	0.00037548470000000006
141.0	0.0004207274
141.1	0.00039869480000000006
141.2	0.00041467139999999995
141.3	0.00041093090000000003
141.4	0.000419434
141.5	0.0003884178
141.6	0.00041577089999999997
141.7	0.0004218582
141.8	0.0003816955
141.9	0.0004280459
142.0	0.0003708534
142.1	0.00040778650000000005
142.2	0.0003920731
142.3	0.00035785859999999995
142.4	0.0003728363
142.5	0.0004062768
142.6	0.00039465229999999994
142.7	0.0003661375
142.8	0.0003645265
142.9	0.000391663
143.0	0.0004005064
143.1	0.0003344709
143.2	0.00039228269999999995
143.3	0.00040237279999999996
143.4	0.0004415285
143.5	0.0004216645
143.6	0.00039220499999999996
143.7	0.00038374800000000005
143.8	0.0004261016
143.9	0.0003725884
144.0	0.0004022572
144.1	0.00043736219999999996
144.2	0.00038527360000000004
144.3	0.00041687079999999996
144.4	0.00039260790000000004
144.5	0.00035885790000000006
144.6	0.00038105319999999997
144.7	0.00039667330000000005
144.8	0.0003160782
144.9	0.00046727089999999997
145.0	0.0004090022
145.1	0.00033929550000000004
145.2	0.0003439345
145.3	0.0002997989
145.4	0.00021351170000000002
145.5	0.00020790499999999998
145.6	0.00023337590000000006
145.7	0.00023125420000000003
145.8	0.0001828054
145.9	0.00017236560000000005
146.0	0.00015217620000000003
146.1	0.00017011210000000008
146.2	0.00018382769999999993
146.3	0.00019975790000000004
146.4	0.0001778951
146.5	0.00037837380000000005
146.6	0.0003260756
146.7	0.0003823694
146.8	0.0004124486
146.9	0.00043134479999999996
147.0	0.0004122632
147.1	0.0004120615
147.2	0.0003674231
147.3	0.00036802699999999994
147.4	0.0003913919
147.5	0.0003770879
147.6	0.00044924210000000007
147.7	0.0004203398
147.8	0.0003664472
147.9	0.0003744549
148.0	0.000403411
148.1	0.00039440440000000003
148.2	0.00040121950000000003
148.3	0.00036169239999999997
148.4	0.00038665220000000004
148.5	0.0003998018
148.6	0.0003783656
148.7	0.0004188995
148.8	0.0004483513
148.9	0.00039811389999999994
149.0	0.00045580140000000006
149.1	0.0003853204
149.2	0.00039683590000000004
149.3	0.0004183114
149.4	0.0004056335
149.5	0.00036705150000000003
149.6	0.0003756708
149.7	0.0003688478
149.8	0.0003734017
149.9	0.0004090642
150.0	0.00039376889999999994
150.1	0.00043705210000000004
150.2	0.0003985087
150.3	0.00041471020000000006
150.4	0.00040654780000000005
150.5	0.0003855061
150.6	0.00040090190000000004
150.7	0.0003992831
150.8	0.0003951165
150.9	0.0003726584
151.0	0.00038875879999999995
151.1	0.0004187526
151.2	0.0004135872
151.3	0.00045005500000000004
151.4	0.0003793724
151.5	0.00039397849999999997
151.6	0.00038894449999999996
151.7	0.00038014710000000004
151.8	0.0003859864
151.9	0.0003507575
152.0	0.000403674
152.1	0.00031991950000000006
152.2	0.00039159309999999996
152.3	0.00043069469999999993
152.4	0.0003550555
152.5	0.0002563849
152.6	0.0002160908
152.7	0.00033647690000000003
152.8	0.00027950130000000003
152.9	0.0003398302
153.0	0.00036279209999999994
153.1	0.00040939719999999994
153.2	0.0005314249
153.3	0.0003554659
153.4	0.00038420500000000004
153.5	0.00034872059999999994
153.6	0.0003785439
153.7	0.000387225
153.8	0.0003582537
153.9	0.0003865748
154.0	0.00038769750000000006
154.1	0.000407384
154.2	0.0004138895
154.3	0.0003634658
154.4	0.00043907379999999995
154.5	0.0003350050000000001
154.6	0.00039291710000000004
154.7	0.0004087702
154.8	0.0003724644
154.9	0.0003795814
155.0	0.0004000808
155.1	0.00038002270000000006
155.2	0.0004242973
155.3	0.0003881081
155.4	0.00036822050000000006
155.5	0.00039255350000000003
155.6	0.0004120301
155.7	0.0004123714
155.8	0.00041998379999999997
155.9	0.00045953439999999997
156.0	0.00037992239999999996
156.1	0.00039975589999999994
156.2	0.00037480330000000004
156.3	0.00040720540000000003
156.4	0.000386219
156.5	0.000474752
156.6	0.0004097616
156.7	0.0003117332
156.8	0.0004977987000000001
156.9	0.00044726699999999994
157.0	0.00041199149999999996
157.1	0.0003883562
157.2	0.00041413670000000003
157.3	0.00041568609999999994
157.4	0.0004319956
157.5	0.0003931497
157.6	0.00043014459999999997
157.7	0.00038882840000000005
157.8	0.00036483629999999994
157.9	0.00037040470000000004
158.0	0.0003949541000000001
158.1	0.0004264348
158.2	0.00048088510000000005
158.3	0.00040688799999999994
158.4	0.0004354879
158.5	0.0004001352
158.6	0.0003974477
158.7	0.0003935756
158.8	0.0004667757
158.9	0.0003946829
159.0	0.00043772660000000003
159.1	0.0004738069
159.2	0.00045023289999999994
159.3	0.0004694392
159.4	0.0003971303
159.5	0.0003978195
159.6	0.00042543610000000004
159.7	0.00040470390000000005
159.8	0.00040226479999999994
159.9	0.0004200844
160.0	0.0003820676
160.1	0.0003321789
160.2	0.00036138249999999994
160.3	0.0003979744
160.4	0.00037436969999999996
160.5	0.00040368960000000003
160.6	0.00037774659999999997
160.7	0.0003910897
160.8	0.00038265580000000003
160.9	0.0003935291
161.0	0.00041182889999999997
161.1	0.0004101409
161.2	0.0003837091
161.3	0.00042401900000000003
161.4	0.00036900310000000005
161.5	0.0003771655
161.6	0.00043099649999999996
161.7	0.0004077012
161.8	0.00036215680000000004
161.9	0.0004295638
162.0	0.00038405819999999996
162.1	0.00045869009999999997
162.2	0.0004103495
162.3	0.00039468340000000003
162.4	0.0004325607
162.5	0.00044111800000000005
162.6	0.0004018159
162.7	0.0003638528
162.8	0.000440452
162.9	0.00037540770000000004
163.0	0.0003670668
163.1	0.0004057887
163.2	0.0003611576
163.3	0.0004145083
163.4	0.0004425898
163.5	0.0003803482
163.6	0.0004231981
163.7	0.0004055642
163.8	0.0003664625
163.9	0.00040688789999999996
164.0	0.00041312280000000004
164.1	0.0004330099
164.2	0.00040956740000000003
164.3	0.00043912810000000004
164.4	0.0004104581
164.5	0.00037050540000000006
164.6	0.000391066
164.7	0.0004325455
164.8	0.0004321039
164.9	0.00043318800000000004
165.0	0.0004130452
165.1	0.0004339548
165.2	0.00042461490000000006
165.3	0.00041840380000000003
165.4	0.0004257615
165.5	0.0003965804
165.6	0.0004132076
165.7	0.00041525209999999994
165.8	0.00038841810000000005
165.9	0.00045788480000000004
166.0	0.00038885969999999994
166.1	0.0004235308
166.2	0.0004174441
166.3	0.0003742843
166.4	0.0003798682
166.5	0.00044479670000000004
166.6	0.000408313
166.7	0.0004082432
166.8	0.0004339548
166.9	0.0004215327
167.0	0.0003739979
167.1	0.0004132152
167.2	0.00044100979999999997
167.3	0.0004091106
167.4	0.0004006853
167.5	0.00039561229999999993
167.6	0.00034254070000000003
167.7	0.00038295790000000005
167.8	0.00038100669999999994
167.9	0.0003849643
168.0	0.0004002437
168.1	0.0004008398
168.2	0.0003587805
168.3	0.0004412343
168.4	0.00037663080000000003
168.5	0.0003850726
168.6	0.0003895949
168.7	0.0004159338
168.8	0.0004394842
168.9	0.00039586790000000003
169.0	0.0003851188
169.1	0.00040880070000000004
169.2	0.0003833533
169.3	0.00037361849999999994
169.4	0.00042049510000000004
169.5	0.00041022579999999996
169.6	0.00042794510000000003
169.7	0.0004253508
169.8	0.0004052309
169.9	0.00039825339999999997
170.0	0.0003719302
170.1	0.0003776683999999999
170.2	0.00044183060000000003
170.3	0.00038285749999999996
170.4	0.0004158252
170.5	0.0004344814
170.6	0.00038867379999999997
170.7	0.000413378
170.8	0.00039301820000000004
170.9	0.0004116277
171.0	0.0004475692
171.1	0.00039364540000000006
171.2	0.0004485064
171.3	0.00043438090000000003
171.4	0.000465536
171.5	0.0003496962
171.6	0.0004239803
171.7	0.00038083619999999997
171.8	0.00039238349999999995
171.9	0.00043260720000000007
172.0	0.00040448709999999996
172.1	0.0004373929
172.2	0.0003922202
172.3	0.0004256294
172.4	0.0004247313
172.5	0.00036672610000000003
172.6	0.0003669891999999999
172.7	0.00041581720000000003
172.8	0.0003785209
172.9	0.0004235464
173.0	0.0003689176
173.1	0.0003614597
173.2	0.00040781750000000005
173.3	0.0003943266
173.4	0.00041659960000000007
173.5	0.0004340092
173.6	0.00039853980000000006
173.7	0.00045216159999999996
173.8	0.0004163209
173.9	0.00046207430000000003
174.0	0.00040713619999999996
174.1	0.00041062069999999996
174.2	0.0003504322
174.3	0.00046299599999999997
174.4	0.00041927170000000005
174.5	0.0004028998
174.6	0.0004095367
174.7	0.00037690200000000003
174.8	0.00039980999999999995
174.9	0.00043222029999999997
175.0	0.00041059779999999996
175.1	0.00039272399999999995
175.2	0.00037831160000000003
175.3	0.00041406710000000004
175.4	0.0003933435
175.5	0.0004163514
175.6	0.00043882609999999994
175.7	0.0004031631
175.8	0.0004031245
175.9	0.00038695419999999997
176.0	0.00042080469999999996
176.1	0.00046031630000000005
176.2	0.00034885950000000004
176.3	0.0004927728999999999
176.4	0.0004222759
176.5	0.0003651925
176.6	0.00041742069999999997
176.7	0.000410056
176.8	0.0004213933
176.9	0.00043244490000000007
177.0	0.0004089173
177.1	0.00037951189999999995
177.2	0.0004234225
177.3	0.0004067337
177.4	0.00037705710000000007
177.5	0.0004263108
177.6	0.00041297550000000006
177.7	0.00043320390000000004
177.8	0.00041391210000000004
177.9	0.000384236
178.0	0.0004274961
178.1	0.00046216740000000006
178.2	0.00046328280000000003
178.3	0.00042168770000000004
178.4	0.0003828731
178.5	0.00036461199999999994
178.6	0.00041365679999999993
178.7	0.000400499
178.8	0.0004127429
178.9	0.0004283327
179.0	0.000398501
179.1	0.0003923366
179.2	0.0003842901
179.3	0.00041698680000000005
179.4	0.0004141758
179.5	0.0004011105
179.6	0.000405649
179.7	0.00037245700000000003
179.8	0.0004520222
179.9	0.0004571258
180.0	0.00039313409999999993
180.1	0.0004494666
180.2	0.00035819179999999995
180.3	0.0004424346999999999
180.4	0.00045367960000000006
180.5	0.0003889757
180.6	0.00041654509999999997
180.7	0.00037028060000000005
180.8	0.00042274049999999996
180.9	0.0004254824
181.0	0.0004248863
181.1	0.00038411230000000003
181.2	0.0004199141
181.3	0.0003818586
181.4	0.00038591659999999997
181.5	0.00041483400000000005
181.6	0.00036652449999999997
181.7	0.00036520819999999996
181.8	0.0004497993
181.9	0.0003974478
182.0	0.00029521479999999997
182.1	0.0004116048
182.2	0.0003671986
182.3	0.00045391949999999996
182.4	0.0004069739
182.5	0.00043133700000000006
182.6	0.0003797057
182.7	0.00038418150000000005
182.8	0.0003533907
182.9	0.0003886577
183.0	0.00047249030000000005
183.1	0.000383586
183.2	0.00045232430000000004
183.3	0.00044181499999999997
183.4	0.00041641380000000003
183.5	0.0003923131
183.6	0.00039853230000000005
183.7	0.00040696570000000004
183.8	0.00043652610000000005
183.9	0.00041134889999999995
184.0	0.00036413910000000007
184.1	0.0003899514
184.2	0.00036733029999999996
184.3	0.0003564032
184.4	0.00037959710000000005
184.5	0.0004061528
184.6	0.0003781332
184.7	0.00040581970000000005
184.8	0.00035782749999999997
184.9	0.0004240961
185.0	0.0004548951
185.1	0.0003727045
185.2	0.00042192010000000003
185.3	0.0004157091
185.4	0.000358285
185.5	0.00040461939999999997
185.6	0.0004202702
185.7	0.00038202860000000006
185.8	0.0004609208
185.9	0.0004325837000000001
186.0	0.00043163149999999993
186.1	0.0004063697
186.2	0.00034989010000000003
186.3	0.00040258979999999997
186.4	0.0003900518
186.5	0.00038981979999999996
186.6	0.0003954806
186.7	0.00039485329999999996
186.8	0.0003797674
186.9	0.00039520989999999997
187.0	0.00043843120000000005
187.1	0.0003895255
187.2	0.00036566500000000004
187.3	0.00036206400000000005
187.4	0.0003938700999999999
187.5	0.00040208679999999996
187.6	0.0004360303
187.7	0.0003888830000000001
187.8	0.0003847321
187.9	0.00041421460000000003
188.0	0.0004142999
188.1	0.00044114130000000003
188.2	0.00041454739999999995
188.3	0.00039931440000000003
188.4	0.0004208436
188.5	0.0004086771
188.6	0.0004147797
188.7	0.00037090830000000003
188.8	0.000435736
188.9	0.00036692720000000003
189.0	0.00041745149999999995
189.1	0.0003703117
189.2	0.0004181798
189.3	0.00038362460000000004
189.4	0.0004010802
189.5	0.00036485179999999997
189.6	0.00038586240000000003
189.7	0.0003518492
189.8	0.0003695993
189.9	0.0003921663
190.0	0.00039305670000000005
190.1	0.00038244669999999996
190.2	0.0004320107
190.3	0.00034686939999999995
190.4	0.0003987723
190.5	0.0004283398
190.6	0.0003774443
190.7	0.00037590280000000006
190.8	0.00040866949999999997
190.9	0.00039560450000000004
191.0	0.00040015829999999995
191.1	0.00036270659999999995
191.2	0.0003952563
191.3	0.00034795359999999995
191.4	0.0004331724
191.5	0.0003991049
191.6	0.00038952539999999997
191.7	0.0003762517
191.8	0.00041358700000000004
191.9	0.00043722299999999993
192.0	0.00045016340000000003
192.1	0.00035982569999999995
192.2	0.0003486431
192.3	0.00037890790000000003
192.4	0.0003874803
192.5	0.0004154148
192.6	0.00038195120000000007
192.7	0.0004009405
192.8	0.0004000034
192.9	0.00038597079999999997
193.0	0.00040182349999999995
193.1	0.0003776451999999999
193.2	0.0003774054
193.3	0.00038445289999999995
193.4	0.0003881626
193.5	0.0003562167
193.6	0.00038182759999999994
193.7	0.00038876629999999996
193.8	0.00041622029999999996
193.9	0.0003513225
194.0	0.00035852480000000004
194.1	0.00040834380000000003
194.2	0.0004264039
194.3	0.0004023035
194.4	0.0003416032
194.5	0.0004149343
194.6	0.00035115229999999997
194.7	0.00038566869999999995
194.8	0.00034978130000000007
194.9	0.00038600170000000004
195.0	0.00038771350000000004
195.1	0.00040745360000000005
195.2	0.0002852706
195.3	0.00038006189999999993
195.4	0.0003888981
195.5	0.00043485340000000005
195.6	0.00045064369999999994
195.7	0.0004291607
195.8	0.00034054249999999995
195.9	0.00044118799999999996
196.0	0.00044127299999999995
196.1	0.0003983617
196.2	0.00043046969999999997
196.3	0.00039924440000000007
196.4	0.0003722399
196.5	0.0004134167
196.6	0.0004232752
196.7	0.0003769177
196.8	0.00040873149999999997
196.9	0.00041364090000000004
197.0	0.0003940866
197.1	0.0003857305
197.2	0.0004030547
197.3	0.00036409260000000004
197.4	0.00043321900000000004
197.5	0.000398927
197.6	0.0003856916
197.7	0.0003630083
197.8	0.0004473212
197.9	0.00043092660000000003
198.0	0.0003990278
198.1	0.00040241990000000003
198.2	0.00033852910000000004
198.3	0.00038539
198.4	0.00037003290000000005
198.5	0.000397951
198.6	0.00038244710000000004
198.7	0.0004143771
198.8	0.0003977887
198.9	0.00040909539999999997
199.0	0.00038146340000000004
199.1	0.00040011969999999996
199.2	0.00046505619999999995
199.3	0.0003660523
199.4	0.00040708169999999997
199.5	0.0004344271
199.6	0.000383206
199.7	0.0004597125
199.8	0.00039620080000000004
199.9	0.0004309728
200.0	0.00036296209999999997
200.1	0.0004136487
200.2	0.0004097846
200.3	0.0004061911
200.4	0.00043112019999999997
200.5	0.0004128825
200.6	0.0003620873
200.7	0.00036647030000000003
200.8	0.000385769
200.9	0.00047126739999999996
201.0	0.0004394918
201.1	0.00035597659999999997
201.2	0.0004060134
201.3	0.0004381986
201.4	0.00034991290000000006
201.5	0.0004015054
201.6	0.0003755777
201.7	0.0003949776
201.8	0.00039061719999999996
201.9	0.0004090255
202.0	0.0003516402
202.1	0.00039083419999999997
202.2	0.00044794079999999997
202.3	0.00047326480000000004
202.4	0.00045009409999999993
202.5	0.00040151339999999996
202.6	0.00046775900000000005
202.7	0.00038931649999999996
202.8	0.0004464233
202.9	0.00042117629999999993
203.0	0.00038953300000000007
203.1	0.00041936409999999996
203.2	0.00041124069999999997
203.3	0.0003891689
203.4	0.00042748019999999995
203.5	0.0003562865
203.6	0.00034708620000000004
203.7	0.0003973471
203.8	0.00039656489999999995
203.9	0.00040055339999999997
204.0	0.0003457852
204.1	0.00039866369999999997
204.2	0.0003455607
204.3	0.00043913579999999995
204.4	0.0004143539
204.5	0.0004140901
204.6	0.00037980640000000003
204.7	0.0003801627
204.8	0.0004170878
204.9	0.00042968759999999993
205.0	0.00040541700000000004
205.1	0.00034659100000000004
205.2	0.00037695649999999997
205.3	0.00040112639999999994
205.4	0.0004207042
205.5	0.0003666954
205.6	0.0004039761
205.7	0.000497226
205.8	0.0003756319
205.9	0.00033638379999999994
206.0	0.00040291529999999994
206.1	0.00037388179999999995
206.2	0.00037550809999999996
206.3	0.00039469110000000005
206.4	0.0004044643
206.5	0.00034929340000000006
206.6	0.0004323441
206.7	0.0003744237
206.8	0.0003666872
206.9	0.00040073159999999997
207.0	0.00041930249999999993
207.1	0.00043031509999999994
207.2	0.0003802478
207.3	0.000409955
207.4	0.00040061510000000003
207.5	0.00041656870000000005
207.6	0.0004192483
207.7	0.00039481499999999997
207.8	0.00043156950000000004
207.9	0.00038617990000000004
208.0	0.00041374209999999996
208.1	0.00040040609999999994
208.2	0.00043851610000000005
208.3	0.0004346208
208.4	0.00040294650000000006
208.5	0.0003622111
208.6	0.0003600269
208.7	0.00039180180000000005
208.8	0.0003789001
208.9	0.0003999027
209.0	0.0004124253
209.1	0.0003765145
209.2	0.0003809754
209.3	0.00046944709999999993
209.4	0.0004379044
209.5	0.00038348509999999996
209.6	0.00044615179999999994
209.7	0.0003771345
209.8	0.00040725210000000007
209.9	0.00041627429999999995
210.0	0.0003830743
210.1	0.000439732
210.2	0.00036306319999999996
210.3	0.0004093511
210.4	0.0003741068000000001
210.5	0.00038700869999999996
210.6	0.0003470786
210.7	0.000380178
210.8	0.00041931020000000006
210.9	0.00042886679999999997
211.0	0.0003873571
211.1	0.0003982608999999999
211.2	0.0003906636
211.3	0.00037011809999999994
211.4	0.0003940017
211.5	0.00040719040000000006
211.6	0.00033845939999999997
211.7	0.0003893472
211.8	0.00040983100000000004
211.9	0.0004059201
212.0	0.00043105040000000007
212.1	0.00042371669999999995
212.2	0.0003771577
212.3	0.000442396
212.4	0.00039776549999999996
212.5	0.0003914614
212.6	0.00031403309999999995
212.7	0.00038577699999999996
212.8	0.0003815641
212.9	0.0004565759
213.0	0.0003603135000000001
213.1	0.0003842515
213.2	0.0004001661
213.3	0.00040676459999999993
213.4	0.00042885140000000003
213.5	0.00038082050000000004
213.6	0.0004555385
213.7	0.00041633610000000004
213.8	0.000345615
213.9	0.0003938856
214.0	0.0003622958
214.1	0.0004365801
214.2	0.00043860890000000004
214.3	0.0003905555
214.4	0.00041720360000000004
214.5	0.00043477530000000003
214.6	0.0003865131
214.7	0.0003569838
214.8	0.0004292385
214.9	0.00035810689999999994
215.0	0.0004382373
215.1	0.0003763442
215.2	0.00040759319999999995
215.3	0.0004012348
215.4	0.0004025284
215.5	0.0003350979
215.6	0.0003745865
215.7	0.00043798940000000004
215.8	0.0004195035
215.9	0.00042986610000000003
216.0	0.0004810868
216.1	0.0003782261
216.2	0.00038267909999999995
216.3	0.00036073949999999996
216.4	0.00041567819999999996
216.5	0.00043611560000000004
216.6	0.00040124260000000005
216.7	0.0004253352
216.8	0.00034297410000000005
216.9	0.00040911850000000004
217.0	0.00037924869999999997
217.1	0.00039029220000000005
217.2	0.0004068493
217.3	0.0004016222
217.4	0.00033505920000000003
217.5	0.0004026904
217.6	0.0004115196
217.7	0.00034187430000000003
217.8	0.0004531295
217.9	0.0003141264000000001
218.0	0.00030329200000000004
218.1	0.00036880910000000003
218.2	0.00033368860000000005
218.3	0.00032177780000000003
218.4	0.00026650640000000004
218.5	0.00029143509999999997
218.6	0.0002863087
218.7	0.0003623274000000001
218.8	0.0003811926
218.9	0.00039993390000000003
219.0	0.00015978900000000002
219.1	0.0004146016
219.2	0.0003650685
219.3	0.0004582798000000001
219.4	0.0003916089
219.5	0.00037874519999999995
219.6	0.0003893937
219.7	0.00034691599999999996
219.8	0.0003913067
219.9	0.0004061374
220.0	0.0003920035
220.1	0.0004499313
220.2	0.0003678721
220.3	0.00039979450000000004
220.4	0.0003924293
220.5	0.0003721861
220.6	0.0004076471
220.7	0.0003733395
220.8	0.00040588120000000004
220.9	0.0003987956
221.0	0.0004229807
221.1	0.0004130375
221.2	0.0003723486
221.3	0.0003827875
221.4	0.0004414747
221.5	0.0003817034
221.6	0.00047194850000000004
221.7	0.0004008862999999999
221.8	0.00041951129999999996
221.9	0.00039865610000000003
222.0	0.00039010630000000003
222.1	0.00041519780000000007
222.2	0.0003577196
222.3	0.00039126019999999995
222.4	0.00038999
222.5	0.0003645113
222.6	0.0004312053
222.7	0.00040032840000000006
222.8	0.00034237790000000003
222.9	0.00038723280000000005
223.0	0.00036322519999999997
223.1	0.0004302059
223.2	0.0004497068
223.3	0.0003741215
223.4	0.0003946133
223.5	0.0003996939
223.6	0.0003605227
223.7	0.0003801931
223.8	0.0003824163
223.9	0.00043184059999999995
224.0	0.0003332008
224.1	0.00041118620000000003
224.2	0.0004169946
224.3	0.00036875469999999997
224.4	0.00041700229999999997
224.5	0.0003844221
224.6	0.0004785236
224.7	0.000369661
224.8	0.00039270040000000003
224.9	0.0003571537
225.0	0.00043549589999999997
225.1	0.00028689730000000004
225.2	0.00037499720000000003
225.3	0.00042459959999999994
225.4	0.000379922
225.5	0.00037561680000000006
225.6	0.00041013309999999995
225.7	0.00040197080000000003
225.8	0.00041233979999999996
225.9	0.00038751200000000007
226.0	0.00040750760000000003
226.1	0.000424917
226.2	0.00037171379999999997
226.3	0.0003776996
226.4	0.0004516892
226.5	0.00042188870000000006
226.6	0.0003618625
226.7	0.0004032714
226.8	0.0003947295
226.9	0.00039675130000000003
227.0	0.00044455659999999996
227.1	0.00044581890000000004
227.2	0.00037093920000000005
227.3	0.00042198189999999997
227.4	0.00038384890000000004
227.5	0.0003727121
227.6	0.0004172501
227.7	0.0003899512
227.8	0.0004154611
227.9	0.0004134556
228.0	0.00038015510000000006
228.1	0.0003964721
228.2	0.00042625690000000006
228.3	0.00045990630000000005
228.4	0.0004062302
228.5	0.00038722510000000003
228.6	0.00037175960000000003
228.7	0.0003999413
228.8	0.0004000347
228.9	0.0004185123
229.0	0.00041259589999999996
229.1	0.00037004070000000005
229.2	0.0003801777
229.3	0.0003809834
229.4	0.00040774040000000005
229.5	0.0003886735
229.6	0.00043483719999999994
229.7	0.0004251723
229.8	0.00044157499999999993
229.9	0.0004547176
230.0	0.0004019624
230.1	0.0004112562
230.2	0.00047314099999999995
230.3	0.00038342290000000005
230.4	0.00041583279999999993
230.5	0.00032303270000000003
230.6	0.00036812
230.7	0.00038349249999999993
230.8	0.00041063639999999995
230.9	0.00043826840000000004
231.0	0.0003794888
231.1	0.00041189849999999996
231.2	0.0004217572
231.3	0.000398873
231.4	0.00043084899999999997
231.5	0.0004782834
231.6	0.00035280950000000005
231.7	0.0004402974
231.8	0.00040806520000000006
231.9	0.0004147798
232.0	0.0004347054
232.1	0.00034350089999999993
232.2	0.0004215789
232.3	0.0003678023
232.4	0.00041449289999999996
232.5	0.00045826450000000006
232.6	0.0004032637
232.7	0.0004074148
232.8	0.00041057470000000005
232.9	0.00042731759999999996
233.0	0.00045468649999999994
233.1	0.00038074299999999996
233.2	0.0004333584
233.3	0.00043087249999999996
233.4	0.0004536635
233.5	0.00043482989999999995
233.6	0.00042699250000000007
233.7	0.0004015136
233.8	0.0003819364
233.9	0.0004082974
234.0	0.00045718000000000006
234.1	0.0003671289
234.2	0.0004120148
234.3	0.00045833399999999997
234.4	0.0004010335
234.5	0.00037464119999999995
234.6	0.0003414254
234.7	0.0004354262
234.8	0.0003828419
234.9	0.0003709854
235.0	0.0003919881
235.1	0.0003928631
235.2	0.0003986791
235.3	0.0003953725
235.4	0.0003892544
235.5	0.0004290989
235.6	0.0003995856
235.7	0.0003819126
235.8	0.00045938679999999994
235.9	0.00041309130000000003
236.0	0.0003810066
236.1	0.0004291146
236.2	0.00039898139999999994
236.3	0.00041819480000000004
236.4	0.00040705110000000005
236.5	0.00040509190000000004
236.6	0.00038066600000000004
236.7	0.00042535100000000003
236.8	0.0004072213
236.9	0.0003995388
237.0	0.00038593190000000004
237.1	0.0004011107
237.2	0.0003574328
237.3	0.00042658219999999996
237.4	0.00040310099999999995
237.5	0.00038709329999999997
237.6	0.00039145359999999993
237.7	0.00040846830000000004
237.8	0.000379334
237.9	0.0003692118
238.0	0.00043204159999999997
238.1	0.00039117480000000005
238.2	0.00036460379999999997
238.3	0.00044066889999999994
238.4	0.00043126009999999997
238.5	0.0004267059000000001
238.6	0.0003852736
238.7	0.0004282936
238.8	0.00040416979999999996
238.9	0.00037986849999999996
239.0	0.0003997558
239.1	0.000379303
239.2	0.00040362780000000005
239.3	0.00039947699999999997
239.4	0.00038334569999999996
239.5	0.00036887149999999995
239.6	0.00041494990000000005
239.7	0.0004072835
239.8	0.00047707559999999997
239.9	0.0004363166
240.0	0.00041775359999999997
240.1	0.00037484240000000004
240.2	0.00043380780000000003
240.3	0.00036287719999999996
240.4	0.0003671984
240.5	0.00040389119999999993
240.6	0.0004256452
240.7	0.0004016141
240.8	0.0003434228
240.9	0.00042536629999999993
241.0	0.00039499280000000004
241.1	0.0003970995
241.2	0.00041865960000000003
241.3	0.00043849289999999994
241.4	0.0004303537
241.5	0.00045577059999999997
241.6	0.0003988417
241.7	0.000360058
241.8	0.00041716480000000003
241.9	0.0004063613
242.0	0.0004250952
242.1	0.0004426671
242.2	0.00037278210000000003
242.3	0.000403752
242.4	0.00043205760000000006
242.5	0.0003938002
242.6	0.0004039761
242.7	0.00037168970000000005
242.8	0.00040258249999999997
242.9	0.0004349306
243.0	0.0003767319
243.1	0.0004071205
243.2	0.0003973704
243.3	0.0004053937
243.4	0.00041169750000000005
243.5	0.0003921894
243.6	0.0003959221
243.7	0.00037574040000000003
243.8	0.0004272479
243.9	0.0003794187
244.0	0.0004398016
244.1	0.0004699426
244.2	0.00038425149999999996
244.3	0.0003339751
244.4	0.000368267
244.5	0.0003619245
244.6	0.0003921664
244.7	0.0004926411000000001
244.8	0.0003768015
244.9	0.00039002089999999996
245.0	0.0003683985
245.1	0.0004483589
245.2	0.0004255907
245.3	0.00042229210000000004
245.4	0.00044392189999999993
245.5	0.00043448140000000004
245.6	0.0003969678
245.7	0.0004234379
245.8	0.0003752134
245.9	0.0003497348
246.0	0.000389324
246.1	0.0003674385
246.2	0.00037127199999999996
246.3	0.00041545349999999993
246.4	0.00041146510000000005
246.5	0.0003801315
246.6	0.00047498410000000005
246.7	0.0004395694
246.8	0.00043464420000000005
246.9	0.0003982452
247.0	0.0004070815
247.1	0.0004263341
247.2	0.00038758170000000004
247.3	0.0004508298
247.4	0.00038710129999999993
247.5	0.00041664580000000005
247.6	0.00037683249999999997
247.7	0.00038628779999999997
247.8	0.00036015099999999996
247.9	0.0003675002
248.0	0.0003976573
248.1	0.00038243909999999997
248.2	0.0004535788
248.3	0.0003793338
248.4	0.00048107900000000003
248.5	0.00037052069999999996
248.6	0.00040807309999999993
248.7	0.0003817966
248.8	0.00039752529999999997
248.9	0.00039284739999999996
249.0	0.0004146555
249.1	0.00036885579999999997
249.2	0.00041764489999999993
249.3	0.0003774831
249.4	0.00036317129999999996
249.5	0.00041953509999999994
249.6	0.00033763040000000003
249.7	0.0004203403
249.8	0.0004536795
249.9	0.00036889449999999994
250.0	0.00041621260000000005
250.1	0.0003671518
250.2	0.00033106330000000003
250.3	0.0004103729
250.4	0.00036367460000000007
250.5	0.00044768539999999994
250.6	0.0004107914
250.7	0.00043569709999999995
250.8	0.0004463535
250.9	0.00035023019999999995
251.0	0.00039689820000000003
251.1	0.00044118769999999997
251.2	0.00034935539999999995
251.3	0.00047339630000000005
251.4	0.00041079129999999997
251.5	0.00040127349999999996
251.6	0.00045696340000000004
251.7	0.0004080728
251.8	0.0004028144
251.9	0.0004042477
252.0	0.00034803950000000003
252.1	0.0003851883
252.2	0.0004476314
252.3	0.00045330790000000005
252.4	0.00038296599999999994
252.5	0.00039404029999999995
252.6	0.0003707222
252.7	0.0004017924
252.8	0.00043493079999999993
252.9	0.0003908885999999999
253.0	0.00037299859999999997
253.1	0.0004037751
253.2	0.0004213395
253.3	0.00038190479999999997
253.4	0.0004301989
253.5	0.0003899357
253.6	0.0004456488
253.7	0.00045104659999999997
253.8	0.00041738189999999996
253.9	0.00043551899999999993
254.0	0.0003834693
254.1	0.00040897929999999996
254.2	0.00041668479999999996
254.3	0.0004205955
254.4	0.0003990508
254.5	0.0004937804
254.6	0.0004149269
254.7	0.00041573250000000005
254.8	0.000410892
254.9	0.00038357760000000006
255.0	0.00041507370000000004
255.1	0.0004321117
255.2	0.0004890558
255.3	0.00041581729999999996
255.4	0.0004272562
255.5	0.0004201078
255.6	0.00040752320000000004
255.7	0.000390896
255.8	0.00039726180000000005
255.9	0.00038148699999999996
256.0	0.0004232289
256.1	0.00039912070000000006
256.2	0.00043013700000000003
256.3	0.00037687869999999995
256.4	0.00040059959999999995
256.5	0.0003786679
256.6	0.00044383650000000003
256.7	0.00041188339999999996
256.8	0.0003868921
256.9	0.00041544610000000007
257.0	0.0004325065
257.1	0.000399345
257.2	0.0004382603
257.3	0.0004174284
257.4	0.00043104290000000006
257.5	0.00040215639999999995
257.6	0.0004503729
257.7	0.0004514491
257.8	0.00038283400000000003
257.9	0.00037470299999999994
258.0	0.0004430541
258.1	0.0004299738
258.2	0.0003934514
258.3	0.00034933199999999994
258.4	0.0004273643
258.5	0.00039706819999999995
258.6	0.0004659853
258.7	0.00046110670000000005
258.8	0.0003643718
258.9	0.00042541249999999997
259.0	0.00039675100000000004
259.1	0.00041838080000000004
259.2	0.00042885920000000004
259.3	0.0004190084
259.4	0.00040854579999999996
259.5	0.000415655
259.6	0.00042335280000000005
259.7	0.0003804414
259.8	0.00041825709999999993
259.9	0.0004436349000000001
260.0	0.0003994536
260.1	0.000425769
260.2	0.0004647615
260.3	0.00038156420000000005
260.4	0.00035750269999999996
260.5	0.0004442084
260.6	0.0004076474
260.7	0.00041694059999999996
260.8	0.00039606910000000007
260.9	0.00039939970000000006
261.0	0.0004235152
261.1	0.0005127840000000001
261.2	0.00043549569999999996
261.3	0.00040087059999999994
261.4	0.0004333117
261.5	0.00043303330000000003
261.6	0.0003988032
261.7	0.0004180166
261.8	0.0003646662
261.9	0.00043411729999999997
262.0	0.00046740230000000006
262.1	0.0004059045
262.2	0.00039221289999999995
262.3	0.00041175170000000004
262.4	0.0003720926
262.5	0.00043535640000000005
262.6	0.0004531447
262.7	0.0004002822
262.8	0.0003890297
262.9	0.0004362086
263.0	0.00048021919999999995
263.1	0.00042532009999999995
263.2	0.00047639359999999996
263.3	0.0004478015
263.4	0.0003971071
263.5	0.0004630504
263.6	0.0003833762
263.7	0.0004124796
263.8	0.00041707200000000005
263.9	0.0003821608
264.0	0.00042834040000000006
264.1	0.00042799169999999993
264.2	0.0004169173
264.3	0.0004419777
264.4	0.00042087460000000005
264.5	0.00043167819999999997
264.6	0.00042113
264.7	0.0003751289999999999
264.8	0.00046788229999999997
264.9	0.00043007500000000003
265.0	0.0004369595
265.1	0.0004246688
265.2	0.00047770279999999994
265.3	0.0004273564
265.4	0.00042576900000000005
265.5	0.00039660359999999997
265.6	0.00042997380000000005
265.7	0.00043913540000000003
265.8	0.0004279684
265.9	0.0004494204
266.0	0.0004466246
266.1	0.0004309346
266.2	0.00042097520000000004
266.3	0.0004123168
266.4	0.0004073682
266.5	0.00037238730000000006
266.6	0.0003959842
266.7	0.00040561810000000004
266.8	0.0004121778
266.9	0.00044701139999999995
267.0	0.0003928246
267.1	0.00043547219999999997
267.2	0.0004113104
267.3	0.00043948429999999996
267.4	0.0004304157
267.5	0.0004248703
267.6	0.0004196274
267.7	0.00038882859999999996
267.8	0.00042909140000000007
267.9	0.0004343493
268.0	0.00039929879999999997
268.1	0.0004682929
268.2	0.0004322899
268.3	0.0003833453
268.4	0.00046830100000000007
268.5	0.0004141676
268.6	0.00040187739999999995
268.7	0.0004086694
268.8	0.0004341558
268.9	0.0004410024
269.0	0.0003878449
269.1	0.0004186053
269.2	0.00042445260000000006
269.3	0.00046693019999999996
269.4	0.0004283014
269.5	0.00042491720000000004
269.6	0.00039748630000000006
269.7	0.0004325061
269.8	0.0004204563
269.9	0.00040631500000000003
270.0	0.0004495438
270.1	0.0004014206
270.2	0.00038353879999999995
270.3	0.00040437099999999994
270.4	0.00045802440000000005
270.5	0.0004815746
270.6	0.00042487849999999996
270.7	0.00039428800000000007
270.8	0.00043383889999999996
270.9	0.00041977470000000006
271.0	0.0003823775
271.1	0.0004280923
271.2	0.0004279376
271.3	0.00039089599999999995
271.4	0.00043933709999999996
271.5	0.000449072
271.6	0.0004100013
271.7	0.0004201308
271.8	0.00039655710000000005
271.9	0.00039875669999999997
272.0	0.0004280923
272.1	0.00041989079999999997
272.2	0.00043022939999999994
272.3	0.00041347869999999997
272.4	0.00043313410000000004
272.5	0.00039538759999999996
272.6	0.00046819259999999997
272.7	0.0004365722
272.8	0.0003718373
272.9	0.0003930104
273.0	0.0004453931
273.1	0.00039061689999999997
273.2	0.00041229380000000005
273.3	0.00042149420000000003
273.4	0.0004024741
273.5	0.00042686089999999997
273.6	0.0003738353
273.7	0.00044606710000000006
273.8	0.0005052878
273.9	0.0004387097
274.0	0.00041776130000000005
274.1	0.0004094591
274.2	0.00043775730000000004
274.3	0.00043029969999999995
274.4	0.00037986059999999997
274.5	0.00043191810000000003
274.6	0.0003811304
274.7	0.00045148789999999996
274.8	0.0004305784
274.9	0.00044468070000000005
275.0	0.00038278760000000003
275.1	0.00039929840000000005
275.2	0.00045402059999999995
275.3	0.00041512810000000005
275.4	0.000436526
275.5	0.00040368950000000005
275.6	0.00045784620000000005
275.7	0.0004173587
275.8	0.00045964249999999997
275.9	0.00040757740000000003
276.0	0.0003960148
276.1	0.000405448
276.2	0.000417343
276.3	0.00043239759999999993
276.4	0.0004381677
276.5	0.00039208099999999996
276.6	0.00043898859999999995
276.7	0.00043128299999999997
276.8	0.00041712640000000006
276.9	0.00040848349999999997
277.0	0.00042423579999999997
277.1	0.00041044239999999993
277.2	0.0004036513
277.3	0.00043766450000000005
277.4	0.00039467520000000005
277.5	0.000387775
277.6	0.00040692710000000005
277.7	0.000401405
277.8	0.00040008080000000003
277.9	0.0004572574
278.0	0.00041956560000000004
278.1	0.0003907181
278.2	0.0004002512
278.3	0.00045760620000000006
278.4	0.00039277029999999996
278.5	0.0003883332
278.6	0.0003811225
278.7	0.00044996250000000005
278.8	0.00042487079999999994
278.9	0.00043884960000000004
279.0	0.0004976831
279.1	0.00042865760000000003
279.2	0.0003636204
279.3	0.000421525
279.4	0.0004401037
279.5	0.00046601620000000005
279.6	0.000474086
279.7	0.0003788229
279.8	0.0005053884
279.9	0.0003679802
280.0	0.0003705828
280.1	0.00038508769999999996
280.2	0.0004256218999999999
280.3	0.0004349925
280.4	0.00039833820000000005
280.5	0.0004174983
280.6	0.00044950520000000007
280.7	0.0004222918
280.8	0.0003197254
280.9	0.0004569632
281.0	0.00045516630000000006
281.1	0.00036895620000000005
281.2	0.0003922747
281.3	0.0004093971
281.4	0.00042466929999999996
281.5	0.0004181174
281.6	0.0003519266
281.7	0.00038321329999999997
281.8	0.00037000940000000006
281.9	0.00039194879999999993
282.0	0.00040832110000000004
282.1	0.0004152444
282.2	0.0004653192
282.3	0.00040690370000000004
282.4	0.00041551539999999996
282.5	0.00037209249999999993
282.6	0.0004599134
282.7	0.0004329399
282.8	0.0004973266
282.9	0.00041100020000000003
283.0	0.0003830123
283.1	0.0003788537
283.2	0.00046871129999999996
283.3	0.0004968467
283.4	0.00042823909999999994
283.5	0.0003615218
283.6	0.000435031
283.7	0.0003811694
283.8	0.0003924759
283.9	0.0004480957
284.0	0.00040688059999999997
284.1	0.0003819825
284.2	0.0004249017
284.3	0.00041460929999999997
284.4	0.00038092169999999996
284.5	0.00040955969999999995
284.6	0.0005110186999999999
284.7	0.0004513874
284.8	0.00040653950000000004
284.9	0.00039465960000000005
285.0	0.00037105509999999994
285.1	0.00037519809999999996
285.2	0.000388805
285.3	0.00039125259999999996
285.4	0.00034127800000000003
285.5	0.00043510089999999993
285.6	0.0003610107
285.7	0.0003893783
285.8	0.0003833532
285.9	0.00043091869999999994
286.0	0.00041639039999999996
286.1	0.0003764914
286.2	0.0003810689
286.3	0.00039187969999999995
286.4	0.0004408005
286.5	0.00041874500000000004
286.6	0.0003840888
286.7	0.00035607740000000003
286.8	0.00036174620000000004
286.9	0.0003627529
287.0	0.0003960926
287.1	0.0003966969
287.2	0.0003989273
287.3	0.00040515340000000003
287.4	0.00037927930000000005
287.5	0.00042500219999999997
287.6	0.00041358689999999995
287.7	0.00046103720000000004
287.8	0.00039483049999999994
287.9	0.00036061569999999997
288.0	0.0003688093
288.1	0.0003977034
288.2	0.00040245820000000003
288.3	0.0003548073
288.4	0.00040477410000000003
288.5	0.0004069659
288.6	0.0003596478999999999
288.7	0.000416259
288.8	0.0004051076
288.9	0.0003865438
289.0	0.0004074376
289.1	0.0003983387
289.2	0.00039304890000000004
289.3	0.00040241199999999994
289.4	0.0003837479
289.5	0.0003404963
289.6	0.00037645280000000005
289.7	0.00042951679999999996
289.8	0.0003934439
289.9	0.0003627297
290.0	0.00033771599999999995
290.1	0.00041064450000000006
290.2	0.0003789853
290.3	0.0004375871
290.4	0.0004360225
290.5	0.0003608328
290.6	0.0003968439
290.7	0.0003827027
290.8	0.0003962938
290.9	0.0003641394
291.0	0.00038962599999999996
291.1	0.00038150979999999993
291.2	0.000340116
291.3	0.0004041082
291.4	0.0003403175
291.5	0.0003763059
291.6	0.0003670357
291.7	0.00035950070000000003
291.8	0.00037382729999999996
291.9	0.00040145180000000004
292.0	0.00041740509999999996
292.1	0.0003834689
292.2	0.0004500242
292.3	0.0004417763
292.4	0.00030891420000000005
292.5	0.00042421230000000003
292.6	0.00036935120000000004
292.7	0.0004024505
292.8	0.00042032459999999996
292.9	0.0003992059
293.0	0.00040348090000000004
293.1	0.0004012266
293.2	0.0004031013
293.3	0.000389107
293.4	0.0004164603
293.5	0.00039366870000000003
293.6	0.00046689940000000003
293.7	0.0003804334
293.8	0.00039459820000000003
293.9	0.00038082070000000005
294.0	0.00034720269999999993
294.1	0.0003747567
294.2	0.0003643487
294.3	0.00040554050000000003
294.4	0.00042186580000000006
294.5	0.00037956620000000003
294.6	0.0003651538
294.7	0.0003589509
294.8	0.0004793443
294.9	0.0004038058
295.0	0.0003666952
295.1	0.0004380742
295.2	0.00047258339999999997
295.3	0.0003861564
295.4	0.0003805804
295.5	0.0003619554
295.6	0.00035022320000000005
295.7	0.0004012198
295.8	0.0003866756
295.9	0.00036489810000000004
296.0	0.0004443633
296.1	0.0004021175
296.2	0.00035988769999999995
296.3	0.00039222059999999997
296.4	0.00038858050000000003
296.5	0.0004200380000000001
296.6	0.00038968810000000005
296.7	0.00042293459999999996
296.8	0.0004489095
296.9	0.0004114958
297.0	0.0003574177
297.1	0.0003781411
297.2	0.00038054160000000007
297.3	0.00036757799999999997
297.4	0.00042195899999999996
297.5	0.0004273949
297.6	0.000433986
297.7	0.0003833686
297.8	0.0004026598
297.9	0.0004303458
298.0	0.00040279949999999997
298.1	0.00040327920000000005
298.2	0.00043662659999999995
298.3	0.0003597945
298.4	0.0003547996
298.5	0.00038053429999999997
298.6	0.00040268270000000004
298.7	0.0004292852
298.8	0.0003763678
298.9	0.0003459401
299.0	0.0003857615
299.1	0.0004998359
299.2	0.00038098349999999995
299.3	0.000367361
299.4	0.0004408625
299.5	0.0004172269
299.6	0.0003902537
299.7	0.0004589918
299.8	0.0004238792
299.9	0.00042838660000000004
300.0	0.0003897651
300.1	0.0003573631
300.2	0.0003744468
300.3	0.0003650687
300.4	0.00045136350000000004
300.5	0.00042492509999999997
300.6	0.00036152909999999995
300.7	0.00040466549999999997
300.8	0.00036639320000000003
300.9	0.00040712070000000004
301.0	0.00037179100000000006
301.1	0.00035220499999999997
301.2	0.0003758251
301.3	0.0003956665
301.4	0.00037425350000000007
301.5	0.0003611345
301.6	0.0004153992
301.7	0.0004330559
301.8	0.0003780636
301.9	0.0004362703
302.0	0.0004115887
302.1	0.00036071650000000003
302.2	0.00037595699999999995
302.3	0.000383988
302.4	0.0004186365
302.5	0.00037604999999999995
302.6	0.0004532228
302.7	0.00040287689999999996
302.8	0.00040917320000000005
302.9	0.00038548270000000006
303.0	0.0003855524
303.1	0.00038264809999999995
303.2	0.0004079804
303.3	0.00042148599999999994
303.4	0.00040221049999999997
303.5	0.0003874187
303.6	0.000399469
303.7	0.0004085067
303.8	0.00040180779999999996
303.9	0.0003916782
304.0	0.0003999722
304.1	0.00038157959999999993
304.2	0.00038037119999999997
304.3	0.00039733920000000004
304.4	0.000423035
304.5	0.00037033460000000004
304.6	0.00041444680000000007
304.7	0.0004109155
304.8	0.0004424269
304.9	0.00035991060000000006
305.0	0.00036072459999999997
305.1	0.0003893394
305.2	0.0003894793
305.3	0.0004004756
305.4	0.0004006383
305.5	0.0004053781
305.6	0.0003807663
305.7	0.0004372922999999999
305.8	0.00038012399999999997
305.9	0.0003894864
306.0	0.00037697170000000006
306.1	0.00046612479999999995
306.2	0.000382455
306.3	0.0004037286
306.4	0.00038970339999999995
306.5	0.0004150974
306.6	0.0004284560000000001
306.7	0.00039726199999999995
306.8	0.0004184348
306.9	0.00042016959999999996
307.0	0.0004275736
307.1	0.00039947699999999997
307.2	0.00040760840000000003
307.3	0.0004402667
307.4	0.000377483
307.5	0.00039286320000000004
307.6	0.0004309036
307.7	0.00039220510000000005
307.8	0.0004043403
307.9	0.0004131301
308.0	0.00039630199999999996
308.1	0.0004340632
308.2	0.0003661294
308.3	0.0003623893
308.4	0.00036056879999999997
308.5	0.00040908009999999996
308.6	0.000411783
308.7	0.00038469289999999994
308.8	0.0004325219
308.9	0.0003827489
309.0	0.0003941022
309.1	0.00038253209999999997
309.2	0.0003589121
309.3	0.0003972234
309.4	0.00036798019999999997
309.5	0.0004186208
309.6	0.00033076869999999997
309.7	0.00042252429999999996
309.8	0.00036568799999999997
309.9	0.0003761508
310.0	0.0004020942
310.1	0.00042810779999999995
310.2	0.00039571319999999997
310.3	0.0003797979
310.4	0.0003850953
310.5	0.00041454720000000004
310.6	0.0003466221
310.7	0.0004074534
310.8	0.0003791864
310.9	0.00042054939999999996
311.0	0.0003902145
311.1	0.0003224822999999999
311.2	0.0003725494
311.3	0.0003809059
311.4	0.0003662921
311.5	0.0003694366
311.6	0.0003764996
311.7	0.00041012540000000004
311.8	0.00037589549999999996
311.9	0.00033659269999999995
312.0	0.0004429382
312.1	0.0004158796
312.2	0.00036556419999999993
312.3	0.0004239569999999999
312.4	0.0003637752
312.5	0.0003604065
312.6	0.00045000129999999994
312.7	0.00040855320000000004
312.8	0.0003532508999999999
312.9	0.00040584259999999994
313.0	0.00047073239999999994
313.1	0.0003783503
313.2	0.0004084446
313.3	0.00041168979999999997
313.4	0.00035302609999999997
313.5	0.0003803558
313.6	0.00044319400000000005
313.7	0.0004076704
313.8	0.00044924999999999994
313.9	0.0003840889
314.0	0.0003651773
314.1	0.00039909749999999996
314.2	0.0003750823
314.3	0.00038891350000000007
314.4	0.00041886849999999993
314.5	0.0003863966
314.6	0.00039510159999999996
314.7	0.0003925144
314.8	0.0003808283
314.9	0.00037532989999999997
315.0	0.00039300240000000007
315.1	0.000453447
315.2	0.00037186040000000004
315.3	0.00040825139999999997
315.4	0.0004463071
315.5	0.00042740300000000003
315.6	0.0004615865
315.7	0.00035802930000000005
315.8	0.00037567869999999997
315.9	0.00044922630000000005
316.0	0.000400422
316.1	0.00041327719999999994
316.2	0.0004285646
316.3	0.00041111660000000004
316.4	0.000376987
316.5	0.00043699050000000006
316.6	0.00036491420000000005
316.7	0.00037883029999999997
316.8	0.0003380951
316.9	0.00037926410000000007
317.0	0.00032474369999999997
317.1	0.00045318420000000004
317.2	0.00040175389999999996
317.3	0.00039830709999999996
317.4	0.0004128745
317.5	0.00042986550000000004
317.6	0.00040069279999999997
317.7	0.00039156990000000007
317.8	0.0004084525
317.9	0.0003689642
318.0	0.0003592605
318.1	0.0004288976
318.2	0.00038525090000000005
318.3	0.0003775215
318.4	0.0003582149
318.5	0.00034819429999999996
318.6	0.0003969133
318.7	0.0003689722
318.8	0.0004527732
318.9	0.0003781799
319.0	0.00040624519999999997
319.1	0.00039039299999999995
319.2	0.00036077060000000005
319.3	0.0003591054
319.4	0.0004240806
319.5	0.0003941024
319.6	0.00042406470000000006
319.7	0.00040479750000000004
319.8	0.0004399876
319.9	0.00038517289999999996
320.0	0.00034005440000000004
320.1	0.0003928865
320.2	0.0004438442
320.3	0.0004375476
320.4	0.0004222144
320.5	0.0004117127
320.6	0.00035336720000000006
320.7	0.00039720779999999995
320.8	0.0003660134
320.9	0.00036937469999999997
321.0	0.00040780950000000003
321.1	0.0004281773
321.2	0.0003978273
321.3	0.00037371120000000005
321.4	0.00038054929999999993
321.5	0.0003910976
321.6	0.0004079722
321.7	0.00042935490000000005
321.8	0.0004008942
321.9	0.000391268
322.0	0.00038150190000000005
322.1	0.00039726970000000003
322.2	0.00040726729999999994
322.3	0.00040168409999999995
322.4	0.0004213316
322.5	0.0003825785
322.6	0.00039015269999999997
322.7	0.0003883325
322.8	0.000440305
322.9	0.00041655340000000004
323.0	0.0004233606
323.1	0.0004216641
323.2	0.0003533052
323.3	0.00038364730000000003
323.4	0.00038150230000000003
323.5	0.0003766853
323.6	0.0003709
323.7	0.00034336100000000004
323.8	0.00030551449999999996
323.9	0.0003564566
324.0	0.00035867199999999993
324.1	0.00034491020000000004
324.2	0.00044368160000000007
324.3	0.0003785289
324.4	0.0004235076
324.5	0.0003736025
324.6	0.00040201679999999994
324.7	0.0004255829
324.8	0.00036841410000000005
324.9	0.000342564
325.0	0.0003986794
325.1	0.00037945810000000003
325.2	0.0004604094
325.3	0.00040916529999999996
325.4	0.00037803280000000004
325.5	0.0004378887
325.6	0.0003889755
325.7	0.00038545960000000004
325.8	0.00035594580000000004
325.9	0.00038488650000000004
326.0	0.0004006847
326.1	0.00036481320000000003
326.2	0.00035444320000000004
326.3	0.0004045412
326.4	0.0003731228
326.5	0.0003181147
326.6	0.0003869695
326.7	0.0003989424
326.8	0.00033888509999999996
326.9	0.00040354240000000003
327.0	0.00041516690000000005
327.1	0.00037750629999999994
327.2	0.00036283839999999996
327.3	0.00037832710000000006
327.4	0.0003862573
327.5	0.0003802551
327.6	0.0004100321
327.7	0.0003937770999999999
327.8	0.00045864379999999995
327.9	0.00038646620000000004
328.0	0.00038526610000000003
328.1	0.0004130757
328.2	0.00037591880000000004
328.3	0.000421494
328.4	0.0004207972
328.5	0.00039815240000000006
328.6	0.00038659839999999996
328.7	0.0003699942
328.8	0.00037120210000000004
328.9	0.0004485762
329.0	0.00037440840000000004
329.1	0.0003801162
329.2	0.0004111009
329.3	0.00040182370000000007
329.4	0.0003794963
329.5	0.00044285299999999994
329.6	0.0004127816
329.7	0.00037186820000000004
329.8	0.00035818399999999994
329.9	0.000350494
330.0	0.0003678334
330.1	0.00039414859999999997
330.2	0.0003968747
330.3	0.00036422479999999996
330.4	0.0003741991
330.5	0.0003758331
330.6	0.00039857840000000005
330.7	0.0004111088
330.8	0.0003382423
330.9	0.00041085339999999995
331.0	0.0003551872
331.1	0.00041697139999999995
331.2	0.00040385219999999997
331.3	0.0003561397
331.4	0.0003513919
331.5	0.0003751517
331.6	0.0003524922
331.7	0.000381827
331.8	0.00044324789999999995
331.9	0.0003753532
332.0	0.00036812019999999995
332.1	0.00039589139999999997
332.2	0.0003578349999999999
332.3	0.0003816493
332.4	0.00041275039999999995
332.5	0.0003872643
332.6	0.00037941120000000003
332.7	0.0003744861
332.8	0.00039955449999999994
332.9	0.0004575983
333.0	0.00037552330000000005
333.1	0.0003919028
333.2	0.0004102959
333.3	0.000403558
333.4	0.00041938779999999996
333.5	0.0004139588
333.6	0.00038552160000000004
333.7	0.00038057289999999996
333.8	0.0004003367
333.9	0.0004223692
334.0	0.0004131844
334.1	0.0004294551
334.2	0.0003683289
334.3	0.0003802402
334.4	0.0004208511
334.5	0.0004018702
334.6	0.0003780789
334.7	0.00039651079999999993
334.8	0.0003628463
334.9	0.00037003309999999995
335.0	0.0003979743
335.1	0.0004250179
335.2	0.0003753999
335.3	0.000384352
335.4	0.0004049057000000001
335.5	0.00042374759999999997
335.6	0.0004034809
335.7	0.000406764
335.8	0.0003774748
335.9	0.000356821
336.0	0.00040439459999999997
336.1	0.00036694310000000003
336.2	0.0004119376
336.3	0.0004331031
336.4	0.00038449150000000005
336.5	0.0003597795
336.6	0.00044300739999999996
336.7	0.0003924217
336.8	0.0004112328
336.9	0.00039664999999999996
337.0	0.0003618468
337.1	0.0004261868
337.2	0.0004269618
337.3	0.0003796827
337.4	0.00043970850000000003
337.5	0.0004242125
337.6	0.0003286548
337.7	0.0003510436
337.8	0.0003438878
337.9	0.0003797678
338.0	0.0003936448
338.1	0.00045372610000000003
338.2	0.00039055510000000004
338.3	0.0003843752
338.4	0.0003649835
338.5	0.00041328529999999994
338.6	0.0003951861
338.7	0.00036376759999999996
338.8	0.0004109538
338.9	0.00037686349999999997
339.0	0.00039337460000000003
339.1	0.00036378319999999997
339.2	0.00041374189999999995
339.3	0.00040710530000000005
339.4	0.00038205250000000003
339.5	0.0004022416
339.6	0.00039666559999999997
339.7	0.00039792779999999996
339.8	0.00034206009999999997
339.9	0.00040593610000000006
340.0	0.0003832676
340.1	0.0004584504
340.2	0.0003592993
340.3	0.0003595468
340.4	0.00035030040000000003
340.5	0.0004244134
340.6	0.00035083490000000004
340.7	0.0003987176
340.8	0.00038511109999999997
340.9	0.00038735709999999994
341.0	0.00037227079999999996
341.1	0.0003883017
341.2	0.00045364069999999997
341.3	0.0004078019
341.4	0.0003696144
341.5	0.00040528510000000005
341.6	0.0003903308
341.7	0.00039445869999999995
341.8	0.00036212599999999994
341.9	0.0003621101
342.0	0.00040777879999999997
342.1	0.0003988729
342.2	0.00037935710000000007
342.3	0.00042180390000000004
342.4	0.00041092290000000007
342.5	0.00037917119999999994
342.6	0.00041806309999999996
342.7	0.0004194728
342.8	0.0003566196
342.9	0.00040925
343.0	0.0003920656
343.1	0.0004633134
343.2	0.0004027449
343.3	0.0003938391
343.4	0.0003933977
343.5	0.00045923240000000004
343.6	0.0003974713
343.7	0.0003595545
343.8	0.00038651260000000003
343.9	0.00039102779999999996
344.0	0.0004245608
344.1	0.0003829045
344.2	0.00039088860000000003
344.3	0.0003921276
344.4	0.000378459
344.5	0.0004098231
344.6	0.0004076778
344.7	0.0004267836
344.8	0.0004119838
344.9	0.00039117519999999997
345.0	0.00035812979999999995
345.1	0.0003419285999999999
345.2	0.0004019549
345.3	0.0004101564
345.4	0.0003701334
345.5	0.0004140288
345.6	0.00037306080000000004
345.7	0.0004168551
345.8	0.0003793338
345.9	0.0004564829
346.0	0.0004106673
346.1	0.0004804204
346.2	0.00040456439999999997
346.3	0.0003484259
346.4	0.00039732399999999995
346.5	0.0004333894
346.6	0.00041866750000000007
346.7	0.00038374020000000005
346.8	0.0003792022
346.9	0.00037934920000000003
347.0	0.00037485
347.1	0.00033081540000000006
347.2	0.0004166149
347.3	0.00037652270000000003
347.4	0.00032560369999999996
347.5	0.0004916888000000001
347.6	0.00035967099999999994
347.7	0.000413587
347.8	0.00039895070000000004
347.9	0.00040279910000000005
348.0	0.00037494319999999994
348.1	0.0004194494
348.2	0.0003676397
348.3	0.0003756864
348.4	0.0004261248
348.5	0.0004137498
348.6	0.00044831280000000003
348.7	0.00043892659999999995
348.8	0.0003604376
348.9	0.00038875089999999997
349.0	0.0003762362
349.1	0.0003675233
349.2	0.0003775215
349.3	0.000356999
349.4	0.0003888282
349.5	0.00039366849999999997
349.6	0.00044045239999999995
349.7	0.0004089404
349.8	0.00039675089999999995
349.9	0.00038062729999999997
