0.0	0.00046131690000000006
0.1	0.00043715260000000005
0.2	0.00043989029999999996
0.3	0.0004648946
0.4	0.0004057703
0.5	0.0004760477
0.6	0.00045198440000000003
0.7	0.00044196690000000005
0.8	0.0004637898
0.9	0.0004246309
1.0	0.00046507340000000007
1.1	0.000459987
1.2	0.0004337074
1.3	0.00045481540000000004
1.4	0.00044494539999999995
1.5	0.00045699289999999996
1.6	0.0004608192
1.7	0.00042893959999999997
1.8	0.0004901011
1.9	0.000458074
2.0	0.00041398359999999997
2.1	0.0004780774
2.2	0.000448803
2.3	0.00040790179999999996
2.4	0.0004946041999999999
2.5	0.0004136492
2.6	0.0004450238
2.7	0.00043436839999999995
2.8	0.0004472083
2.9	0.00043981259999999997
3.0	0.00041758459999999997
3.1	0.0004318483
3.2	0.00045075550000000007
3.3	0.0004131363
3.4	0.00040957370000000007
3.5	0.00046228930000000005
3.6	0.00039059749999999997
3.7	0.0004381556
3.8	0.0004285669
3.9	0.0004267774
4.0	0.0004226473
4.1	0.00047305279999999996
4.2	0.00043859929999999996
4.3	0.0004443394
4.4	0.00048415890000000003
4.5	0.0004595437
4.6	0.0005003131
4.7	0.00046810650000000004
4.8	0.00043044029999999997
4.9	0.00044108000000000005
5.0	0.0004648792
5.1	0.00046851120000000003
5.2	0.0004914933
5.3	0.00041619259999999995
5.4	0.000448111
5.5	0.000401532
5.6	0.0004305419
5.7	0.00044185849999999995
5.8	0.0004894863999999999
5.9	0.00045974579999999996
6.0	0.00040087109999999994
6.1	0.0004367248
6.2	0.00044600309999999997
6.3	0.00040315
6.4	0.0004393847
6.5	0.00045520390000000003
6.6	0.00043208929999999997
6.7	0.00039383230000000004
6.8	0.00046012699999999995
6.9	0.0005071724999999999
7.0	0.0004509574
7.1	0.0004814447
7.2	0.0005029649
7.3	0.00040776199999999994
7.4	0.00041951310000000003
7.5	0.0004488264
7.6	0.00044794710000000006
7.7	0.00045182070000000004
7.8	0.00043488139999999995
7.9	0.00048723159999999996
8.0	0.00041047630000000005
8.1	0.00017380200000000003
8.2	0.0003844139
8.3	0.00046085029999999995
8.4	0.0004927842
8.5	0.0004602593
8.6	0.00042438230000000005
8.7	0.00043733160000000005
8.8	0.0004720889
8.9	0.00045316609999999994
9.0	0.00047351969999999996
9.1	0.00045643299999999996
9.2	0.0004388557
9.3	0.00046193920000000004
9.4	0.0004531505
9.5	0.0004504361
9.6	0.00042390010000000004
9.7	0.00043565190000000004
9.8	0.00043614909999999997
9.9	0.00047124090000000003
10.0	0.0005206039
10.1	0.000427073
10.2	0.0003988098
10.3	0.00044349939999999995
10.4	0.00039100939999999997
10.5	0.00045228750000000006
10.6	0.00046161229999999996
10.7	0.00046641130000000007
10.8	0.0004123811
10.9	0.00046931999999999996
11.0	0.00048120389999999996
11.1	0.0004283564
11.2	0.0004714197
11.3	0.00045182889999999997
11.4	0.00048646930000000006
11.5	0.0004510274
11.6	0.00045452709999999996
11.7	0.0004609358
11.8	0.0004328362
11.9	0.00048674909999999995
12.0	0.0004526917
12.1	0.00042633430000000005
12.2	0.00046757
12.3	0.0004280762
12.4	0.0004495811
12.5	0.0004109588
12.6	0.0004598472
12.7	0.00047820949999999996
12.8	0.00048675700000000004
12.9	0.0004830161
13.0	0.00041187590000000006
13.1	0.0004592557
13.2	0.00043724590000000004
13.3	0.00045255199999999995
13.4	0.00044948760000000003
13.5	0.0004480099
13.6	0.00041116039999999996
13.7	0.0004528863
13.8	0.0004506541
13.9	0.00047517640000000003
14.0	0.00048118840000000004
14.1	0.0004235502
14.2	0.00047261730000000004
14.3	0.000450911
14.4	0.00048361490000000003
14.5	0.0004560438
14.6	0.00046333900000000006
14.7	0.000469281
14.8	0.00044982240000000003
14.9	0.0004101573
15.0	0.000456845
15.1	0.0004180667
15.2	0.0004275478
15.3	0.0004631058
15.4	0.0004125839
15.5	0.0004453654
15.6	0.00047005070000000004
15.7	0.00048117299999999994
15.8	0.00048639129999999997
15.9	0.0004728043
16.0	0.00044733309999999993
16.1	0.0004979098
16.2	0.00039307000000000003
16.3	0.0004494561
16.4	0.0004641558
16.5	0.00046039189999999997
16.6	0.00046115399999999997
16.7	0.0004769417
16.8	0.00043918259999999997
16.9	0.00047931400000000005
17.0	0.0003829364
17.1	0.0004009798
17.2	0.0004886158
17.3	0.0004307827
17.4	0.0004821607
17.5	0.0004355974
17.6	0.00045339169999999995
17.7	0.0004629971
17.8	0.00045923249999999996
17.9	0.00043567500000000006
18.0	0.00044484430000000006
18.1	0.00047756420000000005
18.2	0.0004522173
18.3	0.00048002930000000003
18.4	0.0004648245
18.5	0.0004315137
18.6	0.00046109140000000004
18.7	0.0004960823
18.8	0.00045395179999999997
18.9	0.00044820410000000004
19.0	0.00045244320000000003
19.1	0.00045617619999999994
19.2	0.00042180029999999995
19.3	0.00043376159999999994
19.4	0.0005201145000000001
19.5	0.00043836600000000004
19.6	0.00041468379999999995
19.7	0.00047506750000000003
19.8	0.0004489199
19.9	0.0004318173
20.0	0.0004381483
20.1	0.0004336451
20.2	0.0004404192
20.3	0.000447458
20.4	0.0004711558
20.5	0.0004027065
20.6	0.0005011682
20.7	0.00045679050000000006
20.8	0.000497
20.9	0.000457529
21.0	0.000482363
21.1	0.000436515
21.2	0.0004495031
21.3	0.0004674768
21.4	0.0004629425
21.5	0.0005162331
21.6	0.0005089618000000001
21.7	0.00044076149999999997
21.8	0.00042007339999999995
21.9	0.00046148809999999995
22.0	0.00045682139999999997
22.1	0.0004919911
22.2	0.0003962359
22.3	0.0004719254
22.4	0.0004227025
22.5	0.0004617136
22.6	0.0004481189
22.7	0.0004646453
22.8	0.0004842685
22.9	0.00047039319999999995
23.0	0.0004414926
23.1	0.0004575064
23.2	0.00044556770000000003
23.3	0.0004863993
23.4	0.00042472420000000004
23.5	0.00046710309999999994
23.6	0.00043732360000000003
23.7	0.00044744180000000003
23.8	0.00047295240000000004
23.9	0.0004879624
24.0	0.00045580310000000005
24.1	0.00047065780000000003
24.2	0.00042582080000000004
24.3	0.00043565130000000006
24.4	0.00048462590000000007
24.5	0.00044827429999999996
24.6	0.0004814138
24.7	0.0004919835
24.8	0.00045818290000000005
24.9	0.00045791850000000004
25.0	0.0004938499
25.1	0.000481056
25.2	0.00045141589999999997
25.3	0.00046476250000000003
25.4	0.0005215992
25.5	0.00041230349999999994
25.6	0.0004353639
25.7	0.0004621648
25.8	0.00042809190000000005
25.9	0.00043419690000000006
26.0	0.00043704389999999995
26.1	0.00045072410000000004
26.2	0.0004290407
26.3	0.0005025136
26.4	0.0004496201
26.5	0.0004900077
26.6	0.00045005539999999996
26.7	0.00040956620000000006
26.8	0.00046585110000000007
26.9	0.0004293906
27.0	0.0004784193999999999
27.1	0.0004872783
27.2	0.0004884371
27.3	0.00045961369999999996
27.4	0.00046562560000000004
27.5	0.0004461046
27.6	0.0005062545
27.7	0.0004733098
27.8	0.0004617605
27.9	0.0004755576
28.0	0.0004593418
28.1	0.000429725
28.2	0.00047377650000000003
28.3	0.0004862051
28.4	0.00042173
28.5	0.0005233338
28.6	0.00044134469999999995
28.7	0.0004410412
28.8	0.0004586185
28.9	0.00042831739999999997
29.0	0.0004512375
29.1	0.0004660531
29.2	0.0004642569
29.3	0.00044678880000000005
29.4	0.0004919523
29.5	0.00045532820000000003
29.6	0.0005029416
29.7	0.0004358849
29.8	0.00043615699999999995
29.9	0.0003909549
30.0	0.0004525754
30.1	0.0005045438
30.2	0.0004937798
30.3	0.0004759381
30.4	0.0004687604
30.5	0.0004781006
30.6	0.00047017529999999997
30.7	0.0004793758
30.8	0.0004412280999999999
30.9	0.0004422392
31.0	0.0004802086
31.1	0.00042793649999999997
31.2	0.00043387069999999996
31.3	0.0004650497
31.4	0.0004355269
31.5	0.0004918667000000001
31.6	0.00043779039999999994
31.7	0.0004738934
31.8	0.00043652260000000005
31.9	0.0004454977
32.0	0.0004700359
32.1	0.00046392979999999997
32.2	0.0004607495
32.3	0.00044999290000000006
32.4	0.00042464639999999996
32.5	0.0004434833
32.6	0.0004626475
32.7	0.0004907544000000001
32.8	0.00046347129999999996
32.9	0.00045147869999999997
33.0	0.00048632899999999997
33.1	0.0004899921999999999
33.2	0.00045281620000000005
33.3	0.0004452022
33.4	0.0004853956999999999
33.5	0.0004754175
33.6	0.0004162701
33.7	0.00046608459999999995
33.8	0.0004294139
33.9	0.00046934349999999995
34.0	0.0004960117
34.1	0.0004302622
34.2	0.0004224921
34.3	0.00042452950000000005
34.4	0.0004549628
34.5	0.00042586760000000006
34.6	0.0004700121
34.7	0.0004545276
34.8	0.00044109570000000004
34.9	0.00043042540000000004
35.0	0.0004514552
35.1	0.00044400500000000003
35.2	0.00042913399999999996
35.3	0.0004371216
35.4	0.0004907234999999999
35.5	0.00041815239999999995
35.6	0.00043512259999999996
35.7	0.00048686620000000004
35.8	0.00047983509999999994
35.9	0.00043735460000000003
36.0	0.0005105175
36.1	0.0004703931
36.2	0.0004634792
36.3	0.0004751374
36.4	0.0005176098999999999
36.5	0.0005098403
36.6	0.00046768680000000004
36.7	0.00046562550000000006
36.8	0.0004436547
36.9	0.0004763897
37.0	0.00047832619999999996
37.1	0.0004793999
37.2	0.00045516500000000005
37.3	0.0004544731
37.4	0.00042495010000000004
37.5	0.00046055470000000003
37.6	0.00047670079999999993
37.7	0.00048218360000000006
37.8	0.00046981819999999995
37.9	0.0004933210999999999
38.0	0.0004618615
38.1	0.00043729289999999997
38.2	0.0005322471
38.3	0.0004809779
38.4	0.00048690480000000003
38.5	0.00047733040000000007
38.6	0.00047696519999999994
38.7	0.00042836400000000003
38.8	0.0004572263
38.9	0.00042506669999999995
39.0	0.0005010677
39.1	0.0004913607
39.2	0.00046952999999999996
39.3	0.0004433199
39.4	0.0005191964999999999
39.5	0.0004933439999999999
39.6	0.0005033849
39.7	0.0004946351
39.8	0.000473613
39.9	0.00042192450000000007
40.0	0.0004517198
40.1	0.00045447289999999996
40.2	0.0005273788
40.3	0.00039429149999999996
40.4	0.0005462851999999999
40.5	0.0004886389000000001
40.6	0.00044054349999999995
40.7	0.0004944020999999999
40.8	0.0004524351
40.9	0.00047343399999999995
41.0	0.00045934929999999995
41.1	0.00043733909999999995
41.2	0.0004797881
41.3	0.0005157741
41.4	0.0004710621
41.5	0.0005297965999999999
41.6	0.0004910424
41.7	0.0004514474
41.8	0.0004716689
41.9	0.0004861658
42.0	0.0005043726999999999
42.1	0.0004962763
42.2	0.0004913845
42.3	0.00046480920000000007
42.4	0.0004663101
42.5	0.00046994189999999996
42.6	0.0004593646
42.7	0.0004684334
42.8	0.0004436933
42.9	0.0005022187
43.0	0.0004636425
43.1	0.0005013236999999999
43.2	0.0004533919
43.3	0.0005064488999999999
43.4	0.00047391629999999995
43.5	0.0004780777
43.6	0.0004881488
43.7	0.0004352005
43.8	0.0004758998
43.9	0.0004950168000000001
44.0	0.00047418870000000003
44.1	0.00046818430000000006
44.2	0.0004396414
44.3	0.0004909879999999999
44.4	0.0005276973
44.5	0.00047711330000000003
44.6	0.0004634712
44.7	0.00048688940000000003
44.8	0.0004893784
44.9	0.0004529096
45.0	0.0004631756
45.1	0.0004933988
45.2	0.00043084509999999994
45.3	0.00043347369999999994
45.4	0.00047603170000000005
45.5	0.0004858702
45.6	0.0004523185
45.7	0.00046632589999999995
45.8	0.0004984540000000001
45.9	0.00045427839999999994
46.0	0.0004818496
46.1	0.0004436931
46.2	0.00047222080000000003
46.3	0.0004522798
46.4	0.0005135344000000001
46.5	0.0004660849
46.6	0.00046417120000000005
46.7	0.00041438010000000003
46.8	0.00047668540000000005
46.9	0.0005300073
47.0	0.0004930878
47.1	0.0004710077
47.2	0.0004779451
47.3	0.0004668703
47.4	0.00047466270000000007
47.5	0.0004670332
47.6	0.00047461599999999997
47.7	0.0004947290000000001
47.8	0.0004980343
47.9	0.0004617918
48.0	0.0004443236
48.1	0.0004928855
48.2	0.00046998119999999997
48.3	0.00039549660000000005
48.4	0.00047844300000000005
48.5	0.00042692509999999996
48.6	0.0004313119
48.7	0.0004436391
48.8	0.00047011329999999997
48.9	0.0004522098
49.0	0.00043072829999999995
49.1	0.0004522797
49.2	0.00044209880000000004
49.3	0.00043758050000000003
49.4	0.0004910188
49.5	0.00046889249999999995
49.6	0.00045294869999999997
49.7	0.00047905749999999997
49.8	0.0004661074
49.9	0.00045147080000000004
50.0	0.0004962845
50.1	0.0004993017
50.2	0.00048324939999999997
50.3	0.00046060970000000003
50.4	0.0004736596
50.5	0.0004953742
50.6	0.0004885460000000001
50.7	0.00047858290000000006
50.8	0.0005053993
50.9	0.0005125156
51.0	0.0005125933000000001
51.1	0.00048714559999999996
51.2	0.0004228963
51.3	0.00045248219999999994
51.4	0.00046647360000000006
51.5	0.0004938887
51.6	0.0004820129
51.7	0.00046478540000000003
51.8	0.000462227
51.9	0.0004743209
52.0	0.0004992551
52.1	0.0004549085
52.2	0.00045679060000000004
52.3	0.0005130683
52.4	0.00041576469999999997
52.5	0.0004167291
52.6	0.00047631150000000005
52.7	0.00048085349999999995
52.8	0.00048184190000000003
52.9	0.00045367910000000005
53.0	0.00048155409999999996
53.1	0.00042525289999999997
53.2	0.0005035794
53.3	0.0004867645
53.4	0.0004937718999999999
53.5	0.0004747566
53.6	0.00043673259999999994
53.7	0.00043256379999999996
53.8	0.00042655979999999997
53.9	0.0005116913
54.0	0.00046543900000000005
54.1	0.0004398828
54.2	0.0005157664000000001
54.3	0.00044066029999999994
54.4	0.00040431639999999997
54.5	0.0004616127
54.6	0.0004893466
54.7	0.0004433279
54.8	0.00044849200000000004
54.9	0.0004266141
55.0	0.00047572059999999994
55.1	0.00044982189999999997
55.2	0.00046351819999999996
55.3	0.0005085261
55.4	0.0004653922
55.5	0.0004478307
55.6	0.0004654312
55.7	0.00047698060000000005
55.8	0.0004939898000000001
55.9	0.0005232016
56.0	0.00045490049999999995
56.1	0.0004907311
56.2	0.00043729250000000005
56.3	0.00047868350000000005
56.4	0.00047880089999999996
56.5	0.00047561179999999997
56.6	0.00045181279999999995
56.7	0.0004455676
56.8	0.00041628589999999994
56.9	0.0004491686
57.0	0.0004526375
57.1	0.00048373909999999994
57.2	0.00045702370000000005
57.3	0.00048307840000000004
57.4	0.0004525521
57.5	0.00046221880000000003
57.6	0.00044388000000000007
57.7	0.00047149789999999996
57.8	0.0005004377000000001
57.9	0.00047078219999999995
58.0	0.0004333104
58.1	0.0004574668
58.2	0.00046781920000000003
58.3	0.0004688144
58.4	0.000484867
58.5	0.0004534696
58.6	0.0005550036999999999
58.7	0.00044254200000000003
58.8	0.00042779639999999996
58.9	0.0004879545
59.0	0.0005035020999999999
59.1	0.0004513854
59.2	0.00043667820000000004
59.3	0.00048210580000000004
59.4	0.00044209930000000004
59.5	0.00045923249999999996
59.6	0.0004255178
59.7	0.00042498060000000003
59.8	0.00047152070000000003
59.9	0.00043602469999999994
60.0	0.00041321360000000004
60.1	0.0004069223
60.2	0.0004645699
60.3	0.0004398349
60.4	0.00040705390000000003
60.5	0.0004462993
60.6	0.00045365579999999997
60.7	0.00044938429999999993
60.8	0.00040709190000000003
60.9	0.0004176501
61.0	0.0004074029
61.1	0.0004519821
61.2	0.0004400053
61.3	0.0004323628
61.4	0.0004307965
61.5	0.0004504078
61.6	0.00044686540000000004
61.7	0.00044389660000000004
61.8	0.00043216040000000004
61.9	0.00043372669999999997
62.0	0.0004029609
62.1	0.0004829094
62.2	0.0004548343
62.3	0.0004621821
62.4	0.0004170147
62.5	0.0004839719
62.6	0.00044635369999999994
62.7	0.00048615820000000006
62.8	0.00041781299999999995
62.9	0.00047480980000000003
63.0	0.0004747318
63.1	0.00046794159999999997
63.2	0.00044662470000000003
63.3	0.0004442915
63.4	0.0004432298
63.5	0.00047635220000000005
63.6	0.00046060070000000005
63.7	0.00044889709999999995
63.8	0.0004879408
63.9	0.00044906670000000005
64.0	0.0004584308
64.1	0.0004299593
64.2	0.00038552719999999994
64.3	0.0002598072
64.4	0.000388962
64.5	0.0004376258
64.6	0.0003775051
64.7	0.000477817
64.8	0.0005173188
64.9	0.000484669
65.0	0.00045884109999999996
65.1	0.00046152350000000004
65.2	0.0004477494
65.3	0.00048260720000000004
65.4	0.0004935528
65.5	0.0005071407
65.6	0.0004432216
65.7	0.000430851
65.8	0.000511203
65.9	0.0004576167
66.0	0.0004891965000000001
66.1	0.0004718559
66.2	0.0004502916
66.3	0.0004714293
66.4	0.00044098209999999995
66.5	0.0004639576
66.6	0.00047829820000000006
66.7	0.0004671742
66.8	0.0004441294
66.9	0.00046232950000000005
67.0	0.0004525784
67.1	0.0004585468
67.2	0.00047053070000000006
67.3	0.0004932039000000001
67.4	0.0004141851
67.5	0.0004727393
67.6	0.00038232639999999997
67.7	0.00045433739999999994
67.8	0.0004566249000000001
67.9	0.00045885639999999997
68.0	0.0004426096
68.1	0.0004679729
68.2	0.0004572603
68.3	0.0004176268
68.4	0.0004680813
68.5	0.00047751440000000004
68.6	0.00047852260000000004
68.7	0.00047620510000000003
68.8	0.00044544750000000003
68.9	0.00047736030000000007
69.0	0.00045558530000000004
69.1	0.00044934570000000005
69.2	0.0005243571000000001
69.3	0.0004666469
69.4	0.0004378581
69.5	0.00044154759999999997
69.6	0.0004385018
69.7	0.0004410052
69.8	0.0005108853000000001
69.9	0.0004911571
70.0	0.0004172008
70.1	0.00044918320000000004
70.2	0.00042485920000000005
70.3	0.00044852450000000007
70.4	0.0004836534
70.5	0.00042768039999999997
70.6	0.0004502377
70.7	0.00043802049999999996
70.8	0.0004426723
70.9	0.00043557979999999996
71.0	0.0005199457
71.1	0.000486592
71.2	0.00046918139999999997
71.3	0.00043971790000000004
71.4	0.00045155520000000004
71.5	0.0004617868
71.6	0.000510714
71.7	0.0004472528
71.8	0.00044817520000000005
71.9	0.0004908708000000001
72.0	0.00046919700000000003
72.1	0.0004722285
72.2	0.0004344167
72.3	0.0003982254
72.4	0.0004605547
72.5	0.0004035661
72.6	0.0003111597
72.7	0.0003207879
72.8	0.0002415211
72.9	0.000169153
73.0	0.00018251599999999997
73.1	0.00017302859999999997
73.2	0.00019925170000000003
73.3	0.00015217749999999993
73.4	0.00036418039999999995
73.5	0.00041876680000000005
73.6	0.0004545711
73.7	0.0004913591
73.8	0.00045331429999999996
73.9	0.00045015239999999997
74.0	0.00048080930000000006
74.1	0.00046060860000000003
74.2	0.0004070465
74.3	0.0004418419
74.4	0.0005178143
74.5	0.0004149684
74.6	0.00045592650000000006
74.7	0.00044571789999999997
74.8	0.00045726789999999995
74.9	0.0004288745
75.0	0.00044904349999999994
75.1	0.0004368118
75.2	0.0005039168
75.3	0.000509133
75.4	0.00048126619999999996
75.5	0.0004491678
75.6	0.0004320445
75.7	0.0004207502
75.8	0.0003871717
75.9	0.00042601340000000007
76.0	0.00046646910000000004
76.1	0.0004288506
76.2	0.00044809
76.3	0.0004242774
76.4	0.00041639419999999996
76.5	0.000400046
76.6	0.00041705290000000004
76.7	0.00044512959999999993
76.8	0.00042400639999999997
76.9	0.0005108224999999999
77.0	0.0003994729
77.1	0.00041466610000000004
77.2	0.0004291526
77.3	0.00045126860000000005
77.4	0.0004393154
77.5	0.0003874729
77.6	0.00042473490000000005
77.7	0.0004329285
77.8	0.0004602057
77.9	0.00040814649999999997
78.0	0.0004693756999999999
78.1	0.00044878690000000004
78.2	0.00044715240000000006
78.3	0.00042590520000000004
78.4	0.0004487027
78.5	0.0003919067
78.6	0.0004100691
78.7	0.00039771309999999993
78.8	0.00043695120000000005
78.9	0.00041807660000000007
79.0	0.00038911679999999995
79.1	0.0005293028
79.2	0.0004397422
79.3	0.00041485919999999997
79.4	0.00040541880000000006
79.5	0.0004000853
79.6	0.0004311606
79.7	0.0004187047
79.8	0.00044759380000000004
79.9	0.0003976513
80.0	0.0004468497
80.1	0.00047819649999999997
80.2	0.00042660310000000004
80.3	0.0004441606
80.4	0.00040379040000000004
80.5	0.00043237059999999994
80.6	0.0004262544
80.7	0.0003933955
80.8	0.00041663409999999996
80.9	0.0004529268
81.0	0.0004111307
81.1	0.0003667763000000001
81.2	0.0003515679
81.3	0.00042054870000000005
81.4	0.00044933780000000007
81.5	0.0005061409999999999
81.6	0.0004418426
81.7	0.0003997591
81.8	0.00042220850000000004
81.9	0.0004182079
82.0	0.00040118599999999994
82.1	0.0004006816
82.2	0.0004184251
82.3	0.0004207506
82.4	0.00042794430000000003
82.5	0.00043967189999999997
82.6	0.0004300214000000001
82.7	0.00040624730000000004
82.8	0.00040482139999999995
82.9	0.0004304242
83.0	0.0004339044
83.1	0.00040635590000000004
83.2	0.0003673428
83.3	0.000389923
83.4	0.0004013488
83.5	0.0004584388
83.6	0.00040888329999999996
83.7	0.00041181329999999996
83.8	0.00044392749999999995
83.9	0.00038348159999999996
84.0	0.00038698500000000006
84.1	0.00042797519999999994
84.2	0.00040430199999999994
84.3	0.0004067978
84.4	0.00041392940000000003
84.5	0.00042533170000000006
84.6	0.0003820707
84.7	0.00047718140000000005
84.8	0.00042340919999999993
84.9	0.00037111820000000005
85.0	0.00039933289999999995
85.1	0.0003817452
85.2	0.00048304170000000005
85.3	0.00035583999999999995
85.4	0.00038507109999999994
85.5	0.0003893649
85.6	0.00042107630000000004
85.7	0.0004408423
85.8	0.00039558210000000004
85.9	0.00042186680000000007
86.0	0.00043017589999999996
86.1	0.00044654750000000005
86.2	0.0004322068
86.3	0.00048105729999999995
86.4	0.00041320829999999997
86.5	0.00045274870000000007
86.6	0.00040383659999999996
86.7	0.00042775
86.8	0.0004025343
86.9	0.0004211538
87.0	0.00038601680000000004
87.1	0.00041999850000000005
87.2	0.0004446866
87.3	0.0004095727
87.4	0.00039247290000000003
87.5	0.0003961472
87.6	0.00041962700000000005
87.7	0.00042088269999999994
87.8	0.0004123255
87.9	0.00042710640000000004
88.0	0.00039271399999999995
88.1	0.00039416349999999995
88.2	0.00040018560000000005
88.3	0.0004462139
88.4	0.0004303159999999999
88.5	0.00040045740000000003
88.6	0.00040841829999999996
88.7	0.0004635384
88.8	0.000383489
88.9	0.0004240371
89.0	0.0004472682
89.1	0.0003985973
89.2	0.0004314249
89.3	0.00045924409999999996
89.4	0.00044356300000000006
89.5	0.000448059
89.6	0.0004488811
89.7	0.00043234729999999997
89.8	0.000474949
89.9	0.00043668
90.0	0.0004509267
90.1	0.0004729642
90.2	0.00042931590000000003
90.3	0.00042707510000000005
90.4	0.00043372679999999995
90.5	0.00041652579999999995
90.6	0.0004226492
90.7	0.00041756489999999997
90.8	0.0004497879
90.9	0.00046998739999999997
91.0	0.0003986585
91.1	0.0004598183
91.2	0.00043252499999999996
91.3	0.00043983520000000003
91.4	0.00043278089999999994
91.5	0.00042950899999999996
91.6	0.000431215
91.7	0.00043288139999999995
91.8	0.0004327505
91.9	0.0004496716
92.0	0.0004020077
92.1	0.00043022270000000004
92.2	0.0004321225
92.3	0.00045580239999999997
92.4	0.00045907420000000003
92.5	0.00043554010000000003
92.6	0.00039830990000000005
92.7	0.00048088680000000003
92.8	0.00048043669999999996
92.9	0.0004340293
93.0	0.0003795669
93.1	0.0003826438
93.2	0.00042459579999999994
93.3	0.00040187550000000006
93.4	0.0004194017
93.5	0.0004248051
93.6	0.0004213478
93.7	0.0004031862
93.8	0.0004221997000000001
93.9	0.0004254473
94.0	0.0004448886
94.1	0.00046463149999999997
94.2	0.00040548019999999996
94.3	0.00040123219999999997
94.4	0.00043670279999999997
94.5	0.00039124829999999996
94.6	0.0004300836
94.7	0.0005081565
94.8	0.0004027831
94.9	0.00038538849999999997
95.0	0.0003995196
95.1	0.0004188749
95.2	0.0004308976
95.3	0.0004614611
95.4	0.0003859538
95.5	0.00045113619999999994
95.6	0.00040553450000000005
95.7	0.0004358351
95.8	0.00041630920000000003
95.9	0.0003986047
96.0	0.0004571361
96.1	0.00041099109999999996
96.2	0.0003901863
96.3	0.0004772901
96.4	0.0004127201
96.5	0.00045419890000000004
96.6	0.0004388736
96.7	0.00042164219999999997
96.8	0.0004066119
96.9	0.0004078367
97.0	0.0004423235
97.1	0.0004440905
97.2	0.0004394939
97.3	0.00042906039999999996
97.4	0.00040686709999999997
97.5	0.00043855599999999994
97.6	0.00042510649999999997
97.7	0.00046180230000000003
97.8	0.0005604405999999999
97.9	0.00043928449999999997
98.0	0.00045444659999999994
98.1	0.00045912849999999995
98.2	0.00044767149999999997
98.3	0.00038899270000000003
98.4	0.0004913356000000001
98.5	0.00045826
98.6	0.00045630690000000005
98.7	0.0004968009
98.8	0.0004886618000000001
98.9	0.0004745386
99.0	0.00045513549999999997
99.1	0.0004364475
99.2	0.00044979620000000004
99.3	0.0004191851
99.4	0.0004612983
99.5	0.00041992959999999997
99.6	0.0004419588
99.7	0.0004278431
99.8	0.00044755530000000003
99.9	0.0004462453
100.0	0.00046642270000000005
100.1	0.00041961189999999995
100.2	0.0003942871
100.3	0.0004238744
100.4	0.00041697580000000004
100.5	0.00039742619999999995
100.6	0.00041265830000000004
100.7	0.00045278000000000007
100.8	0.00044229969999999997
100.9	0.0004966219
101.0	0.00040783649999999997
101.1	0.0004507956000000001
101.2	0.00043168789999999997
101.3	0.00041842539999999997
101.4	0.00038975239999999997
101.5	0.0004468884
101.6	0.00047709580000000003
101.7	0.00041886710000000005
101.8	0.00045835289999999996
101.9	0.00041558050000000004
102.0	0.00039318580000000005
102.1	0.00042195180000000006
102.2	0.00045566309999999996
102.3	0.0004425942
102.4	0.0003991323
102.5	0.000400411
102.6	0.00041817749999999994
102.7	0.000415736
102.8	0.000439005
102.9	0.0003972174
103.0	0.0004213628
103.1	0.0003910158
103.2	0.0004162311
103.3	0.00043876569999999995
103.4	0.00037390880000000005
103.5	0.0004146116
103.6	0.0004209447
103.7	0.0003883881
103.8	0.00041248710000000004
103.9	0.00038611729999999994
104.0	0.00039099999999999996
104.1	0.00045833070000000003
104.2	0.00041554969999999994
104.3	0.0004230989
104.4	0.0004164796
104.5	0.0004079371
104.6	0.00041141020000000003
104.7	0.00040133289999999994
104.8	0.00043003720000000004
104.9	0.0004016976
105.0	0.0004047897
105.1	0.0003972951
105.2	0.00045708209999999997
105.3	0.0003626530999999999
105.4	0.00039489920000000006
105.5	0.0004258589000000001
105.6	0.0004062865
105.7	0.0004098827
105.8	0.00040858130000000003
105.9	0.00044446249999999997
106.0	0.00038918659999999996
106.1	0.0004078754
106.2	0.0004109524
106.3	0.0003892874
106.4	0.0004385396
106.5	0.00040070489999999997
106.6	0.00039343470000000004
106.7	0.000423882
106.8	0.00043836200000000003
106.9	0.0004261379
107.0	0.00040103020000000004
107.1	0.0004269361
107.2	0.00038725650000000006
107.3	0.00040774389999999994
107.4	0.0004090768
107.5	0.0004317349
107.6	0.0004446257
107.7	0.00042199089999999994
107.8	0.0005023733999999999
107.9	0.00042821510000000005
108.0	0.00045001239999999993
108.1	0.00041593700000000007
108.2	0.00044120689999999996
108.3	0.0003930083
108.4	0.00045659370000000006
108.5	0.00041140990000000004
108.6	0.0005180634
108.7	0.0004158906
108.8	0.00048273909999999997
108.9	0.0004600352
109.0	0.00042876579999999995
109.1	0.00037243620000000004
109.2	0.00043044770000000006
109.3	0.0004229753
109.4	0.00042155690000000005
109.5	0.00045672510000000004
109.6	0.00042083560000000003
109.7	0.0004368432
109.8	0.00045333039999999997
109.9	0.0004056584
110.0	0.00044003600000000004
110.1	0.0004973509
110.2	0.0004169525
110.3	0.0004286572
110.4	0.000421774
110.5	0.00041308420000000005
110.6	0.0004881806
110.7	0.00039118629999999996
110.8	0.0004566321
110.9	0.00045436109999999995
111.0	0.0004450679
111.1	0.0004511285
111.2	0.000447346
111.3	0.0004080845
111.4	0.0004037439
111.5	0.0003886982
111.6	0.00044681080000000007
111.7	0.0004271538
111.8	0.00040033319999999996
111.9	0.00043312209999999996
112.0	0.0004523998
112.1	0.0004611754
112.2	0.0004501521
112.3	0.00048296449999999996
112.4	0.00041551080000000007
112.5	0.0004303623
112.6	0.0004440901
112.7	0.0004107283
112.8	0.00047766199999999995
112.9	0.00042186629999999996
113.0	0.00047618160000000004
113.1	0.0004403692
113.2	0.00041346390000000007
113.3	0.0004414938
113.4	0.0004309287
113.5	0.00041134850000000003
113.6	0.0004537957
113.7	0.0004503297
113.8	0.00045114400000000006
113.9	0.0004556321
114.0	0.00042104600000000006
114.1	0.00047648320000000005
114.2	0.0004829021
114.3	0.0004207821
114.4	0.00041326300000000003
114.5	0.0004224333
114.6	0.0004542915
114.7	0.0003974184
114.8	0.00040865070000000006
114.9	0.0004248358
115.0	0.00041375859999999995
115.1	0.00044700480000000003
115.2	0.0004615701
115.3	0.0004617561
115.4	0.00047095750000000005
115.5	0.0004025584
115.6	0.00044506719999999996
115.7	0.00041663500000000005
115.8	0.0004379822
115.9	0.00046402
116.0	0.0004557719
116.1	0.0004699955000000001
116.2	0.0004201461
116.3	0.00043945569999999997
116.4	0.00042928509999999993
116.5	0.00037997830000000005
116.6	0.00044470309999999994
116.7	0.00043049449999999997
116.8	0.0004219756
116.9	0.0004424087
117.0	0.00044031530000000004
117.1	0.0004522915
117.2	0.00044586509999999997
117.3	0.00047553000000000005
117.4	0.0004331374
117.5	0.0004545237
117.6	0.00039511650000000005
117.7	0.00039560450000000004
117.8	0.0005252952999999999
117.9	0.0004929871000000001
118.0	0.00043340079999999997
118.1	0.00045834559999999996
118.2	0.00044375750000000004
118.3	0.00041152669999999997
118.4	0.0004858007
118.5	0.0004953586
118.6	0.00040768149999999997
118.7	0.00040377560000000003
118.8	0.00040797660000000004
118.9	0.00044026140000000003
119.0	0.00044279629999999996
119.1	0.0004509427
119.2	0.0004017049
119.3	0.00040451079999999996
119.4	0.00045129199999999995
119.5	0.0004725613
119.6	0.0004883281
119.7	0.000414758
119.8	0.0004448811
119.9	0.00046905750000000005
120.0	0.00042930839999999996
120.1	0.00042571950000000003
120.2	0.00046741449999999993
120.3	0.0004554617
120.4	0.00046465469999999997
120.5	0.00041658840000000004
120.6	0.0003728852
120.7	0.0004514854
120.8	0.00043123099999999996
120.9	0.0004544699
121.0	0.000499769
121.1	0.0004298585
121.2	0.00043525320000000004
121.3	0.0004598106
121.4	0.000448168
121.5	0.00041379779999999993
121.6	0.00044705940000000006
121.7	0.0004487725
121.8	0.00039082250000000004
121.9	0.0004259283
122.0	0.0004437572
122.1	0.0004324787
122.2	0.00046830569999999994
122.3	0.0004324712
122.4	0.000406721
122.5	0.0004388119
122.6	0.00044271869999999995
122.7	0.00040023269999999995
122.8	0.0004163551
122.9	0.000448369
123.0	0.0004268195
123.1	0.0004296567
123.2	0.00041575160000000005
123.3	0.0004360135
123.4	0.0004272855
123.5	0.00042727710000000003
123.6	0.0004327114
123.7	0.00042562650000000003
123.8	0.00044670260000000004
123.9	0.0004337658
124.0	0.0004138594
124.1	0.0004235648
124.2	0.00039958079999999997
124.3	0.0004201459
124.4	0.00041869670000000005
124.5	0.0004325096
124.6	0.0004178208
124.7	0.00040155810000000003
124.8	0.0004057589
124.9	0.00040281430000000003
125.0	0.0004499738999999999
125.1	0.0003994498
125.2	0.0003676917
125.3	0.00045169420000000006
125.4	0.000385745
125.5	0.0004218593
125.6	0.0004004883
125.7	0.0004184945
125.8	0.00039627909999999996
125.9	0.0004979240999999999
126.0	0.00042828539999999996
126.1	0.00042682010000000004
126.2	0.0003973338
126.3	0.00040325589999999997
126.4	0.0004469743
126.5	0.00042910649999999996
126.6	0.00043592809999999996
126.7	0.0004327118
126.8	0.0004079993
126.9	0.00039754229999999996
127.0	0.0004699183
127.1	0.00045369480000000004
127.2	0.0004203165
127.3	0.0004429196
127.4	0.00045454720000000004
127.5	0.0004323315
127.6	0.00044997360000000004
127.7	0.00042857980000000006
127.8	0.00043704430000000003
127.9	0.00039358929999999996
128.0	0.00040353420000000006
128.1	0.00041670449999999995
128.2	0.00044708970000000004
128.3	0.0004282772
128.4	0.0003853803999999999
128.5	0.00039169760000000003
128.6	0.0004109528
128.7	0.00045194220000000006
128.8	0.00041306080000000003
128.9	0.00044727639999999995
129.0	0.0003956595
129.1	0.00042223159999999995
129.2	0.00043297450000000004
129.3	0.00047611949999999995
129.4	0.00045506670000000003
129.5	0.00047343790000000004
129.6	0.0005060245
129.7	0.00041923129999999994
129.8	0.0004200221
129.9	0.00042609919999999995
130.0	0.0004221535
130.1	0.0004890729
130.2	0.00040665870000000003
130.3	0.00043888939999999995
130.4	0.00041988960000000005
130.5	0.0004244326
130.6	0.00044779570000000004
130.7	0.0004369355
130.8	0.0004577875
130.9	0.00043560299999999996
131.0	0.0003958302
131.1	0.0004350982
131.2	0.0004567024
131.3	0.0004336727
131.4	0.00043552459999999995
131.5	0.0004569731
131.6	0.00037303220000000004
131.7	0.00041991310000000004
131.8	0.0004549893
131.9	0.0004576947
132.0	0.0004368345
132.1	0.00043984279999999997
132.2	0.000399783
132.3	0.0004723368
132.4	0.0004447183
132.5	0.00045711309999999997
132.6	0.00046816689999999993
132.7	0.0004393701
132.8	0.00042782739999999996
132.9	0.0004502524
133.0	0.00047701849999999996
133.1	0.0004481529
133.2	0.00046473239999999996
133.3	0.00043809880000000005
133.4	0.00040565830000000003
133.5	0.00041204560000000003
133.6	0.00045782629999999993
133.7	0.000453377
133.8	0.0004647173
133.9	0.0004616711
134.0	0.000442098
134.1	0.000446253
134.2	0.00044412900000000003
134.3	0.00045894980000000006
134.4	0.00040641079999999995
134.5	0.00043239269999999994
134.6	0.00039373649999999995
134.7	0.0004413003
134.8	0.0004158367
134.9	0.0005004354
135.0	0.00048015009999999997
135.1	0.00038724150000000004
135.2	0.0005104277
135.3	0.00042566490000000006
135.4	0.00042520690000000006
135.5	0.000422991
135.6	0.0004533306
135.7	0.0004353774
135.8	0.0004549346
135.9	0.0004357028
136.0	0.0004377263
136.1	0.0004696857
136.2	0.0005134117999999999
136.3	0.0005092575000000001
136.4	0.000442788
136.5	0.0004713520000000001
136.6	0.00045888790000000004
136.7	0.00042887389999999995
136.8	0.00039362060000000006
136.9	0.00039406250000000004
137.0	0.00030290479999999995
137.1	0.0004322772
137.2	0.00031633050000000004
137.3	0.0004004652
137.4	0.0004794216
137.5	0.0004956308
137.6	0.00045634630000000005
137.7	0.00047013599999999996
137.8	0.0004133486
137.9	0.00044619110000000006
138.0	0.0004230995
138.1	0.00048194119999999996
138.2	0.0004470901
138.3	0.0004865218
138.4	0.00042582760000000003
138.5	0.00036125019999999993
138.6	0.000508738
138.7	0.0005072728000000001
138.8	0.0004528726
138.9	0.0004650891
139.0	0.0004614146
139.1	0.00042988170000000003
139.2	0.00048593289999999994
139.3	0.00043771049999999996
139.4	0.0004566096
139.5	0.00045577169999999996
139.6	0.00048154559999999993
139.7	0.0004306959
139.8	0.0004825687
139.9	0.0004948004
140.0	0.00043559459999999996
140.1	0.00045568670000000004
140.2	0.000491405
140.3	0.0004958699
140.4	0.00044282729999999996
140.5	0.00046216670000000004
140.6	0.0004849712
140.7	0.00046964760000000005
140.8	0.0005166367
140.9	0.0004533761
141.0	0.00045348500000000005
141.1	0.00044287339999999996
141.2	0.000473523
141.3	0.0004568568
141.4	0.00046939070000000005
141.5	0.0004474471
141.6	0.00043346320000000005
141.7	0.00044598939999999996
141.8	0.0004490359
141.9	0.0004921882
142.0	0.00043633810000000007
142.1	0.00046571650000000003
142.2	0.00044995790000000005
142.3	0.000452602
142.4	0.00045940710000000004
142.5	0.0005094737
142.6	0.00046711199999999994
142.7	0.00047258439999999993
142.8	0.0004785534
142.9	0.0004445865
143.0	0.0005001642999999999
143.1	0.00048394050000000004
143.2	0.0004481831
143.3	0.0004807317999999999
143.4	0.0004566325
143.5	0.0005370532
143.6	0.0004366414
143.7	0.0004429584
143.8	0.0004857156
143.9	0.00044120669999999994
144.0	0.0004881263
144.1	0.00047814270000000005
144.2	0.0004783991
144.3	0.00041512249999999993
144.4	0.0004878471999999999
144.5	0.00043678099999999996
144.6	0.0004501447
144.7	0.0003662582
144.8	0.0004230522
144.9	0.00041845660000000003
145.0	0.0003620489
145.1	0.00035305669999999994
145.2	0.000302889
145.3	0.00028330140000000005
145.4	0.0002476361
145.5	0.00021807239999999996
145.6	0.00017281199999999994
145.7	0.0001718351000000001
145.8	0.0002228553999999999
145.9	0.0001952363
146.0	0.0001800129
146.1	0.0002765650999999999
146.2	0.00019756280000000003
146.3	0.00015713040000000004
146.4	0.00047893349999999997
146.5	0.0004839792
146.6	0.0004262462
146.7	0.0004728096
146.8	0.0004544546
146.9	0.0004931502
147.0	0.00047033689999999995
147.1	0.0004674147
147.2	0.0004786619
147.3	0.0004314937
147.4	0.00045978710000000006
147.5	0.0004938001
147.6	0.00047297260000000004
147.7	0.00044190500000000003
147.8	0.00048744500000000003
147.9	0.00040136420000000004
148.0	0.00048670049999999997
148.1	0.0004812977
148.2	0.0004780733
148.3	0.00047063929999999996
148.4	0.00046353120000000006
148.5	0.00042485900000000003
148.6	0.0004694068
148.7	0.0004523143
148.8	0.0004909946
148.9	0.00044973390000000005
149.0	0.00047942979999999997
149.1	0.0004790494
149.2	0.0004306415
149.3	0.00047084909999999994
149.4	0.0004953586
149.5	0.0004662205999999999
149.6	0.00046208929999999994
149.7	0.0004890802999999999
149.8	0.00044129949999999993
149.9	0.0004644688
150.0	0.0005200312999999999
150.1	0.00042742469999999995
150.2	0.0004659728
150.3	0.0004788947
150.4	0.0004530049
150.5	0.00044181179999999996
150.6	0.0004510904
150.7	0.0004355641
150.8	0.0004292387
150.9	0.00044157089999999994
151.0	0.0004653762999999999
151.1	0.0004534389
151.2	0.0004401912
151.3	0.0003950622
151.4	0.0004862738
151.5	0.0004471982
151.6	0.00041912229999999996
151.7	0.0004397034
151.8	0.0004514384
151.9	0.0004646868
152.0	0.00044565609999999993
152.1	0.0004596705
152.2	0.0004333775
152.3	0.00043920710000000003
152.4	0.000502296
152.5	0.0005238765000000001
152.6	0.00044339980000000003
152.7	0.0004957309000000001
152.8	0.0004651822
152.9	0.0004675307
153.0	0.0004397187
153.1	0.0005117685000000001
153.2	0.0005127297
153.3	0.0005431393000000001
153.4	0.0004733449
153.5	0.0004861108
153.6	0.00042915309999999997
153.7	0.00042121549999999997
153.8	0.0003342051999999999
153.9	0.0003356162
154.0	0.00037993950000000004
154.1	0.0003901403
154.2	0.0004933585000000001
154.3	0.0004730499
154.4	0.0004167433
154.5	0.0004900105
154.6	0.0004270988
154.7	0.0004899406000000001
154.8	0.00045088839999999996
154.9	0.0004496326
155.0	0.00047232890000000003
155.1	0.000417604
155.2	0.00046996479999999996
155.3	0.00046374819999999995
155.4	0.00045932979999999997
155.5	0.0004058988
155.6	0.00044596599999999995
155.7	0.00046857
155.8	0.00044798150000000003
155.9	0.0004716238
156.0	0.00042365719999999993
156.1	0.0004271069
156.2	0.0004514776
156.3	0.00047280140000000004
156.4	0.0004966064
156.5	0.000460159
156.6	0.000500188
156.7	0.00042949419999999995
156.8	0.0004462764
156.9	0.00044695909999999995
157.0	0.0004531669999999999
157.1	0.0004510354
157.2	0.00047459309999999997
157.3	0.0004484468
157.4	0.00043337
157.5	0.0004282694
157.6	0.0004937075999999999
157.7	0.0004603528
157.8	0.0004618568
157.9	0.0004483306
158.0	0.00043644779999999997
158.1	0.0004586711
158.2	0.0005031721999999999
158.3	0.0004129758
158.4	0.00045197379999999994
158.5	0.0004258588
158.6	0.0004318199
158.7	0.000436936
158.8	0.0004340838
158.9	0.00047798800000000005
159.0	0.00047884049999999997
159.1	0.00043582
159.2	0.0004132079
159.3	0.00049701
159.4	0.0004596936
159.5	0.00045332200000000003
159.6	0.00046889569999999996
159.7	0.0004336028
159.8	0.00044336989999999997
159.9	0.0004203863
160.0	0.00043400640000000005
160.1	0.00043831510000000003
160.2	0.00044488099999999994
160.3	0.0004705229
160.4	0.00043784320000000006
160.5	0.0004414779
160.6	0.00038184549999999997
160.7	0.0004553997
160.8	0.00044742409999999996
160.9	0.000449703
161.0	0.00041266610000000004
161.1	0.00045106650000000003
161.2	0.00043341710000000005
161.3	0.00044994210000000003
161.4	0.0004513615
161.5	0.0004318041
161.6	0.00044807429999999996
161.7	0.0004185721
161.8	0.00044458620000000003
161.9	0.0004901339
162.0	0.00041618510000000005
162.1	0.0005278371999999999
162.2	0.0004687328
162.3	0.0005046526
162.4	0.0004992811999999999
162.5	0.0004930412999999999
162.6	0.0004934446
162.7	0.0004782203
162.8	0.0005074349000000001
162.9	0.0004620275
163.0	0.00046593419999999995
163.1	0.00043718420000000003
163.2	0.00048139859999999995
163.3	0.0004467266
163.4	0.0004643057
163.5	0.0004499429
163.6	0.0005018463999999999
163.7	0.0004038445
163.8	0.00042602180000000006
163.9	0.0004793518
164.0	0.00043616090000000003
164.1	0.0005119388
164.2	0.0004941722
164.3	0.00045315180000000005
164.4	0.00044691169999999994
164.5	0.0004395246
164.6	0.0004512841
164.7	0.0005054507
164.8	0.00047388730000000003
164.9	0.00048344450000000004
165.0	0.00048351409999999997
165.1	0.0004821272
165.2	0.0004739564
165.3	0.0004853751
165.4	0.00048591020000000006
165.5	0.0004455866
165.6	0.00041982040000000003
165.7	0.0004533846
165.8	0.0004694304
165.9	0.00046785669999999997
166.0	0.0004537721
166.1	0.00047601139999999995
166.2	0.0004363774
166.3	0.0004842118
166.4	0.00047035950000000006
166.5	0.00043747809999999997
166.6	0.00044791979999999997
166.7	0.00043888099999999996
166.8	0.00045391149999999994
166.9	0.00043129240000000003
167.0	0.00046522910000000003
167.1	0.00044471059999999995
167.2	0.00046866259999999994
167.3	0.00042951720000000004
167.4	0.0004521443
167.5	0.00047866169999999993
167.6	0.00044694289999999996
167.7	0.000432688
167.8	0.000474639
167.9	0.00048636659999999995
168.0	0.0004683211
168.1	0.00047087930000000005
168.2	0.0004435708
168.3	0.00048466949999999997
168.4	0.0004115576
168.5	0.0004290996
168.6	0.0004941104
168.7	0.00043287379999999996
168.8	0.00047261540000000004
168.9	0.00046959289999999994
169.0	0.0004647632
169.1	0.0004906924000000001
169.2	0.0004619962
169.3	0.0004134171
169.4	0.00043528500000000004
169.5	0.00044119119999999997
169.6	0.0004314174
169.7	0.00045626779999999995
169.8	0.0004341144
169.9	0.000454431
170.0	0.00046684820000000003
170.1	0.0004836074
170.2	0.0005076217
170.3	0.0004947468
170.4	0.000466624
170.5	0.00048751409999999996
170.6	0.00044940790000000006
170.7	0.00044938479999999994
170.8	0.00043766450000000005
170.9	0.00046088780000000005
171.0	0.0005098776
171.1	0.00046432200000000003
171.2	0.0004383233
171.3	0.00044133119999999995
171.4	0.000436068
171.5	0.0004879561
171.6	0.0004265174
171.7	0.00047261570000000004
171.8	0.0004640193
171.9	0.0004614697
172.0	0.00047276259999999993
172.1	0.0004589348
172.2	0.00047621210000000003
172.3	0.0005104285
172.4	0.0004866075000000001
172.5	0.0004727162
172.6	0.00043558679999999996
172.7	0.0004585319
172.8	0.0004993511000000001
172.9	0.0004907544
173.0	0.0004816159
173.1	0.00044067199999999997
173.2	0.0004412375
173.3	0.0004983353
173.4	0.0004329823
173.5	0.0004756928
173.6	0.000469942
173.7	0.0004609648
173.8	0.0004639501
173.9	0.0004948623
174.0	0.0004935760999999999
174.1	0.000440091
174.2	0.0004712751
174.3	0.0004466554
174.4	0.00043549440000000006
174.5	0.00042199919999999996
174.6	0.0004662521
174.7	0.0005087532000000001
174.8	0.0004568647
174.9	0.00045619839999999997
175.0	0.0004417734
175.1	0.00046017480000000004
175.2	0.0004837008
175.3	0.00046792629999999996
175.4	0.00047436749999999996
175.5	0.0004530355
175.6	0.0004459043
175.7	0.000442904
175.8	0.00047541419999999997
175.9	0.0004549653
176.0	0.00045683359999999996
176.1	0.0004395561
176.2	0.0004887547999999999
176.3	0.00042340170000000003
176.4	0.0004556092
176.5	0.0004344938
176.6	0.0004234716
176.7	0.0004317037
176.8	0.00045634490000000006
176.9	0.0004263941
177.0	0.0004679493
177.1	0.0004473685
177.2	0.0005036063999999999
177.3	0.0004496872
177.4	0.00046539920000000003
177.5	0.00048730539999999997
177.6	0.0004742748
177.7	0.0004560892
177.8	0.00045222180000000005
177.9	0.00046983349999999997
178.0	0.0004696167
178.1	0.0004817628
178.2	0.0004169061
178.3	0.0004884903
178.4	0.0004584773
178.5	0.0004754613
178.6	0.0005184423
178.7	0.00047470860000000005
178.8	0.000448408
178.9	0.0005255275
179.0	0.0004678718000000001
179.1	0.0005249227
179.2	0.00046309689999999995
179.3	0.0004755222
179.4	0.000441106
179.5	0.0004940877
179.6	0.0004948312000000001
179.7	0.00047377849999999996
179.8	0.0005058235
179.9	0.0004631122
180.0	0.0003991707
180.1	0.0004873824
180.2	0.0005103885
180.3	0.0005137684
180.4	0.0004803133
180.5	0.0004835063
180.6	0.00042550979999999997
180.7	0.0004162004
180.8	0.00046093429999999997
180.9	0.0004405636
181.0	0.0005018542
181.1	0.00048571599999999997
181.2	0.0004763219
181.3	0.0004601511
181.4	0.00048435920000000003
181.5	0.0004967383
181.6	0.0004823673
181.7	0.0004872817000000001
181.8	0.0005199461
181.9	0.00040618580000000004
182.0	0.0004920719
182.1	0.00044714470000000004
182.2	0.0005361468
182.3	0.00048652999999999994
182.4	0.00044136990000000003
182.5	0.00044147789999999994
182.6	0.00040955760000000005
182.7	0.0004547174
182.8	0.0004320056
182.9	0.0004900487999999999
183.0	0.00043077390000000005
183.1	0.0004271301
183.2	0.0004286411
183.3	0.00048674669999999995
183.4	0.000400558
183.5	0.0004940254
183.6	0.00044963269999999996
183.7	0.0004657556
183.8	0.0004483459
183.9	0.0005041571999999999
184.0	0.0004797630000000001
184.1	0.00044578820000000004
184.2	0.0004396562
184.3	0.00044238450000000005
184.4	0.0005346741
184.5	0.0004770191
184.6	0.00046232930000000003
184.7	0.0004662596
184.8	0.0004719727
184.9	0.0005032418
185.0	0.00045193500000000004
185.1	0.00044284189999999995
185.2	0.0004614076
185.3	0.0004689417
185.4	0.0004892041
185.5	0.0004988625
185.6	0.0004740652
185.7	0.0005029626
185.8	0.0004833666
185.9	0.0004926616999999999
186.0	0.000447687
186.1	0.00043189
186.2	0.000513358
186.3	0.0004038057
186.4	0.0004404708
186.5	0.00047076379999999997
186.6	0.0004493924
186.7	0.00046438400000000003
186.8	0.0004747628
186.9	0.0003983723
187.0	0.00043654820000000005
187.1	0.0004628565
187.2	0.0004907778
187.3	0.00046288739999999996
187.4	0.00047091859999999995
187.5	0.00048359959999999996
187.6	0.0004557799
187.7	0.00045441610000000006
187.8	0.0004520743
187.9	0.0004304011
188.0	0.00044679580000000005
188.1	0.0004322228
188.2	0.00044276469999999997
188.3	0.00047516560000000004
188.4	0.0004670574
188.5	0.0004720578
188.6	0.0004409512
188.7	0.00045733770000000006
188.8	0.00047796420000000006
188.9	0.00045036859999999997
189.0	0.0004530585
189.1	0.00046584070000000005
189.2	0.00048332070000000005
189.3	0.00046467059999999997
189.4	0.00044664849999999996
189.5	0.0004499583
189.6	0.0004711434
189.7	0.0004524391
189.8	0.00044012160000000007
189.9	0.00046988710000000003
190.0	0.0004240294
190.1	0.0004753133
190.2	0.00046456959999999995
190.3	0.00043444010000000006
190.4	0.0004713446
190.5	0.00044095909999999997
190.6	0.00040791410000000003
190.7	0.0004412536
190.8	0.00047732880000000006
190.9	0.00043181160000000003
191.0	0.0004234714
191.1	0.0004614769
191.2	0.00044631559999999996
191.3	0.0004316643999999999
191.4	0.00043874939999999997
191.5	0.0004251693
191.6	0.00045026060000000006
191.7	0.00043035519999999996
191.8	0.0004789949
191.9	0.00041847960000000007
192.0	0.00043094430000000005
192.1	0.00045692679999999997
192.2	0.00047538329999999995
192.3	0.00043679630000000003
192.4	0.0004569656
192.5	0.00046592609999999995
192.6	0.0004731352
192.7	0.00048547550000000003
192.8	0.0004751116
192.9	0.0004504002
193.0	0.0004503071
193.1	0.0003947522
193.2	0.000440339
193.3	0.0004622056
193.4	0.00045944580000000006
193.5	0.000443811
193.6	0.0004969018
193.7	0.0004443694
193.8	0.00042941630000000006
193.9	0.00045336119999999996
194.0	0.00045820569999999996
194.1	0.0004184407
194.2	0.00045832220000000006
194.3	0.00045188819999999997
194.4	0.00046087290000000006
194.5	0.0004438813
194.6	0.00044689659999999995
194.7	0.0004868399
194.8	0.0004935688000000001
194.9	0.00045392699999999997
195.0	0.0004302535
195.1	0.0004250446
195.2	0.0004753443
195.3	0.0004575856
195.4	0.0004736387
195.5	0.00045188830000000006
195.6	0.00044565649999999996
195.7	0.00044721419999999994
195.8	0.00041875859999999997
195.9	0.0004513923
196.0	0.00043502069999999996
196.1	0.00044863269999999994
196.2	0.00052345
196.3	0.0004258357
196.4	0.00043107569999999997
196.5	0.00048346779999999996
196.6	0.0004528341
196.7	0.000468989
196.8	0.00045691189999999993
196.9	0.00040899140000000007
197.0	0.00044012140000000005
197.1	0.00044698970000000003
197.2	0.0004536328
197.3	0.00047618889999999993
197.4	0.00044557099999999997
197.5	0.00046324389999999994
197.6	0.0004964282
197.7	0.0004581905
197.8	0.00044561000000000004
197.9	0.00048098719999999995
198.0	0.0004341144
198.1	0.0005101331
198.2	0.0004282617
198.3	0.0004117515
198.4	0.0004838325
198.5	0.00047059239999999996
198.6	0.00047049920000000005
198.7	0.0004782825
198.8	0.00045450860000000005
198.9	0.00045549290000000003
199.0	0.0004924442
199.1	0.0004564695
199.2	0.0004609496
199.3	0.000499188
199.4	0.00047265489999999996
199.5	0.00042695960000000007
199.6	0.0004332001
199.7	0.0005034899000000001
199.8	0.000462182
199.9	0.0005029084
200.0	0.0004927390000000001
200.1	0.0004368659
200.2	0.0004252388
200.3	0.00047167789999999997
200.4	0.00047112009999999993
200.5	0.00048347600000000004
200.6	0.00045108200000000006
200.7	0.0005131245
200.8	0.00041038680000000005
200.9	0.00046747630000000003
201.0	0.00044998919999999994
201.1	0.0004814678
201.2	0.00045380269999999997
201.3	0.0004415869
201.4	0.00045236100000000003
201.5	0.00044071089999999995
201.6	0.00047001860000000004
201.7	0.00046467810000000003
201.8	0.00048436719999999994
201.9	0.000470283
202.0	0.0004266035
202.1	0.00045338430000000003
202.2	0.00044049319999999993
202.3	0.0004932424
202.4	0.0004773601
202.5	0.00047899530000000007
202.6	0.0004520592
202.7	0.0004464233
202.8	0.0004553146
202.9	0.0004676471
203.0	0.0004589735
203.1	0.0005234348
203.2	0.0004316183
203.3	0.0004596786
203.4	0.00046877130000000004
203.5	0.0004224247
203.6	0.00042908359999999996
203.7	0.0004297959
203.8	0.00047909590000000006
203.9	0.00045175680000000005
204.0	0.00045748509999999997
204.1	0.00046560080000000004
204.2	0.00046563959999999994
204.3	0.0004622288
204.4	0.0004693988
204.5	0.000491359
204.6	0.0004579346
204.7	0.00041626259999999997
204.8	0.00047515860000000004
204.9	0.0004512986
205.0	0.0004740729
205.1	0.00048100289999999994
205.2	0.00046588719999999997
205.3	0.00050197
205.4	0.0004571434
205.5	0.00045965510000000004
205.6	0.0005042722999999999
205.7	0.00045960069999999997
205.8	0.0004649415
205.9	0.00048105770000000003
206.0	0.00045012160000000004
206.1	0.00044946989999999996
206.2	0.00047771639999999997
206.3	0.0004505478
206.4	0.0004953817
206.5	0.0004464005
206.6	0.00047158500000000006
206.7	0.00042775789999999995
206.8	0.0005011727000000001
206.9	0.00046024440000000003
207.0	0.00042106859999999996
207.1	0.0004453537
207.2	0.0005006221000000001
207.3	0.00045850810000000003
207.4	0.00045771799999999997
207.5	0.0004588344
207.6	0.00047346100000000005
207.7	0.0004064574
207.8	0.0004837317
207.9	0.0004942895
208.0	0.0004718717
208.1	0.0004801034
208.2	0.00047198050000000005
208.3	0.00047373200000000004
208.4	0.000468492
208.5	0.0004680114
208.6	0.00047308079999999996
208.7	0.0004709961
208.8	0.0004805067
208.9	0.00044136980000000005
209.0	0.0004899716
209.1	0.0004856231
209.2	0.00043928530000000003
209.3	0.0004954133
209.4	0.00048773140000000006
209.5	0.0004622371
209.6	0.0005022578
209.7	0.0005173967000000001
209.8	0.0004959248000000001
209.9	0.0004879171
210.0	0.0004615307
210.1	0.00046748449999999995
210.2	0.0004568728
210.3	0.0004445319
210.4	0.0004753212
210.5	0.0004987534
210.6	0.0005198539
210.7	0.0004585238
210.8	0.0004269213
210.9	0.00045457799999999997
211.0	0.0004350757
211.1	0.00047124320000000006
211.2	0.00047116639999999994
211.3	0.0004961104
211.4	0.0004355256
211.5	0.00045684139999999996
211.6	0.0004544227
211.7	0.00045977989999999993
211.8	0.0004586556
211.9	0.0004512914
212.0	0.0005026689
212.1	0.00046192679999999993
212.2	0.0005145752
212.3	0.0004901578
212.4	0.0004602209
212.5	0.0004491054
212.6	0.00048040659999999994
212.7	0.000452067
212.8	0.0005180395
212.9	0.0005005449
213.0	0.0005120556000000001
213.1	0.0004898318000000001
213.2	0.000481437
213.3	0.0004526871
213.4	0.00045226050000000007
213.5	0.0004343394
213.6	0.00048265410000000004
213.7	0.00047074019999999994
213.8	0.0005061174999999999
213.9	0.0004318116
214.0	0.00044554040000000005
214.1	0.00046712029999999995
214.2	0.0004568258
214.3	0.00047515040000000006
214.4	0.0004213163
214.5	0.0004553611
214.6	0.0004494386
214.7	0.0004694615
214.8	0.00044397450000000004
214.9	0.0005125749999999999
215.0	0.0004699571
215.1	0.0004977390999999999
215.2	0.0004601514
215.3	0.00046246179999999995
215.4	0.0004899793000000001
215.5	0.0004800188
215.6	0.0004961492
215.7	0.000492134
215.8	0.0004540747
215.9	0.00041541749999999996
216.0	0.00047835229999999997
216.1	0.00044475669999999995
216.2	0.0005383871
216.3	0.00043351749999999997
216.4	0.0004638793
216.5	0.0004380521
216.6	0.00045443860000000003
216.7	0.0005212717
216.8	0.00046639119999999993
216.9	0.00048322720000000004
217.0	0.0005210551
217.1	0.0004810646
217.2	0.00047239039999999997
217.3	0.0005052109000000001
217.4	0.00046393389999999996
217.5	0.0004947304
217.6	0.0004124338
217.7	0.0004590047
217.8	0.0004534464
217.9	0.00037831900000000006
218.0	0.0004186657
218.1	0.00040571270000000004
218.2	0.0004355865
218.3	0.00046661639999999997
218.4	0.0003544988
218.5	0.0004786932
218.6	0.0005060093000000001
218.7	0.0004750568
218.8	0.0004762441
218.9	0.0004750184
219.0	0.0004589498
219.1	0.0004990721
219.2	0.00043633879999999993
219.3	0.0004725776
219.4	0.0004290762
219.5	0.0004682752
219.6	0.00046332960000000005
219.7	0.0004994056000000001
219.8	0.00048542889999999997
219.9	0.0005158147999999999
220.0	0.0004731428
220.1	0.0004930563
220.2	0.0004658406
220.3	0.0004350521
220.4	0.0004892662
220.5	0.0004938239000000001
220.6	0.0004405788
220.7	0.00048363039999999995
220.8	0.0004885992
220.9	0.00045521370000000007
221.0	0.00046635299999999997
221.1	0.0004896996999999999
221.2	0.0004506254
221.3	0.0005296278
221.4	0.0004885605
221.5	0.0005191792
221.6	0.00046923619999999995
221.7	0.000439734
221.8	0.0004739726
221.9	0.0004916532
222.0	0.0004567489
222.1	0.0004481057
222.2	0.00046422099999999996
222.3	0.00047982470000000003
222.4	0.00045574900000000003
222.5	0.00046731379999999996
222.6	0.0004213785
222.7	0.0004913281000000001
222.8	0.0004515085
222.9	0.00046653819999999997
223.0	0.0004468109999999999
223.1	0.00047177870000000003
223.2	0.0004669414
223.3	0.00041630899999999996
223.4	0.0004430748
223.5	0.00045919849999999997
223.6	0.00046880209999999997
223.7	0.0004733368
223.8	0.00046703470000000004
223.9	0.00042483580000000004
224.0	0.0004291068
224.1	0.0004483382
224.2	0.00044665580000000007
224.3	0.0004738021
224.4	0.0005009395000000001
224.5	0.0005210935
224.6	0.0004944213
224.7	0.00046795729999999996
224.8	0.0004740653
224.9	0.0004828091
225.0	0.00046698080000000003
225.1	0.00045604300000000005
225.2	0.00039897719999999997
225.3	0.00043219959999999996
225.4	0.00045784209999999995
225.5	0.0005223805
225.6	0.0004818559
225.7	0.00045125220000000004
225.8	0.0004775382
225.9	0.00046425970000000004
226.0	0.0005118617
226.1	0.000526078
226.2	0.00047305739999999995
226.3	0.0004943899999999999
226.4	0.00045719859999999996
226.5	0.0004540128
226.6	0.0005070472999999999
226.7	0.0004973274
226.8	0.0004963666
226.9	0.0004950945
227.0	0.00047392650000000006
227.1	0.0004366251
227.2	0.0004490587
227.3	0.0004916307000000001
227.4	0.0004652679
227.5	0.00046484869999999993
227.6	0.00047765439999999996
227.7	0.00045425980000000004
227.8	0.00042416130000000004
227.9	0.0004939863
228.0	0.00042839399999999996
228.1	0.0004814764
228.2	0.0004888479
228.3	0.0004551516
228.4	0.0003699478
228.5	0.00048253700000000006
228.6	0.0005372478
228.7	0.000469081
228.8	0.0004976690000000001
228.9	0.0004381988999999999
229.0	0.00047839139999999997
229.1	0.000465477
229.2	0.0004941883
229.3	0.0004882276
229.4	0.00045048530000000003
229.5	0.0005148537
229.6	0.0004678646
229.7	0.00047081710000000004
229.8	0.0004753601
229.9	0.0004663295
230.0	0.0005005525
230.1	0.0004774837
230.2	0.0004492844
230.3	0.00045184969999999996
230.4	0.0004545779
230.5	0.00044362509999999993
230.6	0.0004950407
230.7	0.0004943815
230.8	0.00042656439999999996
230.9	0.00044191919999999994
231.0	0.0004891109
231.1	0.00046161609999999996
231.2	0.00046773219999999996
231.3	0.00047091790000000004
231.4	0.0004030228
231.5	0.0004577251
231.6	0.0004413233
231.7	0.00044606670000000003
231.8	0.0004933898
231.9	0.00045949270000000006
232.0	0.0004755303
232.1	0.0004657715
232.2	0.0004311457
232.3	0.00047029099999999996
232.4	0.0004805611
232.5	0.0004558958
232.6	0.0004491751
232.7	0.0004279211
232.8	0.00045349240000000003
232.9	0.00045991070000000003
233.0	0.0005138148000000001
233.1	0.0004983429
233.2	0.0004611512
233.3	0.0004683455
233.4	0.00046069460000000003
233.5	0.0004859093
233.6	0.0004890419
233.7	0.0004365952
233.8	0.00044184199999999996
233.9	0.0004831267
234.0	0.0005073889
234.1	0.0004795221
234.2	0.00044765619999999996
234.3	0.0004475398
234.4	0.0004487022
234.5	0.0004508414
234.6	0.0004274247
234.7	0.0004660743
234.8	0.0004473926
234.9	0.0005080869
235.0	0.0004853203
235.1	0.0004827473
235.2	0.00047283320000000005
235.3	0.00043016109999999996
235.4	0.000484491
235.5	0.00046339160000000005
235.6	0.0004567875
235.7	0.00044954759999999994
235.8	0.000482685
235.9	0.0005139855
236.0	0.0004695623
236.1	0.000481452
236.2	0.0005167839
236.3	0.00045243130000000004
236.4	0.00046298870000000003
236.5	0.0004822431
236.6	0.00044916819999999997
236.7	0.00044759389999999996
236.8	0.000457221
236.9	0.0004836388
237.0	0.0004802124
237.1	0.00040756479999999996
237.2	0.00043529990000000003
237.3	0.0004912345
237.4	0.00045119079999999997
237.5	0.00044247030000000003
237.6	0.000487065
237.7	0.00039001610000000006
237.8	0.0004702205
237.9	0.00047322849999999997
238.0	0.0004700193
238.1	0.0005209536
238.2	0.0004473854
238.3	0.0004379044
238.4	0.00043541599999999994
238.5	0.0004443928
238.6	0.00046987189999999994
238.7	0.00047518159999999996
238.8	0.0004381919
238.9	0.00044211390000000004
239.0	0.00042909899999999995
239.1	0.00048128219999999994
239.2	0.0004657943
239.3	0.0004999557000000001
239.4	0.0004820875
239.5	0.000478577
239.6	0.00045377169999999997
239.7	0.0004322536999999999
239.8	0.00048042900000000004
239.9	0.0004812284
240.0	0.0004551909
240.1	0.0004894757999999999
240.2	0.0004424085
240.3	0.0004472063
240.4	0.0004388115
240.5	0.0004825381
240.6	0.0004572364
240.7	0.0004832281
240.8	0.00048029780000000003
240.9	0.00046885640000000005
241.0	0.00044992749999999993
241.1	0.0004930649000000001
241.2	0.00047670069999999995
241.3	0.0004538182
241.4	0.00048408090000000005
241.5	0.00040881329999999994
241.6	0.0004724453
241.7	0.00045312839999999994
241.8	0.0004515471
241.9	0.00046122910000000005
242.0	0.00044039290000000004
242.1	0.00043777229999999995
242.2	0.0004393379000000001
242.3	0.0004946074
242.4	0.00045906630000000005
242.5	0.00045078
242.6	0.00045435369999999997
242.7	0.0004552059
242.8	0.00043602070000000004
242.9	0.0004220528
243.0	0.00046487220000000003
243.1	0.00043886539999999995
243.2	0.00047928230000000003
243.3	0.00047842960000000004
243.4	0.00045681060000000003
243.5	0.00048459189999999996
243.6	0.0004696166
243.7	0.00044511430000000003
243.8	0.0005052105
243.9	0.0005027694
244.0	0.00042223870000000004
244.1	0.0004503073
244.2	0.00045612880000000004
244.3	0.0004532447
244.4	0.0004581595
244.5	0.00047332869999999993
244.6	0.0004419976
244.7	0.0004616006
244.8	0.00046952299999999996
244.9	0.0004984753000000001
245.0	0.0004769495
245.1	0.0005080319
245.2	0.0005039398000000001
245.3	0.000441757
245.4	0.0004527958
245.5	0.0004930023
245.6	0.00047284099999999994
245.7	0.0004911649
245.8	0.00046083359999999994
245.9	0.00042055660000000003
246.0	0.0004913972
246.1	0.0005196284
246.2	0.0004690738
246.3	0.0005136677
246.4	0.0004985987000000001
246.5	0.0004517334
246.6	0.00043455589999999997
246.7	0.0005018469999999999
246.8	0.0004567024
246.9	0.0005054507
247.0	0.0005030013
247.1	0.0004830569
247.2	0.0004964130999999999
247.3	0.0004433929
247.4	0.0005118391999999999
247.5	0.00047214300000000006
247.6	0.0004924746999999999
247.7	0.00043016859999999997
247.8	0.00047711959999999996
247.9	0.0004888549
248.0	0.0004756385
248.1	0.00047571610000000003
248.2	0.00046346839999999995
248.3	0.00048329000000000004
248.4	0.00046215130000000005
248.5	0.00046158539999999995
248.6	0.0005089396999999999
248.7	0.0004898324
248.8	0.0005014122
248.9	0.0004590969000000001
249.0	0.0004939867999999999
249.1	0.00043982669999999995
249.2	0.0004990255999999999
249.3	0.0004896073999999999
249.4	0.00048239059999999996
249.5	0.0004931649
249.6	0.0004720502
249.7	0.0005013661000000001
249.8	0.0004849955
249.9	0.00048372320000000004
250.0	0.0004542296
250.1	0.00048599440000000004
250.2	0.00046556949999999994
250.3	0.0004544774
250.4	0.00047891770000000006
250.5	0.00048738190000000004
250.6	0.0004908088
250.7	0.0004767007
250.8	0.00047436770000000003
250.9	0.00046135249999999995
251.0	0.0004431525
251.1	0.0004867006
251.2	0.0005249842
251.3	0.0004649571
251.4	0.0005370853000000001
251.5	0.000479274
251.6	0.00044589620000000006
251.7	0.0005085132
251.8	0.0004829402
251.9	0.00047402699999999997
252.0	0.0004963507
252.1	0.0004890872999999999
252.2	0.0004218899
252.3	0.0004948242000000001
252.4	0.00047766219999999997
252.5	0.0004811353
252.6	0.0004473923
252.7	0.0004422995
252.8	0.00043203659999999994
252.9	0.00038908570000000003
253.0	0.000440997
253.1	0.00046332979999999996
253.2	0.0004970799
253.3	0.0005055437
253.4	0.0004965525
253.5	0.00044750149999999995
253.6	0.00048711890000000007
253.7	0.00045814419999999997
253.8	0.0004970405
253.9	0.0004847701
254.0	0.0004735458
254.1	0.000443974
254.2	0.0004577947
254.3	0.0004323706
254.4	0.0005056838
254.5	0.0005135976
254.6	0.0004872899
254.7	0.000464834
254.8	0.0005295738
254.9	0.00046001950000000005
255.0	0.0004513226
255.1	0.0005004743
255.2	0.00047881719999999994
255.3	0.00043975009999999996
255.4	0.00044412870000000004
255.5	0.00048739
255.6	0.0004683604
255.7	0.0004982964
255.8	0.0004818712
255.9	0.0005030481
256.0	0.0005092884
256.1	0.0004574077
256.2	0.0004985287000000001
256.3	0.000472926
256.4	0.00045815119999999997
256.5	0.0004767863
256.6	0.00045418290000000006
256.7	0.00048253040000000003
256.8	0.0004724766
256.9	0.0005513012
257.0	0.00043624610000000003
257.1	0.0005014287
257.2	0.0004893435999999999
257.3	0.0004739177
257.4	0.0004992268
257.5	0.0004664611
257.6	0.0005002652
257.7	0.00048656069999999994
257.8	0.00046590309999999997
257.9	0.0004923973
258.0	0.0004686623
258.1	0.0005006990999999999
258.2	0.0005127064000000001
258.3	0.0004980331
258.4	0.00047229009999999997
258.5	0.0004309211
258.6	0.0004508191
258.7	0.0004421994
258.8	0.0005213653
258.9	0.0005050795
259.0	0.0004906610999999999
259.1	0.00047222080000000003
259.2	0.00047905749999999997
259.3	0.0005000094
259.4	0.00047801919999999995
259.5	0.0004698636
259.6	0.0004809409
259.7	0.0004884523
259.8	0.0004902579000000001
259.9	0.0004760502
260.0	0.00044688850000000006
260.1	0.0004727554
260.2	0.0004977466000000001
260.3	0.0005413643
260.4	0.00048042120000000004
260.5	0.0004986375
260.6	0.0004846538
260.7	0.0005166750000000001
260.8	0.0004841732
260.9	0.00048335170000000005
261.0	0.0004927699
261.1	0.00043057170000000006
261.2	0.000495583
261.3	0.00048801009999999996
261.4	0.0004832508
261.5	0.0004806691
261.6	0.0005037846
261.7	0.0005227292
261.8	0.0005021952
261.9	0.0005138851
262.0	0.00045766339999999995
262.1	0.00045083389999999997
262.2	0.00046535279999999993
262.3	0.00048536749999999996
262.4	0.0004887699000000001
262.5	0.0005243645
262.6	0.00045571
262.7	0.0005059393
262.8	0.0004689648
262.9	0.0004533452
263.0	0.00046960869999999996
263.1	0.0004949399
263.2	0.0005283492
263.3	0.0005028162
263.4	0.00046317419999999997
263.5	0.00045835290000000007
263.6	0.0004668484
263.7	0.0004879097
263.8	0.00043539349999999996
263.9	0.0004671978
264.0	0.00045928299999999995
264.1	0.00045957849999999994
264.2	0.0004554618
264.3	0.0004917232
264.4	0.0004869566
264.5	0.00045406609999999997
264.6	0.0004925531
264.7	0.00046119790000000003
264.8	0.0004390285
264.9	0.0004625311
265.0	0.0004699884
265.1	0.00047402649999999996
265.2	0.0005026295
265.3	0.0004962115
265.4	0.0004830728
265.5	0.0004784835
265.6	0.00045722950000000003
265.7	0.0004855376
265.8	0.00047826620000000005
265.9	0.00046362370000000005
266.0	0.0004482831
266.1	0.0004324245999999999
266.2	0.0005076133
266.3	0.0004913663
266.4	0.0004893505999999999
266.5	0.0005054044
266.6	0.0004557414
266.7	0.00045254689999999994
266.8	0.0004803204
266.9	0.000449284
267.0	0.0004976920000000001
267.1	0.0004262079
267.2	0.00047289470000000004
267.3	0.00047205780000000007
267.4	0.00048183210000000005
267.5	0.0004708794
267.6	0.00046050820000000006
267.7	0.0004598567
267.8	0.00048373899999999996
267.9	0.00047382539999999996
268.0	0.0004005113
268.1	0.0004790884
268.2	0.0004422149
268.3	0.0004787159
268.4	0.0004383382
268.5	0.0004605849
268.6	0.0004271217999999999
268.7	0.00048354519999999995
268.8	0.00048288679999999997
268.9	0.0004395638
269.0	0.0004997461
269.1	0.00042970369999999994
269.2	0.0004916617
269.3	0.00039636400000000007
269.4	0.0004921261000000001
269.5	0.00048633589999999994
269.6	0.00043150900000000006
269.7	0.00048755289999999996
269.8	0.0004744374
269.9	0.0004296651
270.0	0.0004903276
270.1	0.00048184759999999997
270.2	0.0005030555
270.3	0.000504172
270.4	0.0004812117
270.5	0.00046963969999999996
270.6	0.0004564927
270.7	0.00043168769999999996
270.8	0.00047415860000000007
270.9	0.0004957462
271.0	0.00046198069999999993
271.1	0.00046497349999999994
271.2	0.000463105
271.3	0.0004675703
271.4	0.0004697864
271.5	0.0005148924
271.6	0.0004873748
271.7	0.0004684296
271.8	0.0004889637
271.9	0.00046633739999999996
272.0	0.0004524622
272.1	0.0004526166
272.2	0.0004696701
272.3	0.0004515556
272.4	0.00047922049999999994
272.5	0.00047564700000000005
272.6	0.0004384014
272.7	0.0004958708000000001
272.8	0.000461113
272.9	0.0004907234
273.0	0.00044888080000000003
273.1	0.0004377266
273.2	0.00046015920000000004
273.3	0.00045968649999999996
273.4	0.00046219770000000004
273.5	0.0004852274
273.6	0.0004660969
273.7	0.00045741550000000003
273.8	0.0004980947
273.9	0.00047098090000000006
274.0	0.00048629719999999997
274.1	0.0004764059
274.2	0.00047886420000000003
274.3	0.00047352230000000003
274.4	0.0004991263
274.5	0.0005008235
274.6	0.0004898551
274.7	0.00047982449999999996
274.8	0.00048171609999999996
274.9	0.0004968463999999999
275.0	0.0004505943
275.1	0.0005002116
275.2	0.00048253
275.3	0.0004414165
275.4	0.0005013508999999999
275.5	0.00047215869999999994
275.6	0.000402736
275.7	0.00048635979999999996
275.8	0.0005022652
275.9	0.00048025160000000005
276.0	0.00048078609999999995
276.1	0.00044612190000000004
276.2	0.00039773619999999995
276.3	0.0004916076999999999
276.4	0.00045877179999999996
276.5	0.0004750036
276.6	0.0004556943
276.7	0.0004778714
276.8	0.00046177150000000004
276.9	0.0005082648
277.0	0.0005019165
277.1	0.0005274037999999999
277.2	0.0004845145
277.3	0.0004560202
277.4	0.0004919486
277.5	0.0004907775
277.6	0.0004965446999999999
277.7	0.0004977617
277.8	0.00048778569999999993
277.9	0.0004336724
278.0	0.00044908960000000005
278.1	0.0004367107
278.2	0.00046015129999999995
278.3	0.00046198850000000004
278.4	0.00046246150000000006
278.5	0.00046658459999999996
278.6	0.0005096135000000001
278.7	0.0004572368
278.8	0.0004921887
278.9	0.00047194150000000004
279.0	0.0004930566
279.1	0.0004985136000000001
279.2	0.0004843289
279.3	0.0005181557
279.4	0.00048104990000000003
279.5	0.0005267362
279.6	0.0004548728
279.7	0.00044977999999999994
279.8	0.00047734389999999995
279.9	0.0004254245
280.0	0.00043378860000000004
280.1	0.0004682441
280.2	0.00044599749999999996
280.3	0.0004771578
280.4	0.0004700735
280.5	0.0004960095999999999
280.6	0.00047459290000000006
280.7	0.00048073170000000005
280.8	0.00046640710000000004
280.9	0.00047604999999999994
281.0	0.0005121246000000001
281.1	0.00045795819999999997
281.2	0.00044894309999999997
281.3	0.000446013
281.4	0.00048551409999999997
281.5	0.0004319440000000001
281.6	0.0004467026
281.7	0.0004755539
281.8	0.00044206759999999997
281.9	0.000438967
282.0	0.00046180200000000003
282.1	0.0004923042999999999
282.2	0.0005276279
282.3	0.00048323569999999996
282.4	0.00047458470000000003
282.5	0.00047590179999999993
282.6	0.00048353010000000006
282.7	0.0004935605
282.8	0.0004670742
282.9	0.00048301059999999996
283.0	0.00048077080000000005
283.1	0.0005247838000000001
283.2	0.0004915683000000001
283.3	0.00047846049999999995
283.4	0.0004643453
283.5	0.0004766313
283.6	0.0004979479
283.7	0.00046918180000000005
283.8	0.0004867159
283.9	0.00048089469999999996
284.0	0.00046808830000000007
284.1	0.0004680891
284.2	0.00048198730000000007
284.3	0.0004960645
284.4	0.0004438813
284.5	0.00050494
284.6	0.0004799335
284.7	0.0004991029000000001
284.8	0.00048750640000000005
284.9	0.0004993511999999999
285.0	0.0004943903
285.1	0.0004569575
285.2	0.0004554389
285.3	0.00046073310000000004
285.4	0.0004644299
285.5	0.0004837163
285.6	0.0004472212
285.7	0.0004990797000000001
285.8	0.0005024588
285.9	0.0004573681
286.0	0.0004956844000000001
286.1	0.00046661619999999995
286.2	0.00043319910000000003
286.3	0.00044022289999999997
286.4	0.0004444159
286.5	0.0005124199
286.6	0.00048646709999999996
286.7	0.0005050948
286.8	0.00047881670000000004
286.9	0.0004099061
287.0	0.0004900255
287.1	0.000499319
287.2	0.0005096365
287.3	0.0004787003
287.4	0.00047544579999999996
287.5	0.0004747626
287.6	0.0004876844
287.7	0.0004526637
287.8	0.00047990239999999996
287.9	0.0004816154
288.0	0.0004525553
288.1	0.0004574
288.2	0.0004414079
288.3	0.00047105820000000007
288.4	0.0004907625
288.5	0.0005067375999999999
288.6	0.00046206610000000005
288.7	0.0004669491
288.8	0.0004929717000000001
288.9	0.00045607399999999994
289.0	0.00048557680000000004
289.1	0.0004712282
289.2	0.000501792
289.3	0.000469794
289.4	0.00047688669999999996
289.5	0.00039100800000000003
289.6	0.0004397966
289.7	0.0004935294000000001
289.8	0.00048351430000000004
289.9	0.0005125672999999999
290.0	0.0004770259
290.1	0.0004494933
290.2	0.0004916765999999999
290.3	0.0004744998
290.4	0.0004841041
290.5	0.0005021800000000001
290.6	0.0005048464000000001
290.7	0.00048021269999999996
290.8	0.0005346197000000001
290.9	0.0005137065
291.0	0.0005190169
291.1	0.0004808246
291.2	0.0004860723
291.3	0.00043449400000000006
291.4	0.0005108466000000001
291.5	0.0004545942
291.6	0.0005003429
291.7	0.000464717
291.8	0.0004928475
291.9	0.0004750189
292.0	0.00048280119999999995
292.1	0.0004676162
292.2	0.00048346829999999997
292.3	0.0005279847
292.4	0.00046852239999999994
292.5	0.0004143404
292.6	0.0004921727
292.7	0.0005121796
292.8	0.000493405
292.9	0.0004917237
293.0	0.0004901108
293.1	0.000492824
293.2	0.0004576325
293.3	0.0004899403
293.4	0.00048953
293.5	0.0005415496999999999
293.6	0.00048302610000000004
293.7	0.00047360779999999997
293.8	0.0004418426
293.9	0.0005021409
294.0	0.0005097768
294.1	0.0004807391
294.2	0.0005046218999999999
294.3	0.0005087062999999999
294.4	0.00047291820000000003
294.5	0.0005622155
294.6	0.00046851529999999996
294.7	0.0004811889
294.8	0.0005011642
294.9	0.00047675559999999997
295.0	0.0005238993999999999
295.1	0.0004946150999999999
295.2	0.00044743109999999996
295.3	0.00048524289999999997
295.4	0.00046732929999999994
295.5	0.0005006062
295.6	0.0005310468
295.7	0.0004970720000000001
295.8	0.0004698405
295.9	0.0004984748
296.0	0.0005133651
296.1	0.0004974905
296.2	0.0004952347
296.3	0.0005000097000000001
296.4	0.0005016762
296.5	0.00048683209999999996
296.6	0.00047248369999999996
296.7	0.0004863436
296.8	0.000509776
296.9	0.0005035596
297.0	0.0004205643
297.1	0.00046777190000000005
297.2	0.0004846225
297.3	0.0005010323999999999
297.4	0.0004927308000000001
297.5	0.0004909167
297.6	0.00046494169999999993
297.7	0.0004947853
297.8	0.0004742748
297.9	0.00048666970000000003
298.0	0.0005021109
298.1	0.0005187068999999999
298.2	0.00045749980000000005
298.3	0.0004620889
298.4	0.00047687140000000005
298.5	0.0005033507
298.6	0.00045562420000000003
298.7	0.00046769350000000004
298.8	0.0004964283
298.9	0.00047945999999999997
299.0	0.0005356663
299.1	0.0004893509
299.2	0.0004913741
299.3	0.00048700210000000003
299.4	0.0005406734
299.5	0.0005153655
299.6	0.0004961496
299.7	0.00048294029999999995
299.8	0.000455066
299.9	0.0005099783
300.0	0.0005076684999999999
300.1	0.0004908320000000001
300.2	0.0004942658
300.3	0.0005060091
300.4	0.00047999519999999995
300.5	0.0004981339999999999
300.6	0.0004810492
300.7	0.0004812977
300.8	0.00047421980000000006
300.9	0.0004604079
301.0	0.0005107686
301.1	0.0004777548
301.2	0.0004907467
301.3	0.0005110869999999999
301.4	0.0004768332
301.5	0.00048553029999999996
301.6	0.0004933046000000001
301.7	0.0005035597
301.8	0.00047717310000000004
301.9	0.0004996372
302.0	0.0005202874000000001
302.1	0.0004886763000000001
302.2	0.00048812639999999994
302.3	0.0004943818
302.4	0.0004684692
302.5	0.00048533519999999995
302.6	0.0005433715
302.7	0.0004401291
302.8	0.0004661126
302.9	0.00047618190000000004
303.0	0.00047981710000000004
303.1	0.000485134
303.2	0.0004718952
303.3	0.0004657248
303.4	0.000488568
303.5	0.00046980199999999996
303.6	0.0004684071
303.7	0.0005100631000000001
303.8	0.0004597946
303.9	0.0004964129
304.0	0.0004500045
304.1	0.0004782507
304.2	0.0005024745000000001
304.3	0.000483747
304.4	0.00047437529999999996
304.5	0.00048086310000000003
304.6	0.0004737790000000001
304.7	0.0004964594
304.8	0.00045661669999999993
304.9	0.00047756200000000006
305.0	0.0004696939
305.1	0.00043241589999999994
305.2	0.00045620599999999996
305.3	0.00047129079999999997
305.4	0.00047131370000000003
305.5	0.0004504937
305.6	0.00047977
305.7	0.0004737399000000001
305.8	0.0004494391
305.9	0.0004887310000000001
306.0	0.0005107915
306.1	0.0005056607
306.2	0.0004995913000000001
306.3	0.00042288979999999997
306.4	0.00047624349999999995
306.5	0.0004906069000000001
306.6	0.00046915799999999996
306.7	0.000477166
306.8	0.0005041491
306.9	0.00045665539999999996
307.0	0.0005209151999999999
307.1	0.0004932425
307.2	0.0005000248
307.3	0.0005027075
307.4	0.00045757020000000004
307.5	0.00047672420000000005
307.6	0.0005017848
307.7	0.0004918161
307.8	0.0005049935
307.9	0.0004957078999999999
308.0	0.0004986997
308.1	0.00046973239999999997
308.2	0.00047536010000000006
308.3	0.0004318746
308.4	0.0004568335
308.5	0.00047432100000000004
308.6	0.0005298444
308.7	0.0005089548999999999
308.8	0.0004693529
308.9	0.0004388967
309.0	0.0004768022
309.1	0.0004984667
309.2	0.0004788866
309.3	0.00046060060000000007
309.4	0.0004987536
309.5	0.0004937696
309.6	0.00047976309999999995
309.7	0.0005142026
309.8	0.0004562524
309.9	0.0004920106
310.0	0.0004792825
310.1	0.00043856349999999995
310.2	0.0004804994
310.3	0.00048452939999999996
310.4	0.00048339039999999997
310.5	0.0004930105000000001
310.6	0.00048033609999999997
310.7	0.00047338320000000003
310.8	0.0004400441
310.9	0.0004885221000000001
311.0	0.0004711118
311.1	0.0004771812
311.2	0.0004665006
311.3	0.0005042883
311.4	0.0004844448
311.5	0.0004783592
311.6	0.0005419215000000001
311.7	0.000437168
311.8	0.0004869328
311.9	0.0004718792
312.0	0.00045450030000000004
312.1	0.0004793671
312.2	0.00048033630000000004
312.3	0.00045998820000000006
312.4	0.00045849210000000005
312.5	0.0004951724
312.6	0.0004705851
312.7	0.00047494160000000003
312.8	0.000487351
312.9	0.0005111956
313.0	0.0004746783
313.1	0.0005137689
313.2	0.0005000407
313.3	0.00044051750000000003
313.4	0.00045688040000000003
313.5	0.0005109238
313.6	0.0004903827000000001
313.7	0.00045867139999999993
313.8	0.0004984438
313.9	0.0004524922
314.0	0.000479135
314.1	0.0004898082000000001
314.2	0.0004668796
314.3	0.0004910097
314.4	0.0004898404
314.5	0.0004966765999999999
314.6	0.00043353259999999997
314.7	0.0005022964000000001
314.8	0.0004735767
314.9	0.000509102
315.0	0.0004742832999999999
315.1	0.0004898083999999999
315.2	0.0004638414
315.3	0.0004943040999999999
315.4	0.0004986146
315.5	0.00046048439999999996
315.6	0.00048008020000000004
315.7	0.0005054580999999999
315.8	0.0004697716
315.9	0.0005123195000000001
316.0	0.0005083424000000001
316.1	0.0004916612
316.2	0.0004954675
316.3	0.0004454236
316.4	0.0004824373
316.5	0.0004212929
316.6	0.00045179550000000007
316.7	0.00045765560000000005
316.8	0.00035459129999999996
316.9	0.0003672574000000001
317.0	0.00033198799999999997
317.1	0.0003173535
317.2	0.00028691389999999995
317.3	0.0003094708
317.4	0.0003553438
317.5	0.0003659704000000001
317.6	0.0004183868
317.7	0.00037095529999999995
317.8	0.0004641047
317.9	0.00047422860000000003
318.0	0.0005211787
318.1	0.00048604900000000006
318.2	0.0004946922
318.3	0.00047787890000000003
318.4	0.000511381
318.5	0.000478964
318.6	0.00048204199999999996
318.7	0.0005115123000000001
318.8	0.0004571287
318.9	0.00048408010000000005
319.0	0.000474228
319.1	0.00045558599999999996
319.2	0.00044274120000000004
319.3	0.00048586310000000004
319.4	0.0004481521
319.5	0.00048179399999999996
319.6	0.0004588572
319.7	0.0004318044
319.8	0.00048503369999999997
319.9	0.00047314259999999995
320.0	0.0005315895
320.1	0.000485871
320.2	0.0004612218
320.3	0.00045661650000000003
320.4	0.00043597439999999997
320.5	0.00044167939999999997
320.6	0.0004466793
320.7	0.0004951734
320.8	0.0004420209
320.9	0.00043248660000000003
321.0	0.0004975444000000001
321.1	0.0004759339
321.2	0.0004880496
321.3	0.0004844375
321.4	0.0004977927
321.5	0.00045314429999999994
321.6	0.0004959866
321.7	0.000484538
321.8	0.00045354010000000003
321.9	0.00044875659999999996
322.0	0.0004614691
322.1	0.00046182619999999994
322.2	0.00043474169999999996
322.3	0.0004551209
322.4	0.0004608572
322.5	0.00046018240000000003
322.6	0.0004738639
322.7	0.0004704144
322.8	0.00043786650000000003
322.9	0.0004453461
323.0	0.0004233477
323.1	0.00043587399999999994
323.2	0.0004669495
323.3	0.00043960239999999996
323.4	0.0004601359
323.5	0.0005180704
323.6	0.0005010248
323.7	0.00044978000000000005
323.8	0.0004630116
323.9	0.000455578
324.0	0.000522946
324.1	0.0004550437
324.2	0.00046560079999999993
324.3	0.00048490230000000005
324.4	0.000466903
324.5	0.0004536015
324.6	0.00047049209999999996
324.7	0.0004685773
324.8	0.0004883051
324.9	0.0004139447
325.0	0.00034674750000000007
325.1	0.00035519649999999996
325.2	0.00035293360000000003
325.3	0.00028404570000000004
325.4	0.0002644806999999999
325.5	0.00026389900000000006
325.6	0.0001779199
325.7	0.00017888099999999998
325.8	0.0001892371
325.9	0.00020712720000000005
326.0	0.00012283050000000005
326.1	0.0001785784
326.2	0.0004110611
326.3	0.0004931187999999999
326.4	0.0004906069000000001
326.5	0.0004920955999999999
326.6	0.0004844522
326.7	0.0005255583000000001
326.8	0.00043791239999999996
326.9	0.0004185413
327.0	0.00047722799999999995
327.1	0.0004731667
327.2	0.0004818475
327.3	0.00042263399999999997
327.4	0.0004644146
327.5	0.0005010711999999999
327.6	0.0004706853
327.7	0.00046694160000000006
327.8	0.00041705269999999997
327.9	0.00045230680000000003
328.0	0.0004759562
328.1	0.0004600509
328.2	0.00044829950000000005
328.3	0.00045476359999999994
328.4	0.0004520671
328.5	0.00047305009999999996
328.6	0.00047419700000000004
328.7	0.00047943700000000004
328.8	0.0005130403000000001
328.9	0.0004892273000000001
329.0	0.00047481769999999996
329.1	0.00047468499999999997
329.2	0.00044310620000000004
329.3	0.00045644620000000007
329.4	0.0004576321
329.5	0.00042144069999999994
329.6	0.0004305875
329.7	0.0004192624
329.8	0.0004585157
329.9	0.000490948
330.0	0.00045217529999999997
330.1	0.0004710271
330.2	0.0005138923
330.3	0.00044808960000000003
330.4	0.0004749257
330.5	0.0005059165999999999
330.6	0.0004709961
330.7	0.0005052728
330.8	0.00044271809999999997
330.9	0.0004376953
331.0	0.00043508290000000003
331.1	0.0004630504
331.2	0.0004830028
331.3	0.0004860021
331.4	0.00045608199999999996
331.5	0.0004755689
331.6	0.0004704376
331.7	0.00045603579999999993
331.8	0.0004326879
331.9	0.00045032259999999995
332.0	0.0004618881
332.1	0.00045590390000000005
332.2	0.00043271879999999996
332.3	0.00041830139999999997
332.4	0.00045700489999999993
332.5	0.0004836845
332.6	0.0005011875999999999
332.7	0.0005397364
332.8	0.00047633720000000003
332.9	0.0004471675
333.0	0.00046939109999999997
333.1	0.00047057699999999996
333.2	0.00045748490000000006
333.3	0.00044665629999999997
333.4	0.0004492989
333.5	0.0004555396
333.6	0.00033426669999999997
333.7	0.00036749870000000003
333.8	0.0003148882
333.9	0.00024466820000000004
334.0	0.00033272529999999996
334.1	0.000297099
334.2	0.00037121150000000004
334.3	0.0005173806
334.4	0.0004349671
334.5	0.00042537900000000003
334.6	0.0004797474
334.7	0.0004660426
334.8	0.000435827
334.9	0.0004718333
335.0	0.0004864603
335.1	0.0004884211
335.2	0.00047232119999999995
335.3	0.00048708810000000003
335.4	0.0004914283
335.5	0.000488615
335.6	0.00047757699999999997
335.7	0.0004639419
335.8	0.0004666864
335.9	0.00047443770000000005
336.0	0.0004212228
336.1	0.0004886071
336.2	0.0005458754000000001
336.3	0.00047457660000000003
336.4	0.00047456880000000003
336.5	0.00046052349999999996
336.6	0.0004554226
336.7	0.00043245619999999997
336.8	0.00045296599999999996
336.9	0.0004952112
337.0	0.0005040634
337.1	0.00045972499999999997
337.2	0.000390241
337.3	0.0004914214
337.4	0.00048082480000000003
337.5	0.0005075831000000001
337.6	0.0004909329999999999
337.7	0.0005087373000000001
337.8	0.0004997617
337.9	0.0004675074
338.0	0.00046332180000000005
338.1	0.00044459429999999997
338.2	0.0004775146999999999
338.3	0.00046912770000000003
338.4	0.0004912584
338.5	0.0004788099
338.6	0.0004417105
338.7	0.00046419770000000004
338.8	0.0004508104
338.9	0.0005000871
339.0	0.00048010340000000004
339.1	0.00048149900000000003
339.2	0.0004467802
339.3	0.0004809948
339.4	0.0005022965
339.5	0.0004911258
339.6	0.00045243080000000003
339.7	0.0004932038
339.8	0.00045433009999999995
339.9	0.0004923818999999999
340.0	0.0005411
340.1	0.0004700738
340.2	0.00046481040000000004
340.3	0.00046112870000000007
340.4	0.0004772892
340.5	0.00045592660000000004
340.6	0.0004986534000000001
340.7	0.00047501130000000006
340.8	0.00047556869999999997
340.9	0.00044440800000000003
341.0	0.00041514609999999995
341.1	0.0004551357
341.2	0.0004695611
341.3	0.0004640975
341.4	0.0004950562
341.5	0.0005138776
341.6	0.0004565161
341.7	0.00041193800000000004
341.8	0.00045446980000000004
341.9	0.00047170070000000005
342.0	0.0004860021
342.1	0.0004632835
342.2	0.0004710112
342.3	0.00045471779999999994
342.4	0.00043698960000000003
342.5	0.00041110760000000006
342.6	0.0004528732
342.7	0.0004723756
342.8	0.00043294429999999993
342.9	0.0004969786
343.0	0.00045829860000000004
343.1	0.0004969553
343.2	0.00048252989999999997
343.3	0.00048258430000000003
343.4	0.0004783681
343.5	0.00043730750000000007
343.6	0.0005156829
343.7	0.0004787315
343.8	0.0004898159000000001
343.9	0.0005367362
344.0	0.00046616690000000004
344.1	0.0004837939
344.2	0.0004431911
344.3	0.0004864443
344.4	0.0004753289
344.5	0.0005052108
344.6	0.00048654529999999995
344.7	0.0004650967
344.8	0.0004609965
344.9	0.0004628028
345.0	0.0004697014
345.1	0.0004553457
345.2	0.00048569309999999997
345.3	0.0004655391
345.4	0.0004444156000000001
345.5	0.0004176814
345.6	0.0004988703999999999
345.7	0.0005072102
345.8	0.0004435787999999999
345.9	0.0004988001999999999
346.0	0.00044294330000000005
346.1	0.00045450819999999997
346.2	0.0004679961
346.3	0.0004949554
346.4	0.00048694810000000005
346.5	0.0004689338
346.6	0.00046416700000000003
346.7	0.0004582214
346.8	0.000488134
346.9	0.0004619268
347.0	0.0004684222
347.1	0.00042865690000000006
347.2	0.00042953290000000003
347.3	0.0004671198
347.4	0.0004622988
347.5	0.0005180244
347.6	0.0004687483
347.7	0.00042228519999999996
347.8	0.0005130006
347.9	0.0004838556
348.0	0.00046332230000000005
348.1	0.0004712913
348.2	0.0004851342
348.3	0.0004843516
348.4	0.0004914755
348.5	0.0004560738
348.6	0.00043292060000000004
348.7	0.00046448489999999996
348.8	0.0004811349
348.9	0.0004314713
349.0	0.0004667633
349.1	0.00045701250000000003
349.2	0.00046423629999999997
349.3	0.00043320000000000007
349.4	0.0004990482
349.5	0.00046895700000000004
349.6	0.00047044590000000004
349.7	0.0005223962999999999
349.8	0.0005054901
349.9	0.00044341609999999995
