0.0	0.0005002184
0.1	0.0004744062
0.2	0.0004322633999999999
0.3	0.00043449479999999995
0.4	0.0004921031
0.5	0.00046293230000000004
0.6	0.00046498599999999997
0.7	0.0004596355
0.8	0.00045838480000000005
0.9	0.00044539009999999997
1.0	0.00044857899999999995
1.1	0.00044705019999999996
1.2	0.0004955622
1.3	0.0004906282
1.4	0.00043680410000000003
1.5	0.0004373132
1.6	0.0004323949
1.7	0.00047489230000000003
1.8	0.0004737883
1.9	0.00045955089999999996
2.0	0.00047733229999999996
2.1	0.00048651310000000003
2.2	0.00044988400000000006
2.3	0.0004733713
2.4	0.00044746669999999996
2.5	0.000480977
2.6	0.0004503703
2.7	0.00044374529999999994
2.8	0.00045646219999999994
2.9	0.0004968747
3.0	0.00041041269999999994
3.1	0.0004274924
3.2	0.00047401210000000004
3.3	0.0004609404
3.4	0.0004858721000000001
3.5	0.0004345029
3.6	0.0004551419
3.7	0.00046553419999999994
3.8	0.00045373680000000005
3.9	0.0004980639000000001
4.0	0.00046660730000000006
4.1	0.00043936740000000005
4.2	0.0005147264
4.3	0.00048216620000000003
4.4	0.00048550139999999997
4.5	0.0004929677
4.6	0.00047737130000000003
4.7	0.0004490344
4.8	0.0004719508
4.9	0.00046538810000000004
5.0	0.00047988060000000006
5.1	0.0004796489
5.2	0.0004591491
5.3	0.000524725
5.4	0.00047432090000000006
5.5	0.00048555569999999995
5.6	0.00047042220000000003
5.7	0.0004624073
5.8	0.0004413055
5.9	0.0004652872
6.0	0.0004190989
6.1	0.00048476810000000004
6.2	0.00046894699999999994
6.3	0.00048317769999999997
6.4	0.000427222
6.5	0.0004601223
6.6	0.0004596431
6.7	0.00046144250000000007
6.8	0.0004287197
6.9	0.00047852960000000004
7.0	0.0005016308
7.1	0.0004612413
7.2	0.000462786
7.3	0.0004925124
7.4	0.00048197250000000006
7.5	0.0004717499000000001
7.6	0.000429044
7.7	0.00048197299999999996
7.8	0.0004438299
7.9	0.00047640590000000004
8.0	0.00047244480000000003
8.1	0.00048198869999999995
8.2	0.0004741822
8.3	0.0004971758
8.4	0.0005107346
8.5	0.0005007042
8.6	0.00043486560000000003
8.7	0.0004992219999999999
8.8	0.0004752173
8.9	0.0005237523
9.0	0.0004701362
9.1	0.00044393069999999995
9.2	0.00046020660000000005
9.3	0.00047960219999999994
9.4	0.0004631175
9.5	0.00047030619999999994
9.6	0.00044460189999999996
9.7	0.0005121161
9.8	0.00048167180000000003
9.9	0.00047044470000000006
10.0	0.0004805213
10.1	0.00046767319999999995
10.2	0.0004434132
10.3	0.00045067119999999994
10.4	0.0004725687
10.5	0.000442131
10.6	0.00047161919999999996
10.7	0.00047972609999999996
10.8	0.00042262770000000004
10.9	0.00043742130000000006
11.0	0.0004945201000000001
11.1	0.00046659180000000003
11.2	0.00044294999999999995
11.3	0.0004771396
11.4	0.00046946479999999995
11.5	0.00046405989999999994
11.6	0.00047181919999999996
11.7	0.0004701824
11.8	0.00046794320000000003
11.9	0.0004565547
12.0	0.00044839369999999997
12.1	0.00048778710000000003
12.2	0.0004473509
12.3	0.00044160640000000007
12.4	0.0005020713000000001
12.5	0.00046999719999999995
12.6	0.0004891459000000001
12.7	0.0004673022
12.8	0.0004552419
12.9	0.0005068121
13.0	0.00048530059999999997
13.1	0.0004519531
13.2	0.00047468380000000005
13.3	0.0004808149
13.4	0.00048306909999999996
13.5	0.0004924583
13.6	0.00047552570000000005
13.7	0.00047030609999999996
13.8	0.0005016695999999999
13.9	0.00048464399999999995
14.0	0.00046663090000000003
14.1	0.00045439300000000004
14.2	0.0005080471
14.3	0.0004884897
14.4	0.0004675031
14.5	0.00047394330000000005
14.6	0.0004508334
14.7	0.000474306
14.8	0.00042446499999999996
14.9	0.00047519389999999993
15.0	0.0004640597
15.1	0.00046832979999999997
15.2	0.0004861192
15.3	0.0004913077000000001
15.4	0.00046897819999999995
15.5	0.00047378059999999997
15.6	0.0004821197
15.7	0.0004923194000000001
15.8	0.0004878949
15.9	0.00044775269999999996
16.0	0.0005231497999999999
16.1	0.0005199997
16.2	0.00045712650000000004
16.3	0.00047869920000000003
16.4	0.0004577282
16.5	0.00048400319999999995
16.6	0.0004884512000000001
16.7	0.000475788
16.8	0.0004548716
16.9	0.00042304469999999994
17.0	0.0004206436
17.1	0.000473171
17.2	0.000482452
17.3	0.0004229292
17.4	0.0004518754
17.5	0.0004637351
17.6	0.0004929444999999999
17.7	0.0004547711
17.8	0.0004856173
17.9	0.00047483850000000006
18.0	0.00046740270000000003
18.1	0.00047540989999999997
18.2	0.0003832804
18.3	0.00048614240000000004
18.4	0.0004747615
18.5	0.00048612669999999994
18.6	0.00045382870000000005
18.7	0.0005249103999999999
18.8	0.0004966896
18.9	0.00045356669999999994
19.0	0.0004948363
19.1	0.0004968671
19.2	0.0004624618
19.3	0.00045302560000000006
19.4	0.0004686921
19.5	0.0004413207
19.6	0.00043053410000000003
19.7	0.0004481309
19.8	0.00048462140000000005
19.9	0.00048032070000000003
20.0	0.0004937938
20.1	0.000467357
20.2	0.00043217869999999994
20.3	0.0004638126
20.4	0.0004673102
20.5	0.0004722442
20.6	0.0004925973999999999
20.7	0.000489787
20.8	0.0004626853
20.9	0.0004608711
21.0	0.0004846363
21.1	0.0004930606
21.2	0.0004883741
21.3	0.0004462697
21.4	0.00045820729999999997
21.5	0.0004746145
21.6	0.00046609019999999996
21.7	0.0004459997
21.8	0.0004516437
21.9	0.00045145840000000004
22.0	0.0004727308
22.1	0.00046787390000000003
22.2	0.00046405949999999996
22.3	0.00047555690000000006
22.4	0.0004447874
22.5	0.00048230490000000006
22.6	0.00047327100000000004
22.7	0.00045120370000000003
22.8	0.0004951532
22.9	0.0005065263000000001
23.0	0.0005190034
23.1	0.0004541377
23.2	0.0004881345
23.3	0.0004566242
23.4	0.0004719506
23.5	0.0005307936999999999
23.6	0.0005020173
23.7	0.00048365589999999997
23.8	0.0004954853
23.9	0.0004647159000000001
24.0	0.0004515592
24.1	0.0004710629
24.2	0.00045565870000000003
24.3	0.00047147190000000004
24.4	0.0004608631
24.5	0.00047622040000000005
24.6	0.0004324185
24.7	0.00048799559999999995
24.8	0.0005134982999999999
24.9	0.00046741080000000003
25.0	0.00047890769999999995
25.1	0.00045382129999999997
25.2	0.00042865779999999993
25.3	0.00048460610000000004
25.4	0.00045070959999999997
25.5	0.0004599673
25.6	0.0004957474000000001
25.7	0.000490281
25.8	0.00044661749999999996
25.9	0.00046151950000000003
26.0	0.00045846920000000005
26.1	0.0004952922000000001
26.2	0.0005050978
26.3	0.0004669318
26.4	0.000403765
26.5	0.0004226508
26.6	0.00044647840000000007
26.7	0.00046036860000000005
26.8	0.00044136720000000003
26.9	0.0004643533
27.0	0.0004651869
27.1	0.0004943885
27.2	0.00045368270000000003
27.3	0.0004743983
27.4	0.0004528563
27.5	0.0004985195
27.6	0.00046252340000000003
27.7	0.0004609557
27.8	0.0004484629
27.9	0.0004698736
28.0	0.00047057640000000003
28.1	0.00045358959999999994
28.2	0.0004833628
28.3	0.0004716958
28.4	0.0004746299
28.5	0.00044663320000000006
28.6	0.0004796718
28.7	0.0004790312
28.8	0.000493817
28.9	0.0004934773
29.0	0.00047073830000000005
29.1	0.0004454516
29.2	0.0004824825
29.3	0.0005015076
29.4	0.0005206639
29.5	0.0004746069
29.6	0.0004741127
29.7	0.0004507793
29.8	0.0005731759000000001
29.9	0.0004406646
30.0	0.0004874938
30.1	0.00047959489999999994
30.2	0.0004998475
30.3	0.00048038230000000006
30.4	0.0004374679
30.5	0.00044658660000000005
30.6	0.0005023413
30.7	0.0004017266
30.8	0.00045781299999999995
30.9	0.00046106390000000004
31.0	0.0004406799
31.1	0.00047057589999999997
31.2	0.00048360239999999994
31.3	0.00047045320000000003
31.4	0.0004844663
31.5	0.00047790370000000003
31.6	0.000452864
31.7	0.0004913541
31.8	0.0005017083999999999
31.9	0.0004559211
32.0	0.00045391419999999994
32.1	0.0004833085
32.2	0.00047488479999999996
32.3	0.00044458709999999996
32.4	0.0005193973
32.5	0.0005068583
32.6	0.00045437699999999995
32.7	0.0004674414
32.8	0.0004613725
32.9	0.0004863431
33.0	0.0005059088999999999
33.1	0.0005160621999999999
33.2	0.0005005655000000001
33.3	0.00047790389999999994
33.4	0.00048076039999999997
33.5	0.000530995
33.6	0.0004909451
33.7	0.000494211
33.8	0.00044980630000000007
33.9	0.0005121397999999999
34.0	0.0004544547
34.1	0.0005037392
34.2	0.0005011832000000001
34.3	0.0005000636
34.4	0.0004926205
34.5	0.0004947132
34.6	0.0005120624999999999
34.7	0.0004642219
34.8	0.00044816930000000005
34.9	0.00046843779999999994
35.0	0.00046572
35.1	0.0004858335
35.2	0.00048771000000000003
35.3	0.0005018473
35.4	0.00047528640000000003
35.5	0.00045523479999999995
35.6	0.0004859645
35.7	0.0004867059
35.8	0.0004925281
35.9	0.0004817413
36.0	0.0005247561000000001
36.1	0.0004288587
36.2	0.0004683064
36.3	0.0004649012
36.4	0.0004919642
36.5	0.0004924201
36.6	0.0004835943
36.7	0.0004945351
36.8	0.00045868609999999996
36.9	0.00046034520000000004
37.0	0.0005100007000000001
37.1	0.0005450395
37.2	0.00047114780000000005
37.3	0.0004868143
37.4	0.0004663222
37.5	0.0005135989
37.6	0.0004615735
37.7	0.0004832159
37.8	0.00044669439999999995
37.9	0.0004584923
38.0	0.0005673849000000001
38.1	0.000458415
38.2	0.0004853083
38.3	0.0004687774
38.4	0.00045196840000000005
38.5	0.0004463701
38.6	0.0004888137000000001
38.7	0.0004996005
38.8	0.0005185098
38.9	0.0004758809
39.0	0.00046935640000000007
39.1	0.00045734190000000003
39.2	0.00046871550000000004
39.3	0.00045023100000000005
39.4	0.00042451930000000004
39.5	0.00047862979999999995
39.6	0.0005312727
39.7	0.0004667851
39.8	0.0004005065
39.9	0.0005068198
40.0	0.0004859724
40.1	0.0004972841
40.2	0.00043109020000000004
40.3	0.0005259298999999999
40.4	0.0004203811
40.5	0.0004988206000000001
40.6	0.0004304877
40.7	0.0004795101
40.8	0.0005326856
40.9	0.0005020478000000001
41.0	0.0005047117
41.1	0.0005013297
41.2	0.00048465230000000007
41.3	0.00043251819999999997
41.4	0.00048382589999999994
41.5	0.0005153207999999999
41.6	0.0004936164
41.7	0.0004913618999999999
41.8	0.0005347859
41.9	0.0004575431
42.0	0.0005056926000000001
42.1	0.0004845981
42.2	0.0004982261999999999
42.3	0.0004736032
42.4	0.0004456758
42.5	0.000476259
42.6	0.00045359
42.7	0.0004644227
42.8	0.00048201120000000003
42.9	0.00047899240000000005
43.0	0.00046502469999999994
43.1	0.00046239199999999995
43.2	0.0004396991
43.3	0.0004774716
43.4	0.0004957628000000001
43.5	0.000462986
43.6	0.00047337139999999997
43.7	0.0004610019
43.8	0.0004902114
43.9	0.0004666466
44.0	0.0005549305999999999
44.1	0.0004930527
44.2	0.000453775
44.3	0.0004978942
44.4	0.00045975939999999993
44.5	0.00044867899999999995
44.6	0.0004604927
44.7	0.00047827459999999993
44.8	0.0004861428
44.9	0.00046264700000000006
45.0	0.00047927859999999996
45.1	0.0004582226
45.2	0.0005178917
45.3	0.0004940254999999999
45.4	0.0004738735
45.5	0.0004469725
45.6	0.0004661906
45.7	0.0004215231
45.8	0.00045133470000000003
45.9	0.00046949540000000003
46.0	0.0004756642
46.1	0.0004940025000000001
46.2	0.0004830459
46.3	0.00045726519999999995
46.4	0.00044351379999999993
46.5	0.0004829922
46.6	0.0004634109
46.7	0.0005015307
46.8	0.0004556437
46.9	0.0004632026
47.0	0.0005308018000000001
47.1	0.00041630400000000004
47.2	0.0004815096
47.3	0.00048177949999999995
47.4	0.0004829919
47.5	0.0004726224
47.6	0.00047690009999999997
47.7	0.00044356760000000006
47.8	0.0005171123
47.9	0.0004756875
48.0	0.0004925278
48.1	0.0005006968
48.2	0.0004217012
48.3	0.0004528021
48.4	0.0004521689
48.5	0.0004766453
48.6	0.0005182625
48.7	0.0004618439
48.8	0.00046880049999999996
48.9	0.00043909730000000005
49.0	0.000464693
49.1	0.00044917319999999994
49.2	0.00048669040000000005
49.3	0.0004667078
49.4	0.00047337919999999997
49.5	0.000499724
49.6	0.0004444942
49.7	0.0004460303
49.8	0.0004762436
49.9	0.00047144929999999997
50.0	0.00046757289999999996
50.1	0.0004918714
50.2	0.00046711779999999997
50.3	0.00048205750000000004
50.4	0.0004554119
50.5	0.0004944503
50.6	0.0004510726
50.7	0.00046595920000000007
50.8	0.0004961108
50.9	0.0004635037
51.0	0.0004661211
51.1	0.0005119002
51.2	0.0005044109
51.3	0.00044464060000000004
51.4	0.0004700435
51.5	0.00045638520000000003
51.6	0.00045003780000000003
51.7	0.0004629401
51.8	0.00048350150000000007
51.9	0.00044478
52.0	0.00045810680000000006
52.1	0.00045300310000000003
52.2	0.0005034844
52.3	0.0004681753
52.4	0.0004138643
52.5	0.0004553346
52.6	0.0004859491
52.7	0.0004557978
52.8	0.00031866930000000004
52.9	0.0004191224
53.0	0.0004607473
53.1	0.00045142029999999995
53.2	0.00045872440000000006
53.3	0.00045086439999999996
53.4	0.00045799109999999997
53.5	0.00046185170000000007
53.6	0.00044434769999999996
53.7	0.00046863839999999993
53.8	0.0004419154
53.9	0.0004898717
54.0	0.00047563380000000005
54.1	0.0004567628
54.2	0.00044672560000000007
54.3	0.0004826834
54.4	0.0004616273
54.5	0.00048237409999999997
54.6	0.00043807019999999994
54.7	0.00047272270000000004
54.8	0.0004880801
54.9	0.0004364717
55.0	0.00048319290000000005
55.1	0.00043136039999999996
55.2	0.00047750250000000004
55.3	0.00045730399999999996
55.4	0.00044593790000000007
55.5	0.00044674090000000003
55.6	0.000432148
55.7	0.00044172230000000007
55.8	0.0005126181
55.9	0.0004888832
56.0	0.0004624611
56.1	0.0004675649
56.2	0.0003927776
56.3	0.00046653039999999997
56.4	0.0004516288
56.5	0.0004429267
56.6	0.00045348180000000005
56.7	0.0004232301
56.8	0.0004573884
56.9	0.0004508798
57.0	0.0004620447
57.1	0.0004328123
57.2	0.00041390290000000004
57.3	0.0004047612
57.4	0.00044000820000000005
57.5	0.00042393300000000004
57.6	0.00044535129999999997
57.7	0.0004564848
57.8	0.00046098659999999997
57.9	0.0004787454
58.0	0.0004423787
58.1	0.00046670829999999997
58.2	0.0004781739
58.3	0.0004599752
58.4	0.00044504219999999995
58.5	0.0004515667
58.6	0.00041377159999999994
58.7	0.0004740666
58.8	0.0004768459
58.9	0.0004465405
59.0	0.0004516906
59.1	0.0004409268
59.2	0.0004364021
59.3	0.00042505989999999997
59.4	0.00043116709999999997
59.5	0.0004252217
59.6	0.00045837739999999997
59.7	0.0005029209999999999
59.8	0.00046416780000000003
59.9	0.00042692070000000003
60.0	0.00043987689999999994
60.1	0.0004401163
60.2	0.00043519779999999996
60.3	0.00043678099999999996
60.4	0.00041887520000000004
60.5	0.0003996569
60.6	0.0004241563
60.7	0.0004442394
60.8	0.0004301171
60.9	0.00043674240000000003
61.0	0.000453528
61.1	0.0004451657
61.2	0.00042973120000000005
61.3	0.0004034637
61.4	0.00043096640000000005
61.5	0.00047951730000000004
61.6	0.0004260404
61.7	0.00044603050000000005
61.8	0.0004261021
61.9	0.00045304920000000003
62.0	0.0004453359
62.1	0.00044230129999999997
62.2	0.00047918540000000006
62.3	0.0004090074
62.4	0.000416543
62.5	0.0004138948
62.6	0.0005527227000000001
62.7	0.0004672331
62.8	0.00045210730000000003
62.9	0.0004218171
63.0	0.0004958325
63.1	0.00046669270000000007
63.2	0.0004387574
63.3	0.0004502617999999999
63.4	0.00045986690000000005
63.5	0.00044980640000000005
63.6	0.0004397537
63.7	0.0004893155999999999
63.8	0.0004801429
63.9	0.0004744527
64.0	0.00042516040000000003
64.1	0.0004602996
64.2	0.0005060399
64.3	0.00047584250000000004
64.4	0.00041813409999999994
64.5	0.0004274379
64.6	0.0004891998999999999
64.7	0.0004999403
64.8	0.00048303069999999993
64.9	0.00045282569999999993
65.0	0.0004493586
65.1	0.0004652795
65.2	0.0004179797
65.3	0.0004659437
65.4	0.0004791392
65.5	0.0004492272
65.6	0.0004614423
65.7	0.0004313681
65.8	0.0005000017
65.9	0.00045827640000000006
66.0	0.00045313419999999996
66.1	0.00046867670000000003
66.2	0.0004714875
66.3	0.00045423799999999993
66.4	0.0004372283
66.5	0.0004157404
66.6	0.0004622296
66.7	0.0005083252
66.8	0.0004728851
66.9	0.0004638355
67.0	0.00047664520000000006
67.1	0.0004611645
67.2	0.00047277690000000004
67.3	0.0004967666
67.4	0.000461064
67.5	0.00045775910000000005
67.6	0.00044048700000000004
67.7	0.0004734792
67.8	0.00048532370000000004
67.9	0.0004912766999999999
68.0	0.00047334069999999996
68.1	0.00047696960000000004
68.2	0.00045150510000000003
68.3	0.00045989049999999997
68.4	0.0004604616
68.5	0.0004405023
68.6	0.00045826110000000004
68.7	0.0004636814
68.8	0.0004642525
68.9	0.00045665509999999996
69.0	0.00036531359999999996
69.1	0.00026865130000000006
69.2	0.00029575239999999996
69.3	0.0002541663
69.4	0.00017864569999999998
69.5	0.00042149230000000003
69.6	0.0004710629
69.7	0.0004709854
69.8	0.0004386803
69.9	0.0004945352
70.0	0.0004668471
70.1	0.00045899459999999994
70.2	0.0004670636
70.3	0.00046006009999999996
70.4	0.0004956625
70.5	0.00047940969999999994
70.6	0.00047620549999999995
70.7	0.00046033040000000003
70.8	0.0004124587
70.9	0.0004585081
71.0	0.0004455598
71.1	0.0005021176
71.2	0.00043780769999999993
71.3	0.0004920178
71.4	0.0004947126
71.5	0.00042416400000000004
71.6	0.00047167250000000003
71.7	0.00045321939999999996
71.8	0.0004831775
71.9	0.0004758347
72.0	0.00048344760000000006
72.1	0.0004481695
72.2	0.0004355993
72.3	0.0004644769999999999
72.4	0.0005126801
72.5	0.0004654034
72.6	0.00044281869999999996
72.7	0.0004886132
72.8	0.00047311669999999996
72.9	0.0004256391
73.0	0.0004481075
73.1	0.00046338
73.2	0.00048374109999999997
73.3	0.00046958760000000003
73.4	0.0004415446
73.5	0.0004703214
73.6	0.00043725200000000006
73.7	0.00037546659999999996
73.8	0.00045045510000000003
73.9	0.0004447025
74.0	0.0004581605
74.1	0.00043281170000000004
74.2	0.0004556978
74.3	0.0004551339
74.4	0.00044635510000000004
74.5	0.0004406262
74.6	0.0004708703
74.7	0.00045461650000000003
74.8	0.0004791699
74.9	0.0004845208
75.0	0.0004577826
75.1	0.00046854579999999996
75.2	0.0004294921
75.3	0.0005050518
75.4	0.0004338158
75.5	0.000431121
75.6	0.0004340631
75.7	0.0004948209000000001
75.8	0.0004742746
75.9	0.0004568555
76.0	0.00044863270000000005
76.1	0.00045592180000000003
76.2	0.0004082739
76.3	0.0004588323
76.4	0.0004431818
76.5	0.0004368425
76.6	0.00048469830000000003
76.7	0.00043104369999999995
76.8	0.00048252880000000003
76.9	0.0004275771
77.0	0.00045644649999999995
77.1	0.00043944460000000003
77.2	0.000483741
77.3	0.0004647932
77.4	0.00045372090000000005
77.5	0.0005175291000000001
77.6	0.0004712173
77.7	0.000475317
77.8	0.0004729308
77.9	0.00046385129999999993
78.0	0.0004337308
78.1	0.0004648086
78.2	0.00045240069999999996
78.3	0.00044671820000000004
78.4	0.00046927949999999997
78.5	0.0004947282999999999
78.6	0.0004277468
78.7	0.00042445769999999996
78.8	0.00040463699999999995
78.9	0.0003345752
79.0	0.00033509260000000004
79.1	0.00022806119999999996
79.2	0.00020055059999999996
79.3	0.00019578680000000004
79.4	0.00018872150000000005
79.5	0.00016436130000000001
79.6	0.0001689323
79.7	0.0001859419
79.8	0.00019084500000000003
79.9	0.00030179109999999996
80.0	0.0004089767
80.1	0.00045646209999999996
80.2	0.000424867
80.3	0.00042807889999999996
80.4	0.0004488024
80.5	0.00042800919999999993
80.6	0.00046112569999999997
80.7	0.0004644686
80.8	0.00045251670000000005
80.9	0.0004795486
81.0	0.0004370044
81.1	0.0004468725
81.2	0.00043948269999999996
81.3	0.0004863586
81.4	0.0004504552
81.5	0.0004322638
81.6	0.0004208288
81.7	0.0004261251
81.8	0.0004460691
81.9	0.0003783542
82.0	0.0004289362
82.1	0.0004300554
82.2	0.0004310207
82.3	0.0004141811
82.4	0.0004075869
82.5	0.0004427958
82.6	0.00041555509999999994
82.7	0.00045763539999999994
82.8	0.0004019814
82.9	0.0004204428
83.0	0.0004587553
83.1	0.0004243187
83.2	0.0004403406
83.3	0.0004211146
83.4	0.00043107480000000004
83.5	0.00045177540000000005
83.6	0.00042102909999999994
83.7	0.0004172846
83.8	0.00041402639999999993
83.9	0.0004281873
84.0	0.0004284262
84.1	0.00042773919999999997
84.2	0.000412544
84.3	0.0004329664
84.4	0.0004139413
84.5	0.0004049694
84.6	0.0004683452
84.7	0.00046010649999999996
84.8	0.00045239300000000004
84.9	0.0004311831
85.0	0.0003869559
85.1	0.00043271160000000005
85.2	0.00044984459999999996
85.3	0.00045021559999999995
85.4	0.00045663949999999996
85.5	0.0005192509
85.6	0.000407077
85.7	0.0004318545
85.8	0.00042604849999999995
85.9	0.00044328959999999996
86.0	0.0004929218000000001
86.1	0.00044437830000000004
86.2	0.00042802480000000005
86.3	0.00045289460000000006
86.4	0.0004441315
86.5	0.00041964780000000004
86.6	0.0004302177
86.7	0.00042461999999999996
86.8	0.00044702669999999997
86.9	0.00041913020000000005
87.0	0.00041365589999999995
87.1	0.00046266970000000005
87.2	0.0004487405
87.3	0.00041049789999999994
87.4	0.00045786750000000005
87.5	0.0004951221999999999
87.6	0.00044684909999999996
87.7	0.0004556899
87.8	0.0004523701
87.9	0.00044814640000000004
88.0	0.0004949135
88.1	0.0004643451
88.2	0.00042613309999999996
88.3	0.00037772900000000004
88.4	0.00046121050000000005
88.5	0.000419238
88.6	0.0004429112
88.7	0.00044303519999999995
88.8	0.00040395000000000003
88.9	0.00045580569999999996
89.0	0.00046828310000000004
89.1	0.00040554060000000007
89.2	0.0003837131
89.3	0.00046386659999999994
89.4	0.0004885207
89.5	0.0004634809
89.6	0.0004424871
89.7	0.0004354522
89.8	0.0004502081
89.9	0.0004501846
90.0	0.0004462624
90.1	0.00043966869999999996
90.2	0.0004350049
90.3	0.0004409655
90.4	0.00045898660000000003
90.5	0.0004865207
90.6	0.00042065119999999993
90.7	0.000508426
90.8	0.0004197243
90.9	0.00042497520000000003
91.0	0.00043933659999999996
91.1	0.0004274844
91.2	0.00047546400000000004
91.3	0.0004387111
91.4	0.0004667547
91.5	0.0004544701
91.6	0.0004651253
91.7	0.0004548948
91.8	0.00043442580000000006
91.9	0.000482969
92.0	0.00043773829999999996
92.1	0.0004372363
92.2	0.0004665381
92.3	0.00044418529999999993
92.4	0.00043723650000000003
92.5	0.0004532807
92.6	0.00045210750000000005
92.7	0.00041640430000000004
92.8	0.00040414279999999997
92.9	0.00043602429999999996
93.0	0.0004501458
93.1	0.00042061999999999997
93.2	0.00044538239999999995
93.3	0.0004465175
93.4	0.00045328119999999995
93.5	0.00043036420000000004
93.6	0.0004443013
93.7	0.00047823590000000007
93.8	0.0005014609999999999
93.9	0.0004489413
94.0	0.0004733096
94.1	0.00047914690000000005
94.2	0.00043549910000000003
94.3	0.0004539214
94.4	0.0004445251
94.5	0.0004889918
94.6	0.00044670249999999995
94.7	0.00044613869999999997
94.8	0.00047643660000000005
94.9	0.0004248281
95.0	0.00043818599999999997
95.1	0.00047032920000000003
95.2	0.0005108422
95.3	0.00042325329999999995
95.4	0.00047008210000000006
95.5	0.00042824919999999997
95.6	0.00044244829999999996
95.7	0.00046859220000000006
95.8	0.0004454438
95.9	0.0004109838
96.0	0.0004776645
96.1	0.00040858299999999996
96.2	0.00044969050000000005
96.3	0.00046338000000000005
96.4	0.0004347962
96.5	0.0004456758
96.6	0.0004257549
96.7	0.00046683950000000004
96.8	0.0004222881
96.9	0.000471426
97.0	0.0004422939999999999
97.1	0.00045333470000000003
97.2	0.00041601850000000005
97.3	0.00041809549999999995
97.4	0.0004731243
97.5	0.0004758962
97.6	0.00044787599999999994
97.7	0.0004955774
97.8	0.0004548096
97.9	0.00045354360000000003
98.0	0.0004815094
98.1	0.0004621988
98.2	0.00042130759999999993
98.3	0.00045985160000000004
98.4	0.0004433438
98.5	0.00041739269999999996
98.6	0.0004596508
98.7	0.00045448529999999996
98.8	0.0004948905
98.9	0.0004662602
99.0	0.0004743133
99.1	0.00043279669999999996
99.2	0.00040222090000000004
99.3	0.00043720570000000005
99.4	0.0004658352
99.5	0.000427384
99.6	0.00045601420000000004
99.7	0.00047716230000000004
99.8	0.00039464589999999993
99.9	0.0004635351
100.0	0.0004677811
100.1	0.000451683
100.2	0.00044486499999999996
100.3	0.00046270860000000003
100.4	0.00040884550000000003
100.5	0.00046392089999999997
100.6	0.0004778884
100.7	0.0004502465
100.8	0.00048814990000000004
100.9	0.0004444867
101.0	0.00041320819999999994
101.1	0.0004319241
101.2	0.00043528320000000003
101.3	0.000409185
101.4	0.0004345881
101.5	0.00044250210000000003
101.6	0.00044191529999999997
101.7	0.0004099035
101.8	0.0004285187
101.9	0.00045401459999999997
102.0	0.00041428120000000003
102.1	0.000459288
102.2	0.0004366416
102.3	0.0004444168
102.4	0.00039005180000000004
102.5	0.00043506649999999997
102.6	0.0004218399
102.7	0.00040547130000000007
102.8	0.00044869440000000005
102.9	0.0004172151
103.0	0.00038403699999999994
103.1	0.0004661909
103.2	0.00044510420000000005
103.3	0.00041652059999999996
103.4	0.00042391730000000005
103.5	0.0004436219
103.6	0.00040168020000000003
103.7	0.00038960400000000005
103.8	0.00046135729999999996
103.9	0.0004431199
104.0	0.00040461429999999997
104.1	0.00046663859999999995
104.2	0.00039004400000000004
104.3	0.0003761766
104.4	0.00043207110000000005
104.5	0.0004812009
104.6	0.00042664140000000004
104.7	0.0004075908
104.8	0.000428046
104.9	0.0004198435
105.0	0.00040435749999999994
105.1	0.0004093193
105.2	0.0004772269
105.3	0.00042287620000000005
105.4	0.00046103050000000003
105.5	0.00043660300000000003
105.6	0.0003879618
105.7	0.00048424819999999996
105.8	0.00042800769999999996
105.9	0.000458554
106.0	0.00046002009999999993
106.1	0.00042345459999999996
106.2	0.0004518413000000001
106.3	0.0003807779
106.4	0.00040951219999999997
106.5	0.000415222
106.6	0.0004270196
106.7	0.0004498126
106.8	0.00042779819999999997
106.9	0.0003767578
107.0	0.0004066955
107.1	0.0004323671
107.2	0.00044653280000000003
107.3	0.00042990490000000003
107.4	0.00043792230000000003
107.5	0.00039202029999999997
107.6	0.00046870029999999995
107.7	0.0004386858
107.8	0.00044425629999999996
107.9	0.00046883929999999997
108.0	0.0004715251
108.1	0.0003961565
108.2	0.0004677206
108.3	0.0004208467
108.4	0.0004941934
108.5	0.00041919560000000007
108.6	0.0004710382
108.7	0.0004517947
108.8	0.0004115182
108.9	0.0004328985
109.0	0.0004446737
109.1	0.00046938720000000005
109.2	0.0004516331
109.3	0.0004426056
109.4	0.0004359925
109.5	0.00042150250000000004
109.6	0.0004625892
109.7	0.00043252830000000005
109.8	0.0004427909
109.9	0.0004047054
110.0	0.00044953440000000005
110.1	0.0004372585
110.2	0.00042670309999999994
110.3	0.00045592340000000003
110.4	0.00043370109999999997
110.5	0.000494086
110.6	0.0005100504000000001
110.7	0.000505003
110.8	0.00043761259999999997
110.9	0.00046967309999999997
111.0	0.0004643022
111.1	0.0004794106
111.2	0.00043785270000000004
111.3	0.0004752431
111.4	0.0004694411
111.5	0.000436888
111.6	0.00043972730000000005
111.7	0.00044057629999999997
111.8	0.0004738242
111.9	0.00046144769999999994
112.0	0.00045707289999999997
112.1	0.0004979518999999999
112.2	0.0004671804
112.3	0.00048613880000000006
112.4	0.000460568
112.5	0.000458423
112.6	0.0004804133
112.7	0.0004980442999999999
112.8	0.000426217
112.9	0.0005108363999999999
113.0	0.0004443106
113.1	0.0005128124
113.2	0.0004844251
113.3	0.0004361474
113.4	0.0004413709
113.5	0.00046612309999999996
113.6	0.0004348822
113.7	0.00046368529999999997
113.8	0.0004298746
113.9	0.0004081079
114.0	0.0004505535
114.1	0.0004219812999999999
114.2	0.0004635621
114.3	0.00046962670000000003
114.4	0.00047038269999999995
114.5	0.0005010147
114.6	0.0004444804
114.7	0.00047207250000000004
114.8	0.00044330760000000003
114.9	0.00046829159999999995
115.0	0.0004919875
115.1	0.00044928709999999996
115.2	0.0004266645
115.3	0.00046519750000000005
115.4	0.0005336450999999999
115.5	0.0004774578
115.6	0.00047087610000000004
115.7	0.0004429453
115.8	0.0004077375
115.9	0.00041752859999999995
116.0	0.00046997360000000004
116.1	0.00045965000000000003
116.2	0.00042780639999999995
116.3	0.0004726275
116.4	0.00041059980000000005
116.5	0.00043506729999999997
116.6	0.00043647139999999994
116.7	0.00046034440000000004
116.8	0.0004562011
116.9	0.00045329999999999996
117.0	0.00047826039999999997
117.1	0.0004565173
117.2	0.0005044638
117.3	0.00043473569999999997
117.4	0.00047367679999999997
117.5	0.0004445809
117.6	0.00046454980000000003
117.7	0.0004403371
117.8	0.00048468780000000003
117.9	0.0004853516
118.0	0.0004693335
118.1	0.00046732699999999997
118.2	0.00046902439999999993
118.3	0.0004659304
118.4	0.00047360770000000004
118.5	0.0004670493
118.6	0.0004429989
118.7	0.0005126423999999999
118.8	0.0005092167
118.9	0.0004957986
119.0	0.00045076940000000003
119.1	0.0004686619
119.2	0.0004902893
119.3	0.00047991970000000006
119.4	0.0005147179
119.5	0.0004710153
119.6	0.00046297499999999996
119.7	0.00048406340000000005
119.8	0.0004427135
119.9	0.00044709639999999994
120.0	0.0005140393999999999
120.1	0.0005081591
120.2	0.0004180298
120.3	0.000453847
120.4	0.0004658302
120.5	0.0004968634999999999
120.6	0.0004579834
120.7	0.00048187960000000004
120.8	0.00042218889999999997
120.9	0.000436479
121.0	0.0004823811
121.1	0.00045898660000000003
121.2	0.00045970350000000006
121.3	0.00048340729999999993
121.4	0.00048052079999999996
121.5	0.00047361569999999995
121.6	0.0005010609999999999
121.7	0.0004432772
121.8	0.00047472670000000004
121.9	0.00047550590000000007
122.0	0.00046426379999999997
122.1	0.0004366099
122.2	0.0004367412
122.3	0.0004944253
122.4	0.00046066810000000005
122.5	0.00047084570000000003
122.6	0.00045444139999999996
122.7	0.00044428740000000005
122.8	0.0004619485
122.9	0.0004279064
123.0	0.00045406400000000006
123.1	0.0004607989
123.2	0.0004847028
123.3	0.0004735383
123.4	0.00043549869999999995
123.5	0.0004539787
123.6	0.0004939706
123.7	0.0004637315
123.8	0.000504502
123.9	0.0004607611
124.0	0.0004958994000000001
124.1	0.0004798963
124.2	0.0004976735
124.3	0.0005011152
124.4	0.0004930829
124.5	0.00043359350000000003
124.6	0.0004814011
124.7	0.00045526719999999994
124.8	0.0004631838
124.9	0.0004815016
125.0	0.0004828125
125.1	0.00045752779999999995
125.2	0.0005085058000000001
125.3	0.0004169271
125.4	0.0004802124
125.5	0.0004839937
125.6	0.0004948654000000001
125.7	0.0005156748999999999
125.8	0.0004679445
125.9	0.0004903513999999999
126.0	0.0004805601
126.1	0.0004431689
126.2	0.0004997258000000001
126.3	0.0004444417
126.4	0.0004740011
126.5	0.0004700432
126.6	0.0004469258
126.7	0.00044407960000000004
126.8	0.00044744319999999997
126.9	0.0004533533
127.0	0.0005231443
127.1	0.00046862330000000004
127.2	0.00044900260000000004
127.3	0.0004858147
127.4	0.0004569873999999999
127.5	0.0004838386
127.6	0.00048259689999999994
127.7	0.00048235780000000005
127.8	0.00044512850000000005
127.9	0.00043110859999999997
128.0	0.0005102115
128.1	0.0005051890000000001
128.2	0.0004904749
128.3	0.0004953821
128.4	0.0005021107000000001
128.5	0.0004354533
128.6	0.0004365721
128.7	0.0005005129
128.8	0.00048295930000000003
128.9	0.0004815628
129.0	0.0004517953
129.1	0.00044789060000000004
129.2	0.00048032070000000003
129.3	0.0004853748
129.4	0.0005178891
129.5	0.0004819491
129.6	0.0004821641
129.7	0.0004782607
129.8	0.0004489708
129.9	0.00046497369999999995
130.0	0.0004957367
130.1	0.0004608224
130.2	0.00047832239999999997
130.3	0.00046749730000000003
130.4	0.00047059820000000004
130.5	0.0004953666999999999
130.6	0.00044974280000000005
130.7	0.0004984605
130.8	0.0004674125
130.9	0.0004593799
131.0	0.0004760537
131.1	0.0004721104
131.2	0.0005038311
131.3	0.000456888
131.4	0.0004882991
131.5	0.0005730809
131.6	0.0005250731000000001
131.7	0.0004445652
131.8	0.0004946339000000001
131.9	0.0004940087
132.0	0.00046360829999999995
132.1	0.000492512
132.2	0.000471324
132.3	0.0005131983
132.4	0.00047127740000000006
132.5	0.0004894867
132.6	0.00047103069999999996
132.7	0.0004704137
132.8	0.0004762236999999999
132.9	0.00045877769999999997
133.0	0.0004950579
133.1	0.0004741786999999999
133.2	0.0005036617
133.3	0.0004923496
133.4	0.0004963158
133.5	0.00047035200000000005
133.6	0.0004293802
133.7	0.0004706453
133.8	0.0004611616
133.9	0.0004752201
134.0	0.0004471038
134.1	0.0005048108999999999
134.2	0.0004429368
134.3	0.0004792711
134.4	0.00045735059999999996
134.5	0.0004842402
134.6	0.00044981949999999996
134.7	0.0004787776
134.8	0.0004381766
134.9	0.0004656529
135.0	0.00046603050000000004
135.1	0.0004972183
135.2	0.0005277268
135.3	0.000483036
135.4	0.00044948830000000005
135.5	0.0004969173
135.6	0.00046582240000000004
135.7	0.0004473586
135.8	0.00048414039999999996
135.9	0.0005049422
136.0	0.0004449275
136.1	0.00046818399999999996
136.2	0.0005044716
136.3	0.0004120041
136.4	0.00048569890000000005
136.5	0.00048785920000000006
136.6	0.00047870080000000004
136.7	0.0004820259
136.8	0.0004825815
136.9	0.0005087071
137.0	0.0004703672
137.1	0.0004908065
137.2	0.0004730837
137.3	0.00047251190000000004
137.4	0.00046869260000000003
137.5	0.00048033580000000003
137.6	0.0005046947
137.7	0.0004732685
137.8	0.0005012694000000001
137.9	0.0004869946
138.0	0.0004665165
138.1	0.00046156349999999997
138.2	0.00046218839999999996
138.3	0.0004603132
138.4	0.0004849581
138.5	0.0004682298
138.6	0.0004982992
138.7	0.00046761320000000004
138.8	0.0003913182
138.9	0.00046779790000000003
139.0	0.00047303660000000007
139.1	0.00047452590000000004
139.2	0.000444087
139.3	0.0005131587999999999
139.4	0.000450931
139.5	0.0004535005
139.6	0.0004937078
139.7	0.0004198517
139.8	0.0004384234
139.9	0.00046183330000000003
140.0	0.00040169570000000006
140.1	0.0004319111
140.2	0.0004206385
140.3	0.00047674820000000005
140.4	0.00045396349999999994
140.5	0.000474009
140.6	0.0004462169
140.7	0.0004695569
140.8	0.0004395734
140.9	0.0004396193
141.0	0.0004331305
141.1	0.00046399420000000003
141.2	0.0004539318
141.3	0.00040079349999999994
141.4	0.00041502159999999994
141.5	0.0004376285
141.6	0.0004723272
141.7	0.00045251290000000006
141.8	0.00042590099999999996
141.9	0.0004607374
142.0	0.00042211239999999996
142.1	0.000423995
142.2	0.0004702514
142.3	0.00040097909999999996
142.4	0.00043345400000000005
142.5	0.00046711059999999995
142.6	0.0003960635
142.7	0.00040846319999999993
142.8	0.0004142495
142.9	0.0004457458999999999
143.0	0.0004118033
143.1	0.0004915163999999999
143.2	0.0004652364
143.3	0.0004391491
143.4	0.0004387163
143.5	0.0004289872
143.6	0.0004118502
143.7	0.0004260165
143.8	0.0004171587
143.9	0.000430376
144.0	0.0004072824
144.1	0.0004210471
144.2	0.0004139491
144.3	0.0004251216
144.4	0.0004569646
144.5	0.00044784450000000004
144.6	0.00042418759999999996
144.7	0.0004087098
144.8	0.0004118963
144.9	0.00040475149999999997
145.0	0.00042646380000000003
145.1	0.00044091639999999994
145.2	0.00042867800000000005
145.3	0.000427328
145.4	0.0004146817
145.5	0.00041025320000000003
145.6	0.00041507539999999997
145.7	0.00041010640000000006
145.8	0.0004101602
145.9	0.0003981306999999999
146.0	0.0004211781
146.1	0.00043368609999999995
146.2	0.00043662569999999997
146.3	0.0004107854000000001
146.4	0.0004195345
146.5	0.00041161870000000006
146.6	0.0003812798
146.7	0.00043431119999999996
146.8	0.0004355685
146.9	0.0003780389
147.0	0.00044241300000000006
147.1	0.00040830069999999997
147.2	0.0003826915
147.3	0.00043301519999999993
147.4	0.0003958778
147.5	0.00043782909999999997
147.6	0.00039722050000000006
147.7	0.00034508489999999993
147.8	0.0004100594
147.9	0.00036675080000000005
148.0	0.00041698850000000003
148.1	0.0003259959
148.2	0.0003711875
148.3	0.0002705419
148.4	0.00030451450000000004
148.5	0.00026090429999999995
148.6	0.00032920529999999994
148.7	0.000386542
148.8	0.00043342320000000007
148.9	0.00044429489999999995
149.0	0.0004423896
149.1	0.00038098679999999993
149.2	0.0004446504
149.3	0.00038009989999999994
149.4	0.00041038369999999997
149.5	0.00043831539999999997
149.6	0.00046287509999999994
149.7	0.000428331
149.8	0.00040747550000000003
149.9	0.000424867
150.0	0.0004178148
150.1	0.00042372439999999997
150.2	0.00046618489999999995
150.3	0.0004284932
150.4	0.00043390210000000004
150.5	0.00038675000000000005
150.6	0.0004272975
150.7	0.0003854001
150.8	0.00043355479999999995
150.9	0.0003902226
151.0	0.0003815262
151.1	0.000410747
151.2	0.00041046119999999995
151.3	0.0004300742
151.4	0.00045437179999999997
151.5	0.00040471290000000003
151.6	0.0004040186
151.7	0.0004156001
151.8	0.00041716549999999995
151.9	0.00038642620000000006
152.0	0.00042905659999999997
152.1	0.00041636390000000003
152.2	0.0004368804
152.3	0.00042816189999999996
152.4	0.00042843920000000004
152.5	0.0003740349
152.6	0.0004226604000000001
152.7	0.0004004225
152.8	0.0003927303
152.9	0.0003623296
153.0	0.0004848113
153.1	0.00045311460000000005
153.2	0.00043381690000000004
153.3	0.00041008349999999995
153.4	0.0003830544
153.5	0.0003701386
153.6	0.0003776614
153.7	0.0004229384
153.8	0.0003922365
153.9	0.0004367417
154.0	0.0003994814
154.1	0.00044937229999999996
154.2	0.00040887080000000004
154.3	0.0004145355
154.4	0.0003974591
154.5	0.00041587809999999993
154.6	0.0003853847
154.7	0.0003744049
154.8	0.0004140643
154.9	0.00046863149999999996
155.0	0.0004214641
155.1	0.00043901709999999997
155.2	0.0004522967
155.3	0.0004167957
155.4	0.00040272239999999997
155.5	0.00039439699999999994
155.6	0.00039911119999999997
155.7	0.00037570120000000005
155.8	0.00039521429999999995
155.9	0.00038088680000000004
156.0	0.00041031450000000006
156.1	0.0004133628
156.2	0.0004240487
156.3	0.00038569319999999995
156.4	0.0003983937
156.5	0.0004360696
156.6	0.000412992
156.7	0.00037960510000000007
156.8	0.0004322821
156.9	0.00043051449999999996
157.0	0.0004714783
157.1	0.0004081698
157.2	0.00040859389999999994
157.3	0.0004246654
157.4	0.00039761429999999996
157.5	0.0003765656
157.6	0.00041005249999999995
157.7	0.0003878999
157.8	0.00035821709999999996
157.9	0.00033874199999999995
158.0	0.0002975699
158.1	0.00027249360000000005
158.2	0.000350539
158.3	0.0002773005
158.4	0.0002515376
158.5	0.0002596782
158.6	0.00025061150000000004
158.7	0.00038946639999999996
158.8	0.0003751067
158.9	0.00036074740000000005
159.0	0.00040775250000000006
159.1	0.00019013440000000003
159.2	0.00014380069999999994
159.3	0.0003634788
159.4	0.00041468189999999995
159.5	0.00036726830000000007
159.6	0.0004137559
159.7	0.00046478810000000003
159.8	0.00038616379999999997
159.9	0.000410885
160.0	0.00044863940000000005
160.1	0.00039683480000000004
160.2	0.0004102143
160.3	0.00038430410000000006
160.4	0.0003825764
160.5	0.00040814590000000004
160.6	0.0004242189
160.7	0.0003635872
160.8	0.00042843829999999995
160.9	0.0004303911
161.0	0.00038690490000000007
161.1	0.0003986635
161.2	0.00035243000000000004
161.3	0.00042041450000000004
161.4	0.00048363830000000004
161.5	0.000408548
161.6	0.00042776040000000004
161.7	0.00040354759999999996
161.8	0.0003841881000000001
161.9	0.0004206694
162.0	0.0003850531
162.1	0.00041469769999999997
162.2	0.0004055848
162.3	0.00039605580000000003
162.4	0.00039198950000000004
162.5	0.0003977991
162.6	0.00042485140000000004
162.7	0.00040157199999999994
162.8	0.0004313479
162.9	0.0003894048
163.0	0.0003608331999999999
163.1	0.00040447359999999996
163.2	0.00039164169999999994
163.3	0.00043529109999999996
163.4	0.000433817
163.5	0.00040810019999999996
163.6	0.0004151914
163.7	0.0004072593
163.8	0.0003966883
163.9	0.00040119470000000003
164.0	0.0003860254
164.1	0.00044353099999999994
164.2	0.0003993118
164.3	0.00044206510000000004
164.4	0.00040951169999999996
164.5	0.00040282290000000004
164.6	0.0004361397
164.7	0.00047863839999999995
164.8	0.00040903420000000003
164.9	0.0004061704
165.0	0.0004057163
165.1	0.0004637165
165.2	0.00042250569999999996
165.3	0.00040270660000000006
165.4	0.00045934150000000005
165.5	0.00039046930000000005
165.6	0.0004224819
165.7	0.0004063489
165.8	0.0004395188
165.9	0.00046654769999999996
166.0	0.00036763050000000004
166.1	0.0004073053
166.2	0.00042027570000000003
166.3	0.0004347432
166.4	0.00034763080000000003
166.5	0.0004271197
166.6	0.0004409538
166.7	0.00036811670000000006
166.8	0.00041769040000000005
166.9	0.0003702001
167.0	0.00043218149999999997
167.1	0.0004342262
167.2	0.00044014440000000003
167.3	0.0003841956
167.4	0.00042857790000000006
167.5	0.00041634029999999995
167.6	0.00041767529999999994
167.7	0.0004260015
167.8	0.0004176752
167.9	0.00044623989999999995
168.0	0.00044133280000000006
168.1	0.000492002
168.2	0.00035977569999999997
168.3	0.00033343389999999993
168.4	0.00044859300000000006
168.5	0.0004223362
168.6	0.0004042266
168.7	0.00042736679999999993
168.8	0.00042631710000000004
168.9	0.00038360269999999994
169.0	0.00039956670000000004
169.1	0.00040309970000000005
169.2	0.00042762890000000003
169.3	0.00041815369999999996
169.4	0.00041288379999999996
169.5	0.0004193503
169.6	0.0004176599
169.7	0.0003955699
169.8	0.0003848215
169.9	0.00040453509999999995
170.0	0.0004122822999999999
170.1	0.00039872540000000003
170.2	0.00042147979999999994
170.3	0.0003587496
170.4	0.0004399591
170.5	0.00038152680000000003
170.6	0.0003959093
170.7	0.00043945690000000005
170.8	0.0003734089
170.9	0.0003941652
171.0	0.00036564000000000003
171.1	0.00039357119999999996
171.2	0.00044478899999999996
171.3	0.0004353058
171.4	0.00042563050000000004
171.5	0.0004012943
171.6	0.00041474299999999997
171.7	0.00040846249999999996
171.8	0.0004384317999999999
171.9	0.00040597010000000005
172.0	0.0003990645
172.1	0.0004224204
172.2	0.00038768399999999996
172.3	0.00045019010000000003
172.4	0.00044575379999999996
172.5	0.0003922674
172.6	0.0004588471
172.7	0.0004013403
172.8	0.000410615
172.9	0.0004075835
173.0	0.00039675029999999996
173.1	0.00041306939999999993
173.2	0.0004057394
173.3	0.00041342340000000003
173.4	0.0004108315
173.5	0.00042739829999999994
173.6	0.0003740656
173.7	0.0004201062
173.8	0.00043127089999999996
173.9	0.00039602480000000003
174.0	0.0004076834
174.1	0.0004157391000000001
174.2	0.00043876250000000005
174.3	0.0004929285000000001
174.4	0.0004292572
174.5	0.00043823789999999994
174.6	0.00041553749999999996
174.7	0.00040864000000000004
174.8	0.0004233699
174.9	0.0004277759
175.0	0.0004766558
175.1	0.00038053869999999995
175.2	0.0004031002
175.3	0.0003915109
175.4	0.00039805370000000007
175.5	0.0004039177
175.6	0.00045101599999999994
175.7	0.0004987158
175.8	0.0004168189
175.9	0.00041587830000000005
176.0	0.00041397130000000006
176.1	0.0004265103
176.2	0.00037513799999999996
176.3	0.00041234419999999994
176.4	0.0004289328
176.5	0.00044993500000000005
176.6	0.00044104730000000007
176.7	0.0003583718
176.8	0.0004055997999999999
176.9	0.00045343049999999995
177.0	0.00043798389999999995
177.1	0.0004024132
177.2	0.0004050291
177.3	0.0004064873000000001
177.4	0.00039100889999999996
177.5	0.0004104301
177.6	0.00039982850000000003
177.7	0.0004278685
177.8	0.0004376443
177.9	0.00044659480000000003
178.0	0.00047386229999999996
178.1	0.00046393199999999996
178.2	0.00043100109999999996
178.3	0.00042438889999999997
178.4	0.00044097740000000003
178.5	0.00045873930000000005
178.6	0.00039130989999999993
178.7	0.00042273720000000003
178.8	0.0004024603
178.9	0.0004234002
179.0	0.0003976454
179.1	0.00044160229999999997
179.2	0.0004133858
179.3	0.00036871829999999997
179.4	0.00044176430000000003
179.5	0.0004302755
179.6	0.00041372549999999994
179.7	0.0004607686
179.8	0.0004221506
179.9	0.00040988980000000003
180.0	0.00043736670000000004
180.1	0.0004109393
180.2	0.0004022512
180.3	0.00039398810000000004
180.4	0.0003941886
180.5	0.0003971595
180.6	0.00038239050000000004
180.7	0.00036334059999999996
180.8	0.00042280620000000003
180.9	0.000369405
181.0	0.00041882530000000005
181.1	0.0003797442
181.2	0.0003703391
181.3	0.0004171816
181.4	0.00041877909999999996
181.5	0.0003859246
181.6	0.0004934145
181.7	0.0004467723
181.8	0.00039217470000000004
181.9	0.00043233549999999995
182.0	0.00041991319999999996
182.1	0.0004174831
182.2	0.00043512140000000004
182.3	0.00040016829999999995
182.4	0.00038837780000000003
182.5	0.00040496710000000003
182.6	0.00036190530000000003
182.7	0.0003952226
182.8	0.00047938740000000004
182.9	0.00039201249999999997
183.0	0.0003862643
183.1	0.00041347009999999996
183.2	0.0003843047
183.3	0.0004483771999999999
183.4	0.0004617634
183.5	0.00041085460000000004
183.6	0.0004425055
183.7	0.00042092320000000004
183.8	0.0003901223
183.9	0.000439372
184.0	0.0003890879
184.1	0.0004021978
184.2	0.0003729163
184.3	0.0004282386
184.4	0.00042434929999999997
184.5	0.0004116108
184.6	0.00043708880000000003
184.7	0.00038705149999999997
184.8	0.00038816999999999996
184.9	0.0003970744
185.0	0.00041113249999999993
185.1	0.0004180769
185.2	0.0004100678
185.3	0.00044543720000000004
185.4	0.00045944169999999996
185.5	0.0003884097
185.6	0.00042773729999999997
185.7	0.0004438477
185.8	0.0004220277
185.9	0.00042156419999999994
186.0	0.0004066493
186.1	0.00041480550000000003
186.2	0.0004095352
186.3	0.00036334789999999996
186.4	0.0004046898
186.5	0.000419342
186.6	0.0004754594
186.7	0.0004339482
186.8	0.00042904080000000005
186.9	0.00041956530000000005
187.0	0.0004098746
187.1	0.00045685619999999996
187.2	0.00041828570000000003
187.3	0.00043502879999999996
187.4	0.000449365
187.5	0.00044824649999999997
187.6	0.00041782179999999997
187.7	0.00037481360000000003
187.8	0.00040073899999999995
187.9	0.0003946518
188.0	0.0004284623
188.1	0.00038614819999999996
188.2	0.00037461339999999996
188.3	0.0003920052
188.4	0.00040941969999999997
188.5	0.00039640309999999996
188.6	0.0004365024
188.7	0.00042296109999999994
188.8	0.0004748885
188.9	0.00041123299999999994
189.0	0.0004370503
189.1	0.0004285469
189.2	0.0004124435
189.3	0.0004235857
189.4	0.000426765
189.5	0.0004073596
189.6	0.00039502200000000003
189.7	0.0004200369
189.8	0.00041028389999999993
189.9	0.0003937714
190.0	0.00040075489999999995
190.1	0.0004082392
190.2	0.000356072
190.3	0.00041672660000000006
190.4	0.0003964647
190.5	0.00036156610000000005
190.6	0.00046496570000000004
190.7	0.00036712860000000003
190.8	0.0003975369
190.9	0.00042319229999999996
191.0	0.0004041729
191.1	0.0004046437
191.2	0.00042493649999999995
191.3	0.00039700460000000005
191.4	0.0003553466
191.5	0.00041809259999999994
191.6	0.0003794436
191.7	0.00041604
191.8	0.0003897213
191.9	0.00040017579999999996
192.0	0.0004220429
192.1	0.0004163098
192.2	0.0003952147
192.3	0.00039972829999999996
192.4	0.00039823129999999997
192.5	0.00042052299999999996
192.6	0.00038321640000000005
192.7	0.00036949829999999994
192.8	0.0004203301
192.9	0.00041649520000000003
193.0	0.0004083547
193.1	0.00046272079999999996
193.2	0.00042428850000000005
193.3	0.00039703570000000003
193.4	0.0003970124
193.5	0.0003679315
193.6	0.0003735717
193.7	0.00037495279999999996
193.8	0.0003934394
193.9	0.0003994503
194.0	0.00038313979999999995
194.1	0.00037444340000000005
194.2	0.0003857706
194.3	0.0003771752
194.4	0.00039877980000000004
194.5	0.00041887949999999994
194.6	0.0003958626
194.7	0.000384598
194.8	0.00043445790000000005
194.9	0.0004013414
195.0	0.00035606380000000005
195.1	0.0004342488
195.2	0.00041728219999999995
195.3	0.000368201
195.4	0.00040951930000000006
195.5	0.0004206768
195.6	0.0003859173
195.7	0.0003968887
195.8	0.00046241969999999996
195.9	0.00047020520000000003
196.0	0.00035495320000000004
196.1	0.00038392570000000004
196.2	0.00036695120000000003
196.3	0.0004005996
196.4	0.00040151840000000004
196.5	0.00043137859999999994
196.6	0.00037724420000000006
196.7	0.0003773527
196.8	0.00043735110000000003
196.9	0.00041529090000000005
197.0	0.00039850899999999996
197.1	0.00040563100000000005
197.2	0.00042035320000000006
197.3	0.00034822449999999996
197.4	0.0004264799
197.5	0.00040677300000000003
197.6	0.00043461970000000004
197.7	0.00042093969999999997
197.8	0.00038560819999999997
197.9	0.0004123205
198.0	0.00038486790000000004
198.1	0.00037213669999999993
198.2	0.0003917194
198.3	0.0003915344
198.4	0.0004267267
198.5	0.0004118573
198.6	0.000399666
198.7	0.00038984439999999995
198.8	0.0004180997
198.9	0.00041889480000000006
199.0	0.00041702769999999996
199.1	0.0003576542
199.2	0.00044604679999999997
199.3	0.0003942730999999999
199.4	0.00037651169999999997
199.5	0.00040119430000000006
199.6	0.00044357749999999997
199.7	0.00040661100000000003
199.8	0.0003748603
199.9	0.00039686589999999997
200.0	0.0004313788
200.1	0.00043557679999999997
200.2	0.0003976378
200.3	0.00040999060000000004
200.4	0.00037879499999999997
200.5	0.00041489790000000004
200.6	0.0004883909
200.7	0.0004130536
200.8	0.0004132313
200.9	0.0004563632
201.0	0.00042141050000000005
201.1	0.00043354689999999997
201.2	0.00044604649999999997
201.3	0.0004105696
201.4	0.00039908000000000006
201.5	0.0004509695
201.6	0.00038860209999999997
201.7	0.00037434339999999994
201.8	0.0004757296
201.9	0.0004431531
202.0	0.00042337
202.1	0.0004001608
202.2	0.00039972830000000007
202.3	0.00039525300000000003
202.4	0.0003890652
202.5	0.00039998309999999995
202.6	0.0004050216
202.7	0.0003945428
202.8	0.0003676998
202.9	0.00040661070000000003
203.0	0.00044726610000000007
203.1	0.0003819126
203.2	0.000420546
203.3	0.0004154458
203.4	0.0004784227
203.5	0.0004090641
203.6	0.0003976991
203.7	0.00044339950000000004
203.8	0.00044020569999999996
203.9	0.0004429212
204.0	0.00038914200000000004
204.1	0.00037844070000000004
204.2	0.00037689750000000007
204.3	0.00036440480000000003
204.4	0.00042546090000000005
204.5	0.00045923320000000004
204.6	0.0004537624
204.7	0.0003880233
204.8	0.000405423
204.9	0.0004006854
205.0	0.00039279219999999995
205.1	0.0003965496
205.2	0.0004212095
205.3	0.0004350594
205.4	0.00040717440000000003
205.5	0.00038782309999999996
205.6	0.0003929308
205.7	0.00044559909999999995
205.8	0.00043961179999999996
205.9	0.0003655931
206.0	0.00036296219999999994
206.1	0.0004041648
206.2	0.00043222780000000004
206.3	0.00040915719999999996
206.4	0.00040954280000000005
206.5	0.000392375
206.6	0.00040816189999999997
206.7	0.0004231307
206.8	0.0004338861
206.9	0.000404335
207.0	0.00042622509999999995
207.1	0.0004209859
207.2	0.00044221200000000004
207.3	0.00043270539999999994
207.4	0.000441726
207.5	0.00042475090000000003
207.6	0.0003902379
207.7	0.0004157623
207.8	0.00042332370000000005
207.9	0.00041030650000000005
208.0	0.00041891000000000004
208.1	0.0004150061
208.2	0.0003892734
208.3	0.00048315930000000003
208.4	0.00040367150000000004
208.5	0.00044322270000000003
208.6	0.0004222046
208.7	0.0003995358
208.8	0.00041218989999999996
208.9	0.0003916494
209.0	0.00041300029999999995
209.1	0.0004223826
209.2	0.0004186779
209.3	0.0003833012
209.4	0.00036139540000000006
209.5	0.00042843110000000004
209.6	0.0004314944
209.7	0.00039871780000000004
209.8	0.0004413863
209.9	0.00042430360000000005
210.0	0.00042390230000000003
210.1	0.0004000597
210.2	0.0004109703
210.3	0.0003954077
210.4	0.000390462
210.5	0.0004493956
210.6	0.0004206695
210.7	0.0004100367
210.8	0.00042816960000000004
210.9	0.0004047591
211.0	0.00039658829999999996
211.1	0.00041101649999999995
211.2	0.00043290690000000003
211.3	0.00042884030000000004
211.4	0.0004329838
211.5	0.00048102279999999995
211.6	0.00043080010000000004
211.7	0.00044710409999999996
211.8	0.00043722749999999995
211.9	0.0004417727
212.0	0.0003693355
212.1	0.0004436475
212.2	0.0004169963
212.3	0.00045238850000000003
212.4	0.00043161819999999995
212.5	0.0004162714
212.6	0.00042442669999999996
212.7	0.000419458
212.8	0.0004404066
212.9	0.00044904840000000004
213.0	0.0004917558
213.1	0.0004151601
213.2	0.00047769699999999996
213.3	0.00038842529999999996
213.4	0.00042445790000000003
213.5	0.000426425
213.6	0.00041090090000000005
213.7	0.0004193036
213.8	0.00042684160000000006
213.9	0.00045583029999999994
214.0	0.0003874212
214.1	0.00043437219999999994
214.2	0.0004593796
214.3	0.00044218070000000005
214.4	0.00040563829999999993
214.5	0.00042552260000000005
214.6	0.00043831549999999995
214.7	0.0004782683
214.8	0.0004628521
214.9	0.0004282464
215.0	0.0004240568
215.1	0.0004153917
215.2	0.00042885580000000007
215.3	0.00042818429999999996
215.4	0.00046500420000000005
215.5	0.00043986580000000006
215.6	0.0004960303
215.7	0.0004044892
215.8	0.00038520689999999995
215.9	0.00043726599999999996
216.0	0.0005037846
216.1	0.00040714319999999996
216.2	0.00042758270000000005
216.3	0.0004142112
216.4	0.0004192652
216.5	0.0004092497
216.6	0.00041786039999999996
216.7	0.0004327756
216.8	0.00041856310000000003
216.9	0.0004197285
217.0	0.00041090880000000003
217.1	0.00039881840000000003
217.2	0.0004532533
217.3	0.00046069190000000003
217.4	0.0004499977
217.5	0.0003833399
217.6	0.0003999838
217.7	0.00039785280000000003
217.8	0.0004326058
217.9	0.00044207290000000004
218.0	0.0004707371
218.1	0.0004543799
218.2	0.0004533002
218.3	0.00039633329999999995
218.4	0.0004209858
218.5	0.00044233529999999997
218.6	0.0004141958
218.7	0.0003877914
218.8	0.0004397734
218.9	0.0004382926
219.0	0.0004196654
219.1	0.00038792310000000007
219.2	0.00041406440000000004
219.3	0.00039668799999999997
219.4	0.00042877100000000005
219.5	0.0004156546
219.6	0.00044952670000000003
219.7	0.000391511
219.8	0.0003883086
219.9	0.00045749679999999995
220.0	0.00042195780000000004
220.1	0.00044669440000000006
220.2	0.00039708180000000003
220.3	0.00039731369999999996
220.4	0.00044615459999999997
220.5	0.00038577020000000003
220.6	0.0004250135
220.7	0.0004071668
220.8	0.00039691170000000003
220.9	0.0003809248
221.0	0.0003942193
221.1	0.000395523
221.2	0.00042735150000000003
221.3	0.00040076980000000004
221.4	0.0004085709
221.5	0.00040872479999999996
221.6	0.0004667487
221.7	0.0003914643
221.8	0.0004083311
221.9	0.00039143410000000005
222.0	0.0003928846
222.1	0.00038465909999999996
222.2	0.00040972029999999997
222.3	0.0004196587
222.4	0.0004279146
222.5	0.00041995950000000003
222.6	0.00041053080000000004
222.7	0.00041441199999999996
222.8	0.00041595510000000006
222.9	0.00041699639999999996
223.0	0.00040766049999999996
223.1	0.00041773719999999996
223.2	0.0003966341
223.3	0.0004396193
223.4	0.00041494420000000006
223.5	0.00038323189999999997
223.6	0.0004600359
223.7	0.00045752799999999996
223.8	0.0004095045
223.9	0.00039776119999999996
224.0	0.0004401136
224.1	0.0004327831
224.2	0.00043037600000000005
224.3	0.0004310629
224.4	0.0004461933
224.5	0.0004007233
224.6	0.00041631020000000004
224.7	0.00043863220000000007
224.8	0.00042081550000000006
224.9	0.0004414483
225.0	0.000398324
225.1	0.0004398891
225.2	0.0004296584
225.3	0.0003687184
225.4	0.00041404079999999996
225.5	0.00043056149999999994
225.6	0.0004555066
225.7	0.0004378062
225.8	0.00041836189999999994
225.9	0.00042472
226.0	0.0004027841
226.1	0.00043441860000000004
226.2	0.0004298207
226.3	0.00044018959999999994
226.4	0.000432389
226.5	0.00040356359999999995
226.6	0.0004159239
226.7	0.000414296
226.8	0.0004072587
226.9	0.00043359359999999995
227.0	0.000419589
227.1	0.0004557222
227.2	0.0003967658
227.3	0.00039257610000000004
227.4	0.0004256763
227.5	0.0004021744
227.6	0.0004910919
227.7	0.00045783630000000003
227.8	0.0004407999
227.9	0.00042020629999999995
228.0	0.0004126908
228.1	0.000446548
228.2	0.0004113869
228.3	0.0004767482
228.4	0.000436232
228.5	0.00043080049999999996
228.6	0.0003891344
228.7	0.0004101989
228.8	0.0004268725
228.9	0.00038759900000000003
229.0	0.000424967
229.1	0.0004195503
229.2	0.00043805339999999996
229.3	0.00041232899999999996
229.4	0.0004112094
229.5	0.0003798448
229.6	0.0004039952
229.7	0.0003923903
229.8	0.0004358236
229.9	0.00039338620000000003
230.0	0.00043530570000000006
230.1	0.000466756
230.2	0.0004473045
230.3	0.00045025980000000006
230.4	0.0005003589999999999
230.5	0.00040615589999999993
230.6	0.0004366801
230.7	0.0004996255
230.8	0.0004381919
230.9	0.00042377869999999995
231.0	0.0004345578
231.1	0.00040880219999999995
231.2	0.0004199211
231.3	0.0004078061
231.4	0.00042128680000000005
231.5	0.00046068340000000006
231.6	0.0004332386
231.7	0.00046281389999999994
231.8	0.00038172760000000004
231.9	0.0004490325
232.0	0.0004265334
232.1	0.00042557669999999996
232.2	0.000490197
232.3	0.00044331560000000005
232.4	0.0005144476999999999
232.5	0.00042384040000000006
232.6	0.0004187864
232.7	0.0004279457
232.8	0.00041648719999999996
232.9	0.00047432520000000006
233.0	0.000422073
233.1	0.0004874268
233.2	0.00045473489999999997
233.3	0.0004345032
233.4	0.0004304145
233.5	0.0004286628
233.6	0.00047859259999999995
233.7	0.0004423892
233.8	0.0004586926
233.9	0.0004759305
234.0	0.0004311088
234.1	0.0004233002
234.2	0.0004315178
234.3	0.0004452288
234.4	0.0004528136
234.5	0.00042229
234.6	0.0004345349
234.7	0.00043282179999999996
234.8	0.00045890909999999995
234.9	0.00043009
235.0	0.00039624920000000006
235.1	0.00044059969999999993
235.2	0.00046204959999999995
235.3	0.0004427364
235.4	0.0004499358
235.5	0.0004540404
235.6	0.00038813869999999997
235.7	0.00043982769999999997
235.8	0.00042944239999999996
235.9	0.0004083394
236.0	0.0004755365
236.1	0.0004607993
236.2	0.00045562179999999997
236.3	0.00042026819999999997
236.4	0.000397946
236.5	0.00039615550000000004
236.6	0.00043492060000000003
236.7	0.0004275213
236.8	0.00041826969999999994
236.9	0.0004384697
237.0	0.0004361475
237.1	0.00037496009999999995
237.2	0.0004392339
237.3	0.00039688909999999997
237.4	0.00034239200000000007
237.5	0.0003234498
237.6	0.000379374
237.7	0.0002883884
237.8	0.0002884885999999999
237.9	0.0003330939
238.0	0.0003881931
238.1	0.0004310398
238.2	0.00029562610000000004
238.3	0.00030186030000000003
238.4	0.00044491219999999996
238.5	0.00044640190000000006
238.6	0.00043603120000000004
238.7	0.000424381
238.8	0.00045789050000000003
238.9	0.00042464989999999996
239.0	0.00038370259999999997
239.1	0.00045098500000000005
239.2	0.0004659151
239.3	0.0004730293000000001
239.4	0.00045589269999999997
239.5	0.00045774399999999995
239.6	0.00039204380000000007
239.7	0.0004260553
239.8	0.0004379757
239.9	0.0003835474
240.0	0.0004381456
240.1	0.00047317610000000005
240.2	0.0004558153
240.3	0.0004227759
240.4	0.00045140899999999995
240.5	0.0004128146
240.6	0.0004788936
240.7	0.00048481900000000005
240.8	0.0003951067
240.9	0.0004495805
241.0	0.0004124983
241.1	0.0004266416
241.2	0.0004894103999999999
241.3	0.00043517480000000003
241.4	0.00044664870000000003
241.5	0.00042396439999999996
241.6	0.00045602260000000003
241.7	0.000445013
241.8	0.0004609841
241.9	0.00047371649999999996
242.0	0.00046176390000000005
242.1	0.0003908318
242.2	0.00042465799999999996
242.3	0.0004318493
242.4	0.0004312554
242.5	0.0004260472
242.6	0.00043356279999999997
242.7	0.0004545492
242.8	0.0004354837
242.9	0.0004655062
243.0	0.0004715709
243.1	0.00044729700000000004
243.2	0.0004378912
243.3	0.00041845500000000003
243.4	0.00043731229999999997
243.5	0.0003905077
243.6	0.0004316722
243.7	0.0004469885
243.8	0.000426379
243.9	0.0004404452
244.0	0.0004025373
244.1	0.0004075443
244.2	0.00045529039999999993
244.3	0.00046016659999999996
244.4	0.0004562004
244.5	0.00045788279999999995
244.6	0.0004709539
244.7	0.00042128670000000007
244.8	0.0004470261
244.9	0.00046542860000000003
245.0	0.0004266105
245.1	0.0004358313
245.2	0.000473523
245.3	0.00044834590000000004
245.4	0.000422151
245.5	0.00046273649999999995
245.6	0.00041911819999999997
245.7	0.0004908374
245.8	0.0004500513
245.9	0.00045899449999999996
246.0	0.0004093505
246.1	0.000432297
246.2	0.0004730594
246.3	0.00045892449999999994
246.4	0.000454187
246.5	0.0004578669
246.6	0.0004073131
246.7	0.00039013050000000004
246.8	0.00044747389999999997
246.9	0.0004236939
247.0	0.0004924039
247.1	0.0004518796
247.2	0.00042876320000000004
247.3	0.00046203419999999996
247.4	0.00046224290000000006
247.5	0.00046726579999999997
247.6	0.0004789474
247.7	0.00047888529999999996
247.8	0.0004737546
247.9	0.0004170508
248.0	0.000454549
248.1	0.0004608922
248.2	0.00041937300000000007
248.3	0.0004556923
248.4	0.00044764420000000004
248.5	0.00044574629999999995
248.6	0.000433524
248.7	0.0005256125
248.8	0.0004975119
248.9	0.000434094
249.0	0.00042705840000000004
249.1	0.00040429600000000006
249.2	0.00041364770000000003
249.3	0.00042763679999999996
249.4	0.00043762829999999996
249.5	0.0004687469
249.6	0.0004444268
249.7	0.0004222737
249.8	0.00040939640000000005
249.9	0.0004225288
250.0	0.00043040650000000005
250.1	0.0004553136
250.2	0.0004619639
250.3	0.00045654049999999997
250.4	0.00044753569999999996
250.5	0.0004276603
250.6	0.00041867890000000005
250.7	0.0005020948000000001
250.8	0.0004686622
250.9	0.00043939600000000005
251.0	0.0004709311
251.1	0.0004142038
251.2	0.0004748582
251.3	0.0004390022
251.4	0.0004535004
251.5	0.00044667929999999995
251.6	0.00044260569999999996
251.7	0.00043873220000000007
251.8	0.0003868124
251.9	0.0005157909
252.0	0.0004406071
252.1	0.00044734340000000003
252.2	0.00045241279999999997
252.3	0.0004148284
252.4	0.00041203520000000006
252.5	0.00045617689999999996
252.6	0.00044979690000000006
252.7	0.0004510005
252.8	0.0004378444
252.9	0.0004445423
253.0	0.00043614719999999997
253.1	0.00041191959999999994
253.2	0.00044233529999999997
253.3	0.00038266069999999997
253.4	0.00040934249999999994
253.5	0.0004492184
253.6	0.00044833079999999993
253.7	0.00042917969999999993
253.8	0.00046014399999999995
253.9	0.00043795290000000006
254.0	0.0004269805
254.1	0.00041953490000000003
254.2	0.0004625122
254.3	0.00045866200000000003
254.4	0.00044761329999999997
254.5	0.00043583909999999997
254.6	0.00044983509999999997
254.7	0.0005617536999999999
254.8	0.0004090643
254.9	0.00039235189999999997
255.0	0.00041410339999999995
255.1	0.0004996952
255.2	0.0004674657
255.3	0.0004458687
255.4	0.00045539840000000006
255.5	0.0004195815
255.6	0.00039796170000000003
255.7	0.0003978072
255.8	0.0004444419
255.9	0.0004276671
256.0	0.00039110990000000003
256.1	0.00045339999999999996
256.2	0.0004170429
256.3	0.0004157232
256.4	0.0004385314
256.5	0.00043599320000000004
256.6	0.0004240023
256.7	0.000445306
256.8	0.0003858861
256.9	0.0004360156
257.0	0.0004563943
257.1	0.0004695874
257.2	0.0004497733
257.3	0.00043772870000000004
257.4	0.0004161552
257.5	0.00044136370000000003
257.6	0.00046287530000000006
257.7	0.00041098639999999993
257.8	0.0004224589
257.9	0.00043533760000000004
258.0	0.0004040185
258.1	0.00040718940000000005
258.2	0.0003966653
258.3	0.0004511396
258.4	0.00039011439999999997
258.5	0.00043474279999999995
258.6	0.00039561580000000004
258.7	0.00043360109999999996
258.8	0.00044947250000000003
258.9	0.00045148689999999995
259.0	0.000429257
259.1	0.00044309959999999995
259.2	0.0003959855
259.3	0.00045902510000000004
259.4	0.00041950409999999994
259.5	0.0003888725
259.6	0.00043746630000000006
259.7	0.000368726
259.8	0.0004236013
259.9	0.00042299199999999996
260.0	0.0003760018
260.1	0.0003862255
260.2	0.0003846365
260.3	0.00041910260000000007
260.4	0.00045390199999999995
260.5	0.00045604660000000003
260.6	0.0004254606
260.7	0.000414751
260.8	0.00047114680000000003
260.9	0.00046467300000000003
261.0	0.0004056465
261.1	0.00046219610000000004
261.2	0.0004135701
261.3	0.00039387980000000003
261.4	0.00041173450000000003
261.5	0.00040663399999999996
261.6	0.0003939799
261.7	0.0004399821
261.8	0.0004127456
261.9	0.0005034144999999999
262.0	0.00043126300000000003
262.1	0.00041131010000000005
262.2	0.000434288
262.3	0.0003871978
262.4	0.0004636932
262.5	0.00045230430000000005
262.6	0.0004225213
262.7	0.0003898446
262.8	0.00046279000000000003
262.9	0.0004149977
263.0	0.0004186322
263.1	0.0004313176
263.2	0.0004361936
263.3	0.00046505040000000003
263.4	0.0004528291
263.5	0.0004321347
263.6	0.00044076079999999995
263.7	0.00044506689999999997
263.8	0.00043567659999999995
263.9	0.00041373280000000004
264.0	0.0004101912
264.1	0.00039882560000000005
264.2	0.00039589309999999995
264.3	0.0004279144
264.4	0.00043714229999999995
264.5	0.0003932164
264.6	0.00041258289999999997
264.7	0.00042749769999999996
264.8	0.00039144960000000003
264.9	0.00046256650000000004
265.0	0.00040872489999999994
265.1	0.00041083920000000004
265.2	0.0003982545
265.3	0.00041425789999999994
265.4	0.00043401809999999997
265.5	0.00042034449999999997
265.6	0.0004448738
265.7	0.0003992735
265.8	0.00043765220000000003
265.9	0.00047615409999999993
266.0	0.0004134315
266.1	0.0004302221
266.2	0.00042311510000000004
266.3	0.00046643190000000004
266.4	0.0004342802
266.5	0.0004090184
266.6	0.0004117188
266.7	0.00045065320000000004
266.8	0.0004759921
266.9	0.0004049136
267.0	0.0003737801
267.1	0.00041941099999999996
267.2	0.0004254296
267.3	0.00042688850000000006
267.4	0.00039508309999999994
267.5	0.00044648609999999993
267.6	0.00041704309999999995
267.7	0.00043142459999999996
267.8	0.0003926532
267.9	0.00038766850000000004
268.0	0.00043693469999999996
268.1	0.00040763740000000006
268.2	0.00043677259999999997
268.3	0.0004235548
268.4	0.0003782319
268.5	0.000361728
268.6	0.00045859240000000004
268.7	0.0004090102
268.8	0.0004663544
268.9	0.00040404190000000004
269.0	0.000416796
269.1	0.00038663449999999997
269.2	0.0004406305
269.3	0.00045249750000000006
269.4	0.0004327904
269.5	0.00043347769999999995
269.6	0.0004179073
269.7	0.0004089415000000001
269.8	0.0004771415
269.9	0.000398355
270.0	0.0004675819
270.1	0.00042989790000000003
270.2	0.0004143348
270.3	0.0004174439
270.4	0.000369744
270.5	0.000431371
270.6	0.0004208700999999999
270.7	0.0004499281
270.8	0.0003975605
270.9	0.0004461781
271.0	0.0004001757
271.1	0.0004340952
271.2	0.00048211879999999997
271.3	0.00039833929999999994
271.4	0.00043286020000000004
271.5	0.0003893274999999999
271.6	0.0004327295
271.7	0.0004002069
271.8	0.0004676434
271.9	0.0004044269
272.0	0.0004410473
272.1	0.00040606330000000007
272.2	0.00041344689999999997
272.3	0.00039927319999999997
272.4	0.00038821630000000003
272.5	0.00039749870000000006
272.6	0.0004628061
272.7	0.000430013
272.8	0.0003904535
272.9	0.00037489120000000004
273.0	0.0004375595
273.1	0.0004483923
273.2	0.00043715759999999996
273.3	0.0004449896
273.4	0.0004187252
273.5	0.0004274211
273.6	0.00045144760000000004
273.7	0.00042294530000000003
273.8	0.0004425597
273.9	0.00044338489999999994
274.0	0.000454071
274.1	0.00039596319999999995
274.2	0.0004087641
274.3	0.0004029998000000001
274.4	0.0004309537
274.5	0.00044776699999999996
274.6	0.000452389
274.7	0.00040549229999999997
274.8	0.00046552929999999995
274.9	0.00040689640000000004
275.0	0.00047518150000000004
275.1	0.00041205859999999997
275.2	0.00039821619999999997
275.3	0.0004314635
275.4	0.000455082
275.5	0.0004081079
275.6	0.0004235781
275.7	0.0004432923
275.8	0.0003791196
275.9	0.0003639499
276.0	0.0004361085
276.1	0.0004309539
276.2	0.00041766039999999996
276.3	0.0004402283
276.4	0.0004692944
276.5	0.00046802979999999996
276.6	0.0004012329
276.7	0.00041967360000000006
276.8	0.00038772199999999996
276.9	0.0004375665
277.0	0.00045973459999999993
277.1	0.0003912642
277.2	0.00044287529999999996
277.3	0.00040713550000000005
277.4	0.00044548380000000005
277.5	0.000433848
277.6	0.0004435236
277.7	0.00041197360000000004
277.8	0.00044417919999999996
277.9	0.0004172275
278.0	0.0003985477
278.1	0.00039962799999999996
278.2	0.0004653907
278.3	0.00047642429999999997
278.4	0.00045809949999999996
278.5	0.00044329140000000004
278.6	0.0004363556
278.7	0.00041450479999999995
278.8	0.0004633462
278.9	0.00048154770000000005
279.0	0.000436402
279.1	0.0004557618
279.2	0.00044327700000000006
279.3	0.0004310859
279.4	0.00042178809999999996
279.5	0.0004098054
279.6	0.0004490094
279.7	0.0004355299
279.8	0.00047723369999999994
279.9	0.00043586989999999995
280.0	0.0004405144
280.1	0.0004334778
280.2	0.00041005229999999994
280.3	0.000416179
280.4	0.00048768950000000003
280.5	0.000440005
280.6	0.00039090959999999993
280.7	0.00041316929999999995
280.8	0.0004350209
280.9	0.0004289255
281.0	0.0004488169
281.1	0.00043102390000000003
281.2	0.0004234859
281.3	0.00037895730000000007
281.4	0.0004337552
281.5	0.0004332771
281.6	0.00045961159999999995
281.7	0.0004393186
281.8	0.0004348745
281.9	0.0003794743
282.0	0.00044512880000000004
282.1	0.00042995150000000004
282.2	0.0004020355
282.3	0.0004621728
282.4	0.0004134707
282.5	0.00044222729999999995
282.6	0.0003865885
282.7	0.00042661079999999996
282.8	0.00042137139999999995
282.9	0.00043230429999999994
283.0	0.00045359299999999996
283.1	0.0004701511
283.2	0.0004385006
283.3	0.0004661461
283.4	0.00045343099999999996
283.5	0.0004829209
283.6	0.0004661773
283.7	0.000434666
283.8	0.00041169530000000006
283.9	0.00042924949999999994
284.0	0.0004214171
284.1	0.00042238979999999996
284.2	0.00040374780000000004
284.3	0.0004432697
284.4	0.0004496506
284.5	0.000420669
284.6	0.000492543
284.7	0.0004319735
284.8	0.0004485317
284.9	0.000490058
285.0	0.00043877840000000005
285.1	0.00040432680000000005
285.2	0.0003670056
285.3	0.0004154299
285.4	0.0004443883
285.5	0.0004420812
285.6	0.0004457689
285.7	0.00043337739999999995
285.8	0.0004277372
285.9	0.0004299366999999999
286.0	0.0004394263
286.1	0.0004297586
286.2	0.00042017529999999995
286.3	0.00044476660000000007
286.4	0.00040849349999999996
286.5	0.00043292219999999993
286.6	0.00041339320000000003
286.7	0.0004089406
286.8	0.00044229699999999997
286.9	0.00043999769999999994
287.0	0.0004034398
287.1	0.00042409530000000003
287.2	0.00044826070000000004
287.3	0.00040490579999999995
287.4	0.00047266640000000003
287.5	0.00041076970000000003
287.6	0.00045227339999999997
287.7	0.0003993274
287.8	0.00042431129999999996
287.9	0.0004546576
288.0	0.0004239404
288.1	0.0004269728000000001
288.2	0.00045700350000000005
288.3	0.00044211159999999996
288.4	0.00044185719999999994
288.5	0.00044799140000000004
288.6	0.00043242869999999997
288.7	0.0004235864
288.8	0.00043370139999999996
288.9	0.0004301908
289.0	0.0003949912
289.1	0.00046491230000000004
289.2	0.00047370060000000006
289.3	0.000454835
289.4	0.00045424029999999995
289.5	0.0004526439
289.6	0.0004120504
289.7	0.0003962254
289.8	0.0004235549
289.9	0.0003959935
290.0	0.0003829464
290.1	0.0004791866
290.2	0.0004461861
290.3	0.0004098051
290.4	0.00043641780000000003
290.5	0.0004678984
290.6	0.0004255461
290.7	0.00047494260000000005
290.8	0.00041599370000000005
290.9	0.00043820800000000004
291.0	0.00042313059999999996
291.1	0.0004118499
291.2	0.0004191878
291.3	0.00046692580000000003
291.4	0.0004449588
291.5	0.00039982110000000005
291.6	0.000402537
291.7	0.00041990500000000004
291.8	0.00040507520000000003
291.9	0.00046325310000000004
292.0	0.00040123990000000005
292.1	0.00045402500000000004
292.2	0.0004270272
292.3	0.00041854010000000005
292.4	0.0004532378
292.5	0.00042161849999999997
292.6	0.0004716483
292.7	0.00040890170000000006
292.8	0.00044145610000000004
292.9	0.0004190028
293.0	0.00041700459999999994
293.1	0.00042772909999999994
293.2	0.0004284551
293.3	0.00043695729999999996
293.4	0.0004647963
293.5	0.0004204989
293.6	0.00042900210000000003
293.7	0.00041206650000000006
293.8	0.0004206692
293.9	0.00046771260000000005
294.0	0.00042280679999999996
294.1	0.00043076940000000004
294.2	0.00041614810000000006
294.3	0.0004034246
294.4	0.00043386349999999994
294.5	0.0004151211
294.6	0.0004273742
294.7	0.0004542487
294.8	0.00043750530000000003
294.9	0.00043344620000000005
295.0	0.0004879363
295.1	0.0004492104
295.2	0.0004538011
295.3	0.0004142806
295.4	0.000430175
295.5	0.0004394647
295.6	0.0005143629
295.7	0.0004749967
295.8	0.00045008989999999996
295.9	0.00048248890000000003
296.0	0.0004010096
296.1	0.00037481350000000005
296.2	0.0003943583
296.3	0.00042333080000000003
296.4	0.0004616634
296.5	0.0004309395
296.6	0.0004672117
296.7	0.0004171043
296.8	0.0004716558
296.9	0.00046699529999999994
297.0	0.0004314867
297.1	0.00040664929999999997
297.2	0.00045641690000000005
297.3	0.0004239329
297.4	0.00042180369999999997
297.5	0.0004057007
297.6	0.0004686157
297.7	0.00045052140000000003
297.8	0.0004137939
297.9	0.00041753700000000005
298.0	0.0003892278
298.1	0.00044281379999999996
298.2	0.00040408009999999995
298.3	0.0004035399
298.4	0.0004549207
298.5	0.0004454836
298.6	0.00043296830000000004
298.7	0.00043330010000000005
298.8	0.00046049109999999997
298.9	0.0004222825
299.0	0.0004430223
299.1	0.0004659153
299.2	0.0004106467
299.3	0.0003965729
299.4	0.0004724113
299.5	0.0004419501
299.6	0.0004727206
299.7	0.0004007082
299.8	0.00039092460000000006
299.9	0.0004215639
300.0	0.0004607225
300.1	0.00047088420000000004
300.2	0.00041820039999999995
300.3	0.0004446581
300.4	0.00043082330000000004
300.5	0.00037268439999999994
300.6	0.00039395699999999996
300.7	0.0004216184
300.8	0.00047055269999999997
300.9	0.0004465176
301.0	0.0004396578
301.1	0.0004996024
301.2	0.0004069113
301.3	0.0004049592
301.4	0.0004175367
301.5	0.0004476671
301.6	0.00046096139999999994
301.7	0.0004562857
301.8	0.000456834
301.9	0.0004382068
302.0	0.00043432659999999995
302.1	0.00041329310000000005
302.2	0.00045063730000000004
302.3	0.0005066545
302.4	0.0004449977
302.5	0.00034919730000000003
302.6	0.0004519109
302.7	0.0004292338
302.8	0.00044754390000000004
302.9	0.00040521420000000005
303.0	0.0004463706
303.1	0.0003956159
303.2	0.0004165337
303.3	0.00046514389999999993
303.4	0.00045066899999999995
303.5	0.0004302211
303.6	0.00041667249999999994
303.7	0.00040867080000000003
303.8	0.00042100049999999994
303.9	0.00042323109999999997
304.0	0.0003970434
304.1	0.0004390564
304.2	0.000463616
304.3	0.0004360008
304.4	0.0004398273
304.5	0.00042521350000000003
304.6	0.00044354649999999997
304.7	0.00044564530000000004
304.8	0.00041253679999999997
304.9	0.0004750344
305.0	0.00042690349999999997
305.1	0.00041554589999999995
305.2	0.00044374740000000006
305.3	0.0004594261
305.4	0.0004155383
305.5	0.000454087
305.6	0.0004343566
305.7	0.00043086249999999996
305.8	0.0004351064
305.9	0.00042955040000000003
306.0	0.0004050982
306.1	0.00041402590000000003
306.2	0.00039548459999999997
306.3	0.0004529135
306.4	0.0004084934
306.5	0.00041724359999999996
306.6	0.0004560004
306.7	0.00043957299999999996
306.8	0.00042951160000000003
306.9	0.000436703
307.0	0.0003961482
307.1	0.000432027
307.2	0.00043049129999999996
307.3	0.0004777124
307.4	0.0004755445
307.5	0.0004334238
307.6	0.00041421919999999997
307.7	0.00043632469999999995
307.8	0.00043612370000000003
307.9	0.0004116104
308.0	0.0004895645
308.1	0.000451054
308.2	0.0004067268
308.3	0.00044078490000000004
308.4	0.00045017520000000005
308.5	0.0004517568
308.6	0.0004544024
308.7	0.0004458303
308.8	0.00043740520000000005
308.9	0.0004102449
309.0	0.0004421428
309.1	0.0004174981
309.2	0.00044967330000000004
309.3	0.00043610089999999996
309.4	0.00042007519999999997
309.5	0.0003914724
309.6	0.0004468033
309.7	0.00044649429999999996
309.8	0.00043108590000000003
309.9	0.0004378376
310.0	0.0004124519
310.1	0.00044657930000000006
310.2	0.0004199206
310.3	0.00045101590000000007
310.4	0.00044793759999999996
310.5	0.0004637853
310.6	0.00043822269999999996
310.7	0.00041948850000000004
310.8	0.0004130384
310.9	0.0004372891
311.0	0.00046330720000000006
311.1	0.0004071976
311.2	0.0004580138
311.3	0.0004249671
311.4	0.00042402609999999996
311.5	0.00042743619999999996
311.6	0.0004367493
311.7	0.00043421029999999997
311.8	0.00047286690000000004
311.9	0.0004617411
312.0	0.0003879536
312.1	0.00037168950000000003
312.2	0.0003782634
312.3	0.0003327702
312.4	0.00034921219999999996
312.5	0.0002790141
312.6	0.0002652333
312.7	0.000208568
312.8	0.00023332090000000006
312.9	0.00021899949999999995
313.0	0.0004087024
313.1	0.00037813219999999995
313.2	0.0004533001
313.3	0.00041022970000000004
313.4	0.00036270779999999993
313.5	0.00044310739999999996
313.6	0.0004537008
313.7	0.0004288482
313.8	0.00043222010000000007
313.9	0.00045787530000000005
314.0	0.0004219579
314.1	0.0004585622
314.2	0.0004483145
314.3	0.00045373939999999996
314.4	0.00040414119999999997
314.5	0.0004689862
314.6	0.0004076446
314.7	0.0004109863
314.8	0.00041848580000000007
314.9	0.00041168009999999997
315.0	0.0004615175
315.1	0.0004891631000000001
315.2	0.00039360940000000003
315.3	0.00041732810000000005
315.4	0.00045136259999999995
315.5	0.0003842892000000001
315.6	0.00040836279999999995
315.7	0.0004034554000000001
315.8	0.00040870949999999995
315.9	0.00040309270000000004
316.0	0.0004851894
316.1	0.0004539937
316.2	0.00045684909999999993
316.3	0.00046724239999999996
316.4	0.0004455064
316.5	0.0004440874
316.6	0.00043598530000000006
316.7	0.0004898804
316.8	0.00046322180000000004
316.9	0.00048775829999999997
317.0	0.00045073009999999997
317.1	0.0004624511
317.2	0.00039215140000000006
317.3	0.00045895550000000005
317.4	0.00046430240000000007
317.5	0.0004397269
317.6	0.00044308420000000007
317.7	0.0004674275
317.8	0.0004297507
317.9	0.0004280916
318.0	0.0004151139
318.1	0.000434041
318.2	0.00045691860000000005
318.3	0.00040566170000000005
318.4	0.0003754388
318.5	0.00040607839999999996
318.6	0.0004175138
318.7	0.0004155996
318.8	0.00037320150000000004
318.9	0.0004359383
319.0	0.00041852400000000003
319.1	0.00036924320000000007
319.2	0.0004340257
319.3	0.0004165025
319.4	0.000466069
319.5	0.0004753749
319.6	0.00037134970000000006
319.7	0.00041667280000000004
319.8	0.00038445110000000004
319.9	0.00043490529999999996
320.0	0.0004186783
320.1	0.000391873
320.2	0.0004334312
320.3	0.0004179381
320.4	0.00040759840000000004
320.5	0.00039541569999999995
320.6	0.0004365872
320.7	0.00045279000000000006
320.8	0.0004036711
320.9	0.0004169038
321.0	0.0003977614
321.1	0.000375894
321.2	0.00039701990000000006
321.3	0.0004358921
321.4	0.00040376370000000004
321.5	0.0004153528
321.6	0.0004149061
321.7	0.00046090770000000006
321.8	0.000369166
321.9	0.00039124050000000006
322.0	0.00040114050000000003
322.1	0.00028688309999999996
322.2	0.0002990521
322.3	0.00027564949999999994
322.4	0.00026987819999999994
322.5	0.00016883040000000005
322.6	0.00014722619999999994
322.7	0.00016283550000000002
322.8	0.0001482457
322.9	0.00017388440000000005
323.0	0.0001987302
323.1	0.0003911871
323.2	0.00039110939999999997
323.3	0.00046430239999999996
323.4	0.00044823030000000003
323.5	0.0003948052
323.6	0.00037659620000000005
323.7	0.0004057159
323.8	0.00040715900000000004
323.9	0.0004644182
324.0	0.00045553670000000006
324.1	0.00040141819999999997
324.2	0.00040884060000000004
324.3	0.0004199667
324.4	0.00040229
324.5	0.00042189619999999996
324.6	0.0004089722
324.7	0.00039721319999999995
324.8	0.00039721320000000006
324.9	0.00041375600000000004
325.0	0.0003959942
325.1	0.00042464310000000003
325.2	0.00042357789999999994
325.3	0.00040046160000000006
325.4	0.0004297974
325.5	0.0004265179
325.6	0.0004676048
325.7	0.00046174100000000005
325.8	0.0004361783
325.9	0.00044752820000000006
326.0	0.00046167929999999994
326.1	0.0004288562
326.2	0.0004712933
326.3	0.00048390090000000003
326.4	0.00045488140000000005
326.5	0.0004417493
326.6	0.00040210489999999995
326.7	0.00042047689999999996
326.8	0.0003776608
326.9	0.00036107170000000005
327.0	0.00044177249999999995
327.1	0.0004124672
327.2	0.0003990875
327.3	0.00039274579999999996
327.4	0.0003540272
327.5	0.0003895204
327.6	0.00046721880000000004
327.7	0.00043589290000000004
327.8	0.00041348499999999995
327.9	0.00042306859999999996
328.0	0.00039631800000000005
328.1	0.00035347199999999997
328.2	0.00041993649999999994
328.3	0.0004175294
328.4	0.0004387938
328.5	0.0004249747
328.6	0.00039972130000000007
328.7	0.0004028994
328.8	0.0004032851
328.9	0.000433007
329.0	0.00041710410000000004
329.1	0.0003863641
329.2	0.00035841789999999996
329.3	0.0004097281
329.4	0.00040077809999999994
329.5	0.0004084784
329.6	0.00042060730000000003
329.7	0.00042976630000000004
329.8	0.0004143804
329.9	0.0003896897
330.0	0.00040925660000000003
330.1	0.00037902670000000005
330.2	0.00042463539999999995
330.3	0.000461602
330.4	0.00040696590000000005
330.5	0.0004051218
330.6	0.000438076
330.7	0.0004322897
330.8	0.0004398427
330.9	0.00044056049999999995
331.0	0.00041032959999999995
331.1	0.0004440639
331.2	0.0003899601
331.3	0.0004299279
331.4	0.0004216958
331.5	0.0004694412
331.6	0.00041645610000000003
331.7	0.0004271661
331.8	0.0004014952
331.9	0.00039413470000000005
332.0	0.00039647949999999994
332.1	0.0003393364
332.2	0.0003192519
332.3	0.00023172350000000004
332.4	0.00029490129999999997
332.5	0.00020187830000000006
332.6	0.00029730070000000004
332.7	0.00047030590000000005
332.8	0.0004128064
332.9	0.0004335474
333.0	0.00041337800000000005
333.1	0.00043701140000000004
333.2	0.00040059199999999996
333.3	0.0004418339
333.4	0.0003747909
333.5	0.0004101832
333.6	0.0004220349
333.7	0.00042065399999999996
333.8	0.0004132694
333.9	0.00039955829999999994
334.0	0.0004471196
334.1	0.00043816899999999997
334.2	0.0003917657
334.3	0.00041582359999999994
334.4	0.0004041269
334.5	0.0004008629
334.6	0.00040448909999999994
334.7	0.0004072668
334.8	0.0004367264
334.9	0.0004191333000000001
335.0	0.00038678890000000003
335.1	0.0004197587
335.2	0.00041147169999999997
335.3	0.0004212712
335.4	0.0004443415
335.5	0.00046445680000000003
335.6	0.0003874752
335.7	0.00042253659999999993
335.8	0.0003574606
335.9	0.00047312950000000004
336.0	0.00043531400000000007
336.1	0.0004441409
336.2	0.0004145042
336.3	0.0004499514
336.4	0.0004191413
336.5	0.0003964955
336.6	0.000417398
336.7	0.0004282773
336.8	0.00045551429999999996
336.9	0.00043397909999999995
337.0	0.0004119041
337.1	0.0004101675
337.2	0.00047083760000000003
337.3	0.0004127374
337.4	0.00045790569999999996
337.5	0.00044043779999999996
337.6	0.00044360010000000003
337.7	0.0003935862
337.8	0.0004076604
337.9	0.00042374719999999994
338.0	0.00045403269999999996
338.1	0.000415862
338.2	0.0003826840999999999
338.3	0.0004130533
338.4	0.00041540720000000003
338.5	0.0004526748
338.6	0.0004196661
338.7	0.00041301470000000004
338.8	0.0004421887
338.9	0.0003949831
339.0	0.0004015034
339.1	0.0004079146
339.2	0.00046956499999999997
339.3	0.000431456
339.4	0.00040901850000000004
339.5	0.00040656439999999997
339.6	0.0004264639
339.7	0.00039976639999999994
339.8	0.00039845550000000004
339.9	0.00042430349999999996
340.0	0.00042731990000000004
340.1	0.0004244337
340.2	0.000414465
340.3	0.0004627443
340.4	0.0003746357
340.5	0.00046311379999999997
340.6	0.0003959631
340.7	0.0004343184
340.8	0.0004129456
340.9	0.00040496760000000004
341.0	0.00041657980000000004
341.1	0.00041982090000000004
341.2	0.00038492119999999994
341.3	0.00042591640000000006
341.4	0.0004070199
341.5	0.00039525319999999994
341.6	0.00036685170000000004
341.7	0.00042160320000000006
341.8	0.0003850061
341.9	0.0004022978
342.0	0.0004241879
342.1	0.0004183701
342.2	0.00039661089999999997
342.3	0.00044313809999999996
342.4	0.00038442780000000007
342.5	0.00036626429999999993
342.6	0.00044402549999999997
342.7	0.0004398817
342.8	0.0004156696
342.9	0.00040233589999999996
343.0	0.00041522969999999995
343.1	0.00043478869999999994
343.2	0.00041129470000000006
343.3	0.0004843952
343.4	0.0004161096
343.5	0.0004410393999999999
343.6	0.0004031463
343.7	0.0004387015
343.8	0.00039242130000000005
343.9	0.00040069269999999993
344.0	0.00041907969999999996
344.1	0.0004270886
344.2	0.00046728110000000003
344.3	0.0004094121
344.4	0.0003893818
344.5	0.00038974450000000004
344.6	0.00039421849999999995
344.7	0.000438246
344.8	0.00038300789999999997
344.9	0.0004056773
345.0	0.0004548578
345.1	0.0004222051
345.2	0.00046210340000000003
345.3	0.0003907012
345.4	0.0004181929
345.5	0.00039758349999999997
345.6	0.0004374128
345.7	0.00036897289999999994
345.8	0.0004126985
345.9	0.0003970895
346.0	0.00039686580000000005
346.1	0.0004183616
346.2	0.00046330730000000004
346.3	0.0004105002
346.4	0.00044765969999999996
346.5	0.00041568500000000006
346.6	0.0004295506
346.7	0.00040725939999999996
346.8	0.000382005
346.9	0.00040509080000000004
347.0	0.000445344
347.1	0.00040968209999999995
347.2	0.00042462719999999997
347.3	0.00041793799999999997
347.4	0.0004206695
347.5	0.00045122420000000003
347.6	0.00044036000000000005
347.7	0.0003701378
347.8	0.00040175
347.9	0.0004163717
348.0	0.00035803870000000005
348.1	0.0004602279
348.2	0.00036580179999999996
348.3	0.0004301446
348.4	0.00042159479999999996
348.5	0.0004008017
348.6	0.00040448900000000006
348.7	0.0004260854
348.8	0.00038863210000000006
348.9	0.0004102145
349.0	0.00036814730000000003
349.1	0.00041067719999999993
349.2	0.0004741635
349.3	0.00039642589999999993
349.4	0.0004213638
349.5	0.00040604819999999996
349.6	0.00037747620000000003
349.7	0.0003829542
349.8	0.0003925678
349.9	0.00044127050000000007
