0.0	0.0005223078999999999
0.1	0.000516104
0.2	0.0004611057
0.3	0.0005096845
0.4	0.0004915449000000001
0.5	0.0005512329
0.6	0.0005046008
0.7	0.0005104258
0.8	0.0004899684
0.9	0.0005043922000000001
1.0	0.0005311536999999999
1.1	0.000493986
1.2	0.0004686841
1.3	0.0005488225
1.4	0.0005417848000000001
1.5	0.0004823049
1.6	0.0004976939999999999
1.7	0.0005108741000000001
1.8	0.0005060762999999999
1.9	0.0004866232
2.0	0.0005124426000000001
2.1	0.0005133849000000001
2.2	0.0005064707
2.3	0.0005736682
2.4	0.0005261398
2.5	0.0005068566
2.6	0.0004984900000000001
2.7	0.0005132922
2.8	0.0004710331
2.9	0.0005249886000000001
3.0	0.0005475322
3.1	0.0004739143
3.2	0.000495979
3.3	0.0005402083
3.4	0.0005365076
3.5	0.0005398219
3.6	0.0005274995
3.7	0.0005427892000000001
3.8	0.0004800257
3.9	0.0005119324
4.0	0.0004985593000000001
4.1	0.0005732968
4.2	0.0005269822
4.3	0.000541429
4.4	0.0004951678
4.5	0.0005294926999999999
4.6	0.0005132532
4.7	0.0005644746
4.8	0.0005076989000000001
4.9	0.0005394667
5.0	0.0004905944
5.1	0.00048268309999999995
5.2	0.000537064
5.3	0.00048741910000000004
5.4	0.000531741
5.5	0.0005059757999999999
5.6	0.0005616855999999999
5.7	0.0005189859999999999
5.8	0.00041437289999999996
5.9	0.0005362680999999999
6.0	0.0005139953
6.1	0.0005366079
6.2	0.0005279325999999999
6.3	0.0005062464
6.4	0.0005532264
6.5	0.0005466827
6.6	0.0005228958000000001
6.7	0.0005900543999999999
6.8	0.0005194189999999999
6.9	0.0005147292000000001
7.0	0.0005228644
7.1	0.0005191871
7.2	0.0005113451999999999
7.3	0.0005461802999999999
7.4	0.0005197049
7.5	0.0005100246
7.6	0.0005086877000000001
7.7	0.0005207632999999999
7.8	0.0005069181999999999
7.9	0.0005307907
8.0	0.0005192409999999999
8.1	0.0005244633000000001
8.2	0.0005290296000000001
8.3	0.0005232504
8.4	0.0005080926999999999
8.5	0.0005466674
8.6	0.0005507927
8.7	0.0005517273
8.8	0.0005527319
8.9	0.0005069651000000001
9.0	0.0005213188000000001
9.1	0.0005352328999999999
9.2	0.0005966751000000001
9.3	0.00055379
9.4	0.0005186462000000001
9.5	0.0005053581
9.6	0.0005425725
9.7	0.0005230964
9.8	0.0005237219999999999
9.9	0.000494967
10.0	0.0005343523
10.1	0.0005367009
10.2	0.0005253753
10.3	0.0005298174
10.4	0.0005168849000000001
10.5	0.0005506304
10.6	0.0005175412
10.7	0.000514111
10.8	0.0005499192999999999
10.9	0.0005204612999999999
11.0	0.0005360286
11.1	0.0005609133
11.2	0.0005176880000000001
11.3	0.0005150232
11.4	0.0004938932000000001
11.5	0.0005375122
11.6	0.0005439479
11.7	0.0005078299
11.8	0.0005092364000000001
11.9	0.0005377279999999999
12.0	0.000508788
12.1	0.0005191016999999999
12.2	0.000530644
12.3	0.0004904474
12.4	0.0005739848
12.5	0.0005199283999999999
12.6	0.0005245639
12.7	0.0005490234
12.8	0.000529122
12.9	0.0005135706000000001
13.0	0.0004192482
13.1	0.0005349548000000001
13.2	0.0005174022
13.3	0.0005585338
13.4	0.000515602
13.5	0.0005254910999999999
13.6	0.0005527002999999999
13.7	0.0005136014
13.8	0.0005244404000000001
13.9	0.0005130912999999999
14.0	0.0005348929
14.1	0.0005154709
14.2	0.0005359514
14.3	0.0004972074
14.4	0.0005690563
14.5	0.00041411810000000003
14.6	0.0005051108999999999
14.7	0.00021841919999999993
14.8	0.0005557444000000001
14.9	0.0005309684999999999
15.0	0.0005255993
15.1	0.0005237603
15.2	0.0005524536
15.3	0.0005183218
15.4	0.0005290291999999999
15.5	0.00046096660000000003
15.6	0.0005410039000000001
15.7	0.0005234205999999999
15.8	0.000531579
15.9	0.0005781104
16.0	0.0005377902000000001
16.1	0.0005717363
16.2	0.0005057287
16.3	0.0005108741
16.4	0.0005108124
16.5	0.0004972617000000001
16.6	0.0005183601000000001
16.7	0.0005145745
16.8	0.0005232351
16.9	0.0005364926
17.0	0.0005262792
17.1	0.0005215587
17.2	0.0005146907
17.3	0.00048713359999999993
17.4	0.0005709876
17.5	0.0005349702000000001
17.6	0.0005481812
17.7	0.0005564319
17.8	0.0005461106
17.9	0.0005121333
18.0	0.0005297710000000001
18.1	0.000522818
18.2	0.0005297245
18.3	0.0005210874999999999
18.4	0.0005395825
18.5	0.0004933756000000001
18.6	0.0005328691000000001
18.7	0.0005288358
18.8	0.0005179661000000001
18.9	0.0005460803000000001
19.0	0.0005218829
19.1	0.0005172944
19.2	0.0005396371
19.3	0.0005321734
19.4	0.0005616776
19.5	0.0005540373
19.6	0.0005585103
19.7	0.0005402319
19.8	0.0005055203000000001
19.9	0.0005107887999999999
20.0	0.0005287356
20.1	0.0005406644999999999
20.2	0.0005566257000000001
20.3	0.0005079383
20.4	0.0005374658
20.5	0.0004870328
20.6	0.0005067486
20.7	0.0005273921
20.8	0.0004728017
20.9	0.0005396520000000001
21.0	0.0005377823
21.1	0.0005289444000000001
21.2	0.0005641191000000001
21.3	0.0005203614
21.4	0.000523312
21.5	0.0005097693
21.6	0.0005344836999999999
21.7	0.0005169075999999999
21.8	0.0005110285
21.9	0.0005366467
22.0	0.0005398301000000001
22.1	0.0005273838
22.2	0.0005444648
22.3	0.0005587807000000001
22.4	0.0005292070000000001
22.5	0.0005242237
22.6	0.000503388
22.7	0.0005248501000000001
22.8	0.0005152544000000001
22.9	0.0005411974
23.0	0.0005440556
23.1	0.0005503909999999999
23.2	0.0005194956
23.3	0.0005761403
23.4	0.0005268042
23.5	0.0004995946999999999
23.6	0.0005057057
23.7	0.0005298099999999999
23.8	0.0005217365
23.9	0.0005195963
24.0	0.0005093908
24.1	0.0005017037999999999
24.2	0.0005452686
24.3	0.0005236213
24.4	0.0004994865
24.5	0.000554895
24.6	0.0005118627999999999
24.7	0.0005398684
24.8	0.0005229415
24.9	0.0004934837999999999
25.0	0.0005194572
25.1	0.0005232122
25.2	0.0005303113
25.3	0.0005254986000000001
25.4	0.0005775773
25.5	0.0005148914999999999
25.6	0.0005374735
25.7	0.0005318107
25.8	0.0005051338
25.9	0.0005348702
26.0	0.0005124659
26.1	0.0005351557999999999
26.2	0.0005251277
26.3	0.0005346766
26.4	0.0005564629000000001
26.5	0.0005594528
26.6	0.0005413671999999999
26.7	0.0005089348
26.8	0.0005237298
26.9	0.0005215584
27.0	0.0005450676
27.1	0.0005295083
27.2	0.0005462186
27.3	0.000527708
27.4	0.000529655
27.5	0.0005495098
27.6	0.0005353104
27.7	0.0005602644999999999
27.8	0.0005172938999999999
27.9	0.0004993011
28.0	0.0005023988000000001
28.1	0.0005555514
28.2	0.000549989
28.3	0.0005343139
28.4	0.0005408421
28.5	0.0005239919
28.6	0.0005450138
28.7	0.00048478450000000005
28.8	0.0005326917
28.9	0.0005163204
29.0	0.0005426346
29.1	0.0005283884
29.2	0.0005463194
29.3	0.0005427581
29.4	0.0005291376
29.5	0.0005344913
29.6	0.0005429437
29.7	0.0005378363
29.8	0.0005544854000000001
29.9	0.0005606812999999999
30.0	0.0005215972
30.1	0.0005174176
30.2	0.0005150618
30.3	0.0005129366000000001
30.4	0.0005366392000000001
30.5	0.0005451372000000001
30.6	0.000501163
30.7	0.0004648059
30.8	0.0005089271
30.9	0.000526905
31.0	0.00047842649999999996
31.1	0.0005619793
31.2	0.0004971763999999999
31.3	0.0005320116
31.4	0.0005392348
31.5	0.0005350786999999999
31.6	0.0005185222000000001
31.7	0.0004994246
31.8	0.0005068804
31.9	0.0005178733
32.0	0.0005515499999999999
32.1	0.0005195728999999999
32.2	0.0005152932000000001
32.3	0.000508842
32.4	0.0004847382
32.5	0.0004970991
32.6	0.0005013948999999999
32.7	0.0004942175
32.8	0.0004909338999999999
32.9	0.0004891726
33.0	0.0005373264999999999
33.1	0.0004727869
33.2	0.0005256999
33.3	0.0005174333
33.4	0.0005332786
33.5	0.0005120558
33.6	0.0004754211
33.7	0.0005386246
33.8	0.0005007763
33.9	0.0005499893
34.0	0.0005423407999999999
34.1	0.0005180896
34.2	0.0004787044
34.3	0.0004981345999999999
34.4	0.0005029631
34.5	0.0005111598
34.6	0.0005388719000000001
34.7	0.0004935686
34.8	0.0004924791999999999
34.9	0.0004781638
35.0	0.0005071272
35.1	0.0004968285
35.2	0.0005097847999999999
35.3	0.00048809120000000003
35.4	0.0005118633000000001
35.5	0.0005627365
35.6	0.00048041970000000007
35.7	0.0004949131000000001
35.8	0.0005019353999999999
35.9	0.0004648137
36.0	0.0004740616
36.1	0.0005361755999999999
36.2	0.0005028012
36.3	0.0004851477
36.4	0.00048572689999999995
36.5	0.0004989844
36.6	0.0005225474
36.7	0.0005268432
36.8	0.0004907332
36.9	0.0004908874
37.0	0.00046724
37.1	0.0005073511000000001
37.2	0.0005109902
37.3	0.0005198046
37.4	0.0004779087
37.5	0.0004986521000000001
37.6	0.0005046239
37.7	0.0005144663
37.8	0.0005102330999999999
37.9	0.0005107659
38.0	0.0005206162000000001
38.1	0.0004939702999999999
38.2	0.0005361910000000001
38.3	0.0005247568
38.4	0.0005225165
38.5	0.0004738293
38.6	0.0004900302999999999
38.7	0.0005347693
38.8	0.0004997417
38.9	0.0005208559
39.0	0.0005135777
39.1	0.0005598313
39.2	0.0005442644
39.3	0.0005255531
39.4	0.0005118013
39.5	0.0005474548999999999
39.6	0.0005072431
39.7	0.0005387097
39.8	0.0005473312
39.9	0.00047643329999999995
40.0	0.0004933368999999999
40.1	0.00048486970000000004
40.2	0.0005453149000000001
40.3	0.0005367859
40.4	0.0005126508
40.5	0.0005413442999999999
40.6	0.0005272136999999999
40.7	0.0005122493999999999
40.8	0.0005501588000000001
40.9	0.0005373655999999999
41.0	0.0005119709
41.1	0.0005153779
41.2	0.0004951911000000001
41.3	0.0005049639999999999
41.4	0.0004963111
41.5	0.0005571657999999999
41.6	0.0005218600000000001
41.7	0.0005178043999999999
41.8	0.0004908801
41.9	0.0004996873000000001
42.0	0.00048525600000000004
42.1	0.0005061073
42.2	0.0005062386
42.3	0.0004790217
42.4	0.0005325369
42.5	0.0004967751
42.6	0.00048306179999999996
42.7	0.00048180229999999997
42.8	0.0005035810000000001
42.9	0.0004867467
43.0	0.0005400540999999999
43.1	0.0004968749
43.2	0.0004760003
43.3	0.0004897136000000001
43.4	0.00048136189999999996
43.5	0.0005275774
43.6	0.0005626279
43.7	0.0005390802999999999
43.8	0.0004872488
43.9	0.0004839424
44.0	0.0005048092
44.1	0.00045113940000000006
44.2	0.0005342674000000001
44.3	0.00047236930000000004
44.4	0.0005340512
44.5	0.00048096010000000004
44.6	0.0005217132
44.7	0.000548861
44.8	0.0005184916
44.9	0.0004915755
45.0	0.0005298328999999999
45.1	0.0005616549
45.2	0.0004994713000000001
45.3	0.000482281
45.4	0.0005014952000000001
45.5	0.0005665221999999999
45.6	0.0005125196999999999
45.7	0.0004689627
45.8	0.00048340169999999997
45.9	0.0005286894000000001
46.0	0.0004921006999999999
46.1	0.0004355334
46.2	0.0004622796
46.3	0.0005102560000000001
46.4	0.00045910480000000006
46.5	0.0004950134
46.6	0.0004898915000000001
46.7	0.0004980418
46.8	0.0005145203
46.9	0.0005126668
47.0	0.00047960850000000003
47.1	0.0005224006999999999
47.2	0.0005174178
47.3	0.0004751814
47.4	0.0005259548
47.5	0.00045185779999999995
47.6	0.0005262404
47.7	0.0004936302
47.8	0.00046778039999999997
47.9	0.0005077602
48.0	0.0005002437000000001
48.1	0.0005441789999999999
48.2	0.0004827528
48.3	0.0005025227
48.4	0.0005325522
48.5	0.0005170856
48.6	0.0005066018
48.7	0.0005014412999999999
48.8	0.0005229107
48.9	0.0005276077000000001
49.0	0.0004934684
49.1	0.0004848078
49.2	0.00048311580000000005
49.3	0.000538872
49.4	0.0004999576000000001
49.5	0.00045003459999999997
49.6	0.0004801879
49.7	0.00048336319999999996
49.8	0.0004643506
49.9	0.0005081698
50.0	0.0005339042
50.1	0.00048599769999999997
50.2	0.0004907485
50.3	0.0004902079
50.4	0.00046570989999999995
50.5	0.0005075443000000001
50.6	0.0005084406
50.7	0.0005084557999999999
50.8	0.0004935457
50.9	0.0004937380999999999
51.0	0.00048130039999999996
51.1	0.0004501581
51.2	0.0005033649
51.3	0.0005134623
51.4	0.00044976369999999996
51.5	0.0004705616
51.6	0.0004731188
51.7	0.00047202180000000004
51.8	0.00043951210000000006
51.9	0.00041067199999999995
52.0	0.0004124415
52.1	0.00042949959999999995
52.2	0.00043023369999999994
52.3	0.00040251419999999993
52.4	0.00041188510000000005
52.5	0.00042313380000000007
52.6	0.00045742000000000005
52.7	0.0004415979
52.8	0.0004379362
52.9	0.0004711024
53.0	0.0004623025
53.1	0.0004910421
53.2	0.0004555738
53.3	0.0004368545
53.4	0.0004387548
53.5	0.00044787109999999995
53.6	0.00041118990000000005
53.7	0.00044518279999999997
53.8	0.00042963100000000003
53.9	0.0004997409999999999
54.0	0.0004626507
54.1	0.000447508
54.2	0.0004290286
54.3	0.0004578609
54.4	0.00048414329999999997
54.5	0.0004705771
54.6	0.00046954950000000005
54.7	0.0005547244
54.8	0.0004703065
54.9	0.0004826598
55.0	0.0005106037
55.1	0.0004748574
55.2	0.0004466815
55.3	0.00048401950000000004
55.4	0.0004941864999999999
55.5	0.0004976018
55.6	0.00046864529999999995
55.7	0.0004789517
55.8	0.00046595720000000004
55.9	0.0004994477999999999
56.0	0.00047780080000000007
56.1	0.0004619397
56.2	0.00045090790000000005
56.3	0.00045459250000000004
56.4	0.000466838
56.5	0.00044927750000000005
56.6	0.0004655398
56.7	0.00048479189999999997
56.8	0.0004286191
56.9	0.0004571187
57.0	0.0005096152
57.1	0.0005455236
57.2	0.00047035310000000005
57.3	0.0004804278
57.4	0.0004381602
57.5	0.0004897057
57.6	0.00047526649999999997
57.7	0.000492425
57.8	0.00045430689999999995
57.9	0.00047640229999999995
58.0	0.000460217
58.1	0.000416544
58.2	0.00045604529999999997
58.3	0.00047567569999999997
58.4	0.0005079921
58.5	0.00045132509999999996
58.6	0.00046619650000000006
58.7	0.0004335016
58.8	0.0004698893
58.9	0.000493615
59.0	0.0004863372
59.1	0.0004453993
59.2	0.0004591277
59.3	0.0004661656
59.4	0.00045816210000000006
59.5	0.000515185
59.6	0.00047654110000000006
59.7	0.0004531791
59.8	0.00047542859999999995
59.9	0.0004589811
60.0	0.00045137879999999995
60.1	0.0004551105
60.2	0.00048201100000000007
60.3	0.00044741529999999994
60.4	0.00046162330000000003
60.5	0.00043386449999999996
60.6	0.0004427572
60.7	0.00046447360000000007
60.8	0.0004633925
60.9	0.0004247874
61.0	0.0004657255
61.1	0.00042723649999999995
61.2	0.00035347149999999996
61.3	0.00028663720000000003
61.4	0.0002906082999999999
61.5	0.00020983629999999991
61.6	0.00019045310000000008
61.7	0.0004420618
61.8	0.00043550270000000007
61.9	0.0004262242
62.0	0.0004492697
62.1	0.0004798097
62.2	0.0004910576
62.3	0.00045240639999999995
62.4	0.00046803560000000004
62.5	0.0004933908
62.6	0.00046115180000000003
62.7	0.0004732501
62.8	0.0004757456
62.9	0.00045347239999999993
63.0	0.00042403769999999996
63.1	0.00048168670000000007
63.2	0.0004779242
63.3	0.00045861759999999996
63.4	0.00047620100000000004
63.5	0.0005028242
63.6	0.000462388
63.7	0.000454253
63.8	0.0004906795
63.9	0.0004944569
64.0	0.00046191630000000003
64.1	0.000485217
64.2	0.00048316970000000006
64.3	0.0005345686999999999
64.4	0.00046445069999999995
64.5	0.00047712060000000003
64.6	0.0005028547999999999
64.7	0.0005173328
64.8	0.0004895126
64.9	0.00044719940000000004
65.0	0.0004435218
65.1	0.00045641609999999994
65.2	0.0004829922
65.3	0.00046965770000000003
65.4	0.0004976863999999999
65.5	0.00046636660000000006
65.6	0.0004708164
65.7	0.0004246246
65.8	0.00047698950000000004
65.9	0.00047731370000000006
66.0	0.0005027387
66.1	0.00048180989999999996
66.2	0.000446643
66.3	0.0004617468
66.4	0.00046804300000000007
66.5	0.00046684550000000003
66.6	0.00047445549999999994
66.7	0.0004717514
66.8	0.0004319258
66.9	0.0004428344
67.0	0.00046013930000000003
67.1	0.0004478945
67.2	0.00044743859999999997
67.3	0.0005175719
67.4	0.00044957090000000003
67.5	0.00048351
67.6	0.0004908798
67.7	0.0004988524999999999
67.8	0.0004645204
67.9	0.0005120406
68.0	0.0004702985
68.1	0.00044478129999999994
68.2	0.0004917919
68.3	0.00045769839999999995
68.4	0.00043398099999999995
68.5	0.00045445339999999993
68.6	0.000445476
68.7	0.0003969898
68.8	0.0004596221
68.9	0.00043589639999999994
69.0	0.00046543149999999994
69.1	0.0004750579
69.2	0.00031210829999999995
69.3	0.00033308390000000006
69.4	0.00027930589999999996
69.5	0.00020792789999999998
69.6	0.0001611265
69.7	0.0001750327
69.8	0.000172313
69.9	0.0003037882
70.0	0.00040085299999999995
70.1	0.0004148831
70.2	0.0004520584
70.3	0.0004397591
70.4	0.00048220379999999995
70.5	0.0004617852
70.6	0.000482011
70.7	0.00042932210000000003
70.8	0.0004817177
70.9	0.0004683136
71.0	0.00042122549999999996
71.1	0.00048637640000000003
71.2	0.0004696347
71.3	0.0005257617
71.4	0.0004896673
71.5	0.00046180120000000003
71.6	0.00048385729999999997
71.7	0.00047004400000000003
71.8	0.0004593209
71.9	0.00045644699999999996
72.0	0.0004410958
72.1	0.0004927576000000001
72.2	0.0005127285
72.3	0.0004441477
72.4	0.0004673166999999999
72.5	0.0004871333
72.6	0.00045493279999999996
72.7	0.0004638477
72.8	0.0004696348000000001
72.9	0.0004449358
73.0	0.00045391269999999997
73.1	0.00045970719999999997
73.2	0.00047636360000000003
73.3	0.0004817866
73.4	0.0004559448
73.5	0.00045195030000000006
73.6	0.000493731
73.7	0.0005096534
73.8	0.0005095993
73.9	0.00048562649999999997
74.0	0.0005149145
74.1	0.00045425310000000004
74.2	0.0004931279
74.3	0.00046707709999999997
74.4	0.000502167
74.5	0.0004617928
74.6	0.0004899297999999999
74.7	0.0004807826
74.8	0.0004465422
74.9	0.000459514
75.0	0.0004702065
75.1	0.0004803501
75.2	0.00046363959999999994
75.3	0.00047937640000000003
75.4	0.0004273983
75.5	0.00048476909999999995
75.6	0.00044981820000000006
75.7	0.0005065013
75.8	0.0004528851
75.9	0.0004589418
76.0	0.0004248494
76.1	0.000460163
76.2	0.0004289203
76.3	0.0004929738999999999
76.4	0.00043675390000000005
76.5	0.00046311389999999995
76.6	0.00045855620000000006
76.7	0.0004631756
76.8	0.0004909113
76.9	0.0005164367000000001
77.0	0.0004086635
77.1	0.0005038824999999999
77.2	0.0005129059
77.3	0.0004468825
77.4	0.0004318791
77.5	0.0004828915
77.6	0.0004977714000000001
77.7	0.000456493
77.8	0.00046630479999999996
77.9	0.0005106344
78.0	0.00043907199999999993
78.1	0.00046007029999999997
78.2	0.0004876351
78.3	0.0005029324
78.4	0.0004799793
78.5	0.0004560141
78.6	0.0004579764
78.7	0.00044781690000000006
78.8	0.0004910579
78.9	0.000496489
79.0	0.00045765959999999995
79.1	0.0004482191
79.2	0.0004477012
79.3	0.0004576908
79.4	0.0005202454
79.5	0.0005186694
79.6	0.0004395506
79.7	0.00047468720000000007
79.8	0.00046123659999999995
79.9	0.000470863
80.0	0.0004421699
80.1	0.0004897988
80.2	0.00048662330000000004
80.3	0.00042797029999999995
80.4	0.00046394819999999996
80.5	0.0004682436
80.6	0.0004891960999999999
80.7	0.00047965439999999996
80.8	0.00048074449999999997
80.9	0.0004869861
81.0	0.0004828375
81.1	0.00047629409999999997
81.2	0.00045487829999999997
81.3	0.0005059219
81.4	0.0004760545
81.5	0.0005464971
81.6	0.0004439391
81.7	0.00041915500000000005
81.8	0.00046929469999999995
81.9	0.00040558860000000006
82.0	0.0004306357
82.1	0.0004533024
82.2	0.00044444909999999995
82.3	0.0004908799
82.4	0.0004243158
82.5	0.00045036669999999997
82.6	0.0004470294
82.7	0.0005210334
82.8	0.00048581990000000005
82.9	0.00042518099999999995
83.0	0.0005036967999999999
83.1	0.00044928509999999993
83.2	0.000424988
83.3	0.0004965508
83.4	0.00045790730000000007
83.5	0.0003934671
83.6	0.0004908415000000001
83.7	0.0003946263
83.8	0.00042055300000000005
83.9	0.00044629519999999994
84.0	0.00043490019999999996
84.1	0.00044872120000000003
84.2	0.0003969129
84.3	0.0004018807
84.4	0.0004283021
84.5	0.00041547029999999997
84.6	0.000415949
84.7	0.0004133608
84.8	0.00041119759999999996
84.9	0.0003950435
85.0	0.0004650764
85.1	0.0003969905
85.2	0.0004382682
85.3	0.00040531080000000004
85.4	0.00044925399999999995
85.5	0.00043180910000000005
85.6	0.0004662973
85.7	0.00046382449999999995
85.8	0.00044593229999999995
85.9	0.0004895125000000001
86.0	0.0004747025
86.1	0.00046059550000000007
86.2	0.0004875117
86.3	0.0004460637
86.4	0.0005053038
86.5	0.0005176726
86.6	0.00048193390000000007
86.7	0.00046253459999999995
86.8	0.0004518111
86.9	0.0004798091
87.0	0.00045809240000000003
87.1	0.0004897675
87.2	0.0005151462
87.3	0.00047052290000000006
87.4	0.0004901770000000001
87.5	0.0004651379
87.6	0.0004503279
87.7	0.00046961100000000004
87.8	0.0004470605
87.9	0.0004681358
88.0	0.00047003619999999997
88.1	0.0004562845
88.2	0.00048707119999999996
88.3	0.00045116230000000006
88.4	0.0005171857999999999
88.5	0.0004849546
88.6	0.0005112217000000001
88.7	0.00046989689999999996
88.8	0.00045773119999999997
88.9	0.0004746944
89.0	0.00048320730000000003
89.1	0.00048045699999999994
89.2	0.0004587507
89.3	0.0004689392
89.4	0.00045052350000000004
89.5	0.0004610833
89.6	0.0005052456000000001
89.7	0.00045101040000000003
89.8	0.0004787419
89.9	0.0005268988
90.0	0.0005078411
90.1	0.00044319309999999996
90.2	0.0004947244999999999
90.3	0.0004392997
90.4	0.0004686927
90.5	0.0005026118000000001
90.6	0.0005300654000000001
90.7	0.00045896630000000004
90.8	0.0004971426999999999
90.9	0.00046775019999999997
91.0	0.0004625047
91.1	0.0004529489
91.2	0.0004890701
91.3	0.0004776758
91.4	0.000444236
91.5	0.00044729449999999994
91.6	0.00047643990000000003
91.7	0.00047360530000000004
91.8	0.0004971658
91.9	0.0005185011
92.0	0.0004886451
92.1	0.00047537450000000004
92.2	0.0004744315
92.3	0.000502341
92.4	0.00045456369999999997
92.5	0.0005207103
92.6	0.0004539069
92.7	0.0004916651
92.8	0.0004878957
92.9	0.0004857408
93.0	0.0005174042
93.1	0.0005227113
93.2	0.0005216138
93.3	0.0004985095
93.4	0.00047818529999999994
93.5	0.000473651
93.6	0.00045960789999999993
93.7	0.00047735179999999994
93.8	0.0004992748999999999
93.9	0.0005082969
94.0	0.0005017002
94.1	0.0005008191
94.2	0.00048401780000000005
94.3	0.000423641
94.4	0.00047435459999999995
94.5	0.0005339975
94.6	0.0004980384
94.7	0.0004610297
94.8	0.0004753125
94.9	0.0005182538
95.0	0.0004857093
95.1	0.0004896185
95.2	0.0004939677999999999
95.3	0.0004351514
95.4	0.00048625789999999996
95.5	0.00047178959999999995
95.6	0.0004398629
95.7	0.0004956518999999999
95.8	0.0005127775
95.9	0.0004724924
96.0	0.00046864550000000007
96.1	0.00048363949999999996
96.2	0.0004657646
96.3	0.0004943922
96.4	0.0005096176000000001
96.5	0.00045661800000000005
96.6	0.00047599210000000004
96.7	0.0004484838
96.8	0.0005040412999999999
96.9	0.00048530849999999995
97.0	0.0005429655
97.1	0.0005154186999999999
97.2	0.0004910324999999999
97.3	0.0004561237
97.4	0.000489495
97.5	0.00046963459999999996
97.6	0.0005018388
97.7	0.0005190189000000001
97.8	0.0004824114
97.9	0.0004494884
98.0	0.0004683139
98.1	0.00046907810000000003
98.2	0.0005141290999999999
98.3	0.0005011047000000001
98.4	0.00045038430000000006
98.5	0.0004833462
98.6	0.0005074468
98.7	0.00042520260000000005
98.8	0.0004816078
98.9	0.0005056091
99.0	0.0005231674000000001
99.1	0.0004897963999999999
99.2	0.0004774676
99.3	0.0004661972
99.4	0.0005241171
99.5	0.0004671241
99.6	0.0004790897
99.7	0.0004488863
99.8	0.00047429269999999993
99.9	0.00045793900000000003
100.0	0.000485787
100.1	0.0004862504
100.2	0.0004913409
100.3	0.0005077562000000001
100.4	0.0005002251
100.5	0.0004477274
100.6	0.00045922190000000004
100.7	0.00044656070000000006
100.8	0.00049515
100.9	0.00047688859999999995
101.0	0.00044926430000000005
101.1	0.0004791361
101.2	0.00047375239999999995
101.3	0.00045822479999999997
101.4	0.00048115219999999995
101.5	0.0004813838
101.6	0.00045690410000000004
101.7	0.0004971351
101.8	0.00048477519999999997
101.9	0.0004737906
102.0	0.0004657258
102.1	0.0005199924999999999
102.2	0.000488398
102.3	0.00044636739999999995
102.4	0.0004950411
102.5	0.0004328266
102.6	0.0004646059
102.7	0.00046907080000000004
102.8	0.0004925000999999999
102.9	0.0004899581
103.0	0.0004965555
103.1	0.0004623586
103.2	0.000387551
103.3	0.0004511494
103.4	0.00044468329999999996
103.5	0.0004427598
103.6	0.00043098759999999996
103.7	0.00042534810000000007
103.8	0.0004380475
103.9	0.0004719672
104.0	0.0004359467
104.1	0.00045741440000000004
104.2	0.0004232016
104.3	0.0004129117
104.4	0.00047099399999999997
104.5	0.00044147739999999993
104.6	0.00045864990000000003
104.7	0.0004808355
104.8	0.00045019120000000003
104.9	0.0004488159
105.0	0.0003931051
105.1	0.00042378790000000005
105.2	0.0004503763
105.3	0.0004383727
105.4	0.00044063559999999997
105.5	0.0003793782
105.6	0.0004182108
105.7	0.00042396629999999995
105.8	0.00044679269999999997
105.9	0.00039620270000000003
106.0	0.00041566150000000007
106.1	0.00048006309999999995
106.2	0.00047552099999999996
106.3	0.0004104401
106.4	0.0004686456
106.5	0.0004476734
106.6	0.0004882971
106.7	0.0005229582
106.8	0.0004163258
106.9	0.00046625149999999995
107.0	0.0004830295
107.1	0.00043369100000000005
107.2	0.000482666
107.3	0.0004976752
107.4	0.0004950721999999999
107.5	0.00046235790000000003
107.6	0.0004207678
107.7	0.00045925979999999995
107.8	0.0004469318
107.9	0.0004874787
108.0	0.0005258397
108.1	0.00048640550000000004
108.2	0.00048418809999999996
108.3	0.0004501454
108.4	0.0004403187
108.5	0.0004809744
108.6	0.00048616560000000003
108.7	0.0004203276
108.8	0.00044164009999999996
108.9	0.0004263374
109.0	0.00048546270000000006
109.1	0.0005035005
109.2	0.0005075552000000001
109.3	0.0005105839000000001
109.4	0.0004731179
109.5	0.00045899760000000004
109.6	0.000462211
109.7	0.00048340810000000004
109.8	0.0004741459
109.9	0.0005184937999999999
110.0	0.00042844640000000005
110.1	0.0005170800000000001
110.2	0.0005108072999999999
110.3	0.0004733191
110.4	0.0005087913000000001
110.5	0.0005354420000000001
110.6	0.00046541640000000005
110.7	0.00046034909999999996
110.8	0.00047430750000000005
110.9	0.0004887763000000001
111.0	0.00047912820000000007
111.1	0.0005483344000000001
111.2	0.0004898273000000001
111.3	0.0004658647
111.4	0.0005101201
111.5	0.0004602876
111.6	0.00044135400000000003
111.7	0.0005019399
111.8	0.0005717793
111.9	0.00045338130000000004
112.0	0.000478286
112.1	0.000464606
112.2	0.00048245749999999995
112.3	0.0004706617
112.4	0.00047637810000000005
112.5	0.00047435420000000003
112.6	0.0004911248
112.7	0.00044403460000000004
112.8	0.00045334319999999995
112.9	0.0004705853
113.0	0.0005175517
113.1	0.0005413665999999999
113.2	0.00046094460000000007
113.3	0.0004754507
113.4	0.0004588516
113.5	0.0004799235
113.6	0.0004787111
113.7	0.0005635292
113.8	0.000458959
113.9	0.00044247419999999995
114.0	0.00044301480000000004
114.1	0.0005134565
114.2	0.00046462839999999994
114.3	0.0004913718
114.4	0.0005073085999999999
114.5	0.0004454561
114.6	0.0004634932
114.7	0.000451759
114.8	0.00048689140000000007
114.9	0.0004696344
115.0	0.0004886758
115.1	0.0004640723
115.2	0.0005023254
115.3	0.00045668030000000005
115.4	0.0005043418
115.5	0.0004477964
115.6	0.00045450970000000004
115.7	0.00048473669999999996
115.8	0.0004774372
115.9	0.00048543969999999997
116.0	0.0004424669
116.1	0.00046202550000000003
116.2	0.0005342751
116.3	0.0005033450999999999
116.4	0.0004648527
116.5	0.0004386196
116.6	0.0005068748
116.7	0.0004861498
116.8	0.00048030980000000005
116.9	0.0005109155
117.0	0.0004898427000000001
117.1	0.0004776683
117.2	0.0004747096
117.3	0.0004659731
117.4	0.00045342799999999997
117.5	0.0005807244
117.6	0.0004953119000000001
117.7	0.0004962617
117.8	0.0004889392
117.9	0.0004710555
118.0	0.0004989269
118.1	0.00047853340000000004
118.2	0.000517057
118.3	0.0005071151999999999
118.4	0.00044103729999999997
118.5	0.0004969958
118.6	0.0004696109
118.7	0.00045389139999999997
118.8	0.0004826047
118.9	0.0005053848999999999
119.0	0.0004626595
119.1	0.0005126382
119.2	0.0005380609
119.3	0.00044352500000000006
119.4	0.0004984481999999999
119.5	0.0005286048999999999
119.6	0.0004388439
119.7	0.00047823220000000005
119.8	0.0004991356
119.9	0.0004832458
120.0	0.0004656946
120.1	0.0005111009
120.2	0.0005302742
120.3	0.0004643663
120.4	0.000486189
120.5	0.00047775300000000003
120.6	0.0005046353999999999
120.7	0.0005159982
120.8	0.00047167399999999994
120.9	0.00047071630000000003
121.0	0.00046583400000000004
121.1	0.00046558650000000005
121.2	0.0004790051
121.3	0.00044515459999999995
121.4	0.00047377460000000004
121.5	0.0004678197
121.6	0.0004418868
121.7	0.0005210348
121.8	0.0005148314999999999
121.9	0.0004720216
122.0	0.0004674943
122.1	0.0005584081
122.2	0.0005009583999999999
122.3	0.0004613075
122.4	0.000465749
122.5	0.00048508390000000007
122.6	0.0004344638
122.7	0.00044907099999999994
122.8	0.0005272146
122.9	0.0004702136
123.0	0.0004510568
123.1	0.0004380255
123.2	0.0004517825
123.3	0.00047591460000000007
123.4	0.0005035693
123.5	0.0005062962
123.6	0.0004658649
123.7	0.0004459966
123.8	0.0004450312
123.9	0.0004961923
124.0	0.0005074393
124.1	0.0004993908
124.2	0.00047206069999999997
124.3	0.0004904449
124.4	0.0004988882
124.5	0.00047707340000000003
124.6	0.000524527
124.7	0.000488622
124.8	0.0005119505999999999
124.9	0.00048728560000000005
125.0	0.0005060562
125.1	0.0005087914
125.2	0.0005212897999999999
125.3	0.0004590669
125.4	0.0005011826
125.5	0.0004891241999999999
125.6	0.0004935814
125.7	0.0005024027999999999
125.8	0.00046785760000000006
125.9	0.0005038557
126.0	0.00045909830000000006
126.1	0.00048633509999999994
126.2	0.0005029206
126.3	0.0004883979
126.4	0.00045592289999999997
126.5	0.0005074703
126.6	0.0005110856000000001
126.7	0.00048316779999999995
126.8	0.0004736051
126.9	0.000464451
127.0	0.0005124604999999999
127.1	0.00047178240000000005
127.2	0.000516516
127.3	0.00046724820000000004
127.4	0.0004817466
127.5	0.0005071227
127.6	0.00047858769999999996
127.7	0.00047321870000000004
127.8	0.0005147478
127.9	0.0004901745
128.0	0.0005143605999999999
128.1	0.0004732032
128.2	0.00047071630000000003
128.3	0.0004905301
128.4	0.0004961769
128.5	0.00048709210000000004
128.6	0.00046282109999999996
128.7	0.000449256
128.8	0.0005260641000000001
128.9	0.00042460720000000004
129.0	0.00048523870000000005
129.1	0.0004806265
129.2	0.0004775983
129.3	0.0004763782
129.4	0.00047982360000000003
129.5	0.00046305259999999997
129.6	0.00046850650000000005
129.7	0.00044498509999999994
129.8	0.0005010818000000001
129.9	0.0004434858
130.0	0.0004378628
130.1	0.00046825139999999996
130.2	0.00043600039999999995
130.3	0.0003756703
130.4	0.00043187579999999997
130.5	0.0003624376
130.6	0.00043207689999999997
130.7	0.0003625541
130.8	0.0003601749
130.9	0.00038305489999999995
131.0	0.0002602702
131.1	0.00022232610000000005
131.2	0.00023897330000000007
131.3	0.0002096276000000001
131.4	0.0004468463
131.5	0.000432046
131.6	0.0005091468999999999
131.7	0.0005065353999999999
131.8	0.0004507396
131.9	0.0004598785
132.0	0.0005296552
132.1	0.0004999771999999999
132.2	0.00046312269999999997
132.3	0.00047967680000000006
132.4	0.00048266659999999996
132.5	0.0004809287
132.6	0.0004656871
132.7	0.0004874403
132.8	0.0004958064
132.9	0.0005264114
133.0	0.0005081345999999999
133.1	0.0005011283999999999
133.2	0.00045406149999999997
133.3	0.0005138041
133.4	0.0004991819999999999
133.5	0.0004970805
133.6	0.000505478
133.7	0.00048435810000000003
133.8	0.0005037009
133.9	0.00045157389999999996
134.0	0.0005129163
134.1	0.00046444339999999996
134.2	0.0005284201
134.3	0.00048785720000000003
134.4	0.00047084770000000006
134.5	0.0004927549
134.6	0.00045314209999999995
134.7	0.0004861959
134.8	0.0005073388
134.9	0.00045491879999999996
135.0	0.0005364615
135.1	0.0004666454
135.2	0.0005072699000000001
135.3	0.0004472712
135.4	0.0004976913000000001
135.5	0.0005226804000000001
135.6	0.000495907
135.7	0.0004442196
135.8	0.0004816852
135.9	0.0004780244
136.0	0.00047933709999999996
136.1	0.00048275099999999996
136.2	0.00044775070000000004
136.3	0.0005036311
136.4	0.00043657230000000003
136.5	0.0004777763
136.6	0.00046064280000000004
136.7	0.0004894951
136.8	0.0004661815
136.9	0.0004560694
137.0	0.0004909703
137.1	0.00046235019999999995
137.2	0.0005408876000000001
137.3	0.0004265768
137.4	0.00048594930000000005
137.5	0.00042591999999999993
137.6	0.0004336602
137.7	0.0003722334
137.8	0.00038538060000000004
137.9	0.00040237550000000007
138.0	0.0003493212
138.1	0.0003709658
138.2	0.000284974
138.3	0.00023787630000000003
138.4	0.00022309119999999998
138.5	0.00025320970000000003
138.6	0.00018974339999999995
138.7	0.0002236003
138.8	0.00017680409999999995
138.9	0.0001455120000000001
139.0	0.00016899439999999992
139.1	0.0001549276
139.2	0.00037530010000000005
139.3	0.0001461985
139.4	0.00018486109999999996
139.5	0.00020384899999999998
139.6	0.0004437332
139.7	0.0004520372
139.8	0.0004611761
139.9	0.00047545139999999997
140.0	0.0005029356
140.1	0.0004411148
140.2	0.00045889689999999996
140.3	0.0004573677
140.4	0.000498602
140.5	0.0004463596999999999
140.6	0.000465741
140.7	0.0004816699
140.8	0.0004930482
140.9	0.0004900515
141.0	0.0004722298
141.1	0.0004815541
141.2	0.0005052226
141.3	0.0005105137999999999
141.4	0.0005338966000000001
141.5	0.0004730648
141.6	0.00044691610000000004
141.7	0.00045974680000000003
141.8	0.00043372190000000007
141.9	0.0005080035
142.0	0.0005111860000000001
142.1	0.0004901753
142.2	0.00044570309999999996
142.3	0.0004658414
142.4	0.0005468283
142.5	0.00047748280000000005
142.6	0.00047338130000000003
142.7	0.0004751266000000001
142.8	0.00046065069999999997
142.9	0.00043560739999999994
143.0	0.0004722298
143.1	0.0004922602999999999
143.2	0.0004981620999999999
143.3	0.00046113780000000003
143.4	0.00043772339999999997
143.5	0.00044233509999999995
143.6	0.00048027179999999994
143.7	0.00044540930000000007
143.8	0.0005216140999999999
143.9	0.0005432592
144.0	0.0005241406
144.1	0.00047715070000000005
144.2	0.0004900745
144.3	0.0004951878000000001
144.4	0.0005235617999999999
144.5	0.0005138508
144.6	0.00045223800000000004
144.7	0.00042069750000000005
144.8	0.0004966399
144.9	0.00043951540000000005
145.0	0.00041101169999999994
145.1	0.0005106217
145.2	0.0005086134999999999
145.3	0.00048035640000000006
145.4	0.0004688159
145.5	0.0004277283
145.6	0.00046018679999999996
145.7	0.00043922220000000003
145.8	0.00046855290000000005
145.9	0.000481152
146.0	0.00045554499999999996
146.1	0.00039076489999999997
146.2	0.0004237412
146.3	0.0004761158
146.4	0.00045345100000000006
146.5	0.00047476339999999993
146.6	0.0004252482
146.7	0.0004326324
146.8	0.0004798934
146.9	0.0004948713
147.0	0.00045799330000000007
147.1	0.00046746380000000005
147.2	0.0004538062
147.3	0.0004998927000000001
147.4	0.00047567540000000003
147.5	0.0004847514
147.6	0.0005328848
147.7	0.0004740917
147.8	0.0004486619
147.9	0.0004735507
148.0	0.0004788812
148.1	0.00047564410000000004
148.2	0.0004767955
148.3	0.00047185910000000007
148.4	0.00047501900000000003
148.5	0.00046765719999999997
148.6	0.00046805899999999994
148.7	0.0004726553
148.8	0.0005050676000000001
148.9	0.0004719515
149.0	0.000494686
149.1	0.0004467387
149.2	0.0005191738
149.3	0.00043545199999999996
149.4	0.0004561701
149.5	0.00044882369999999996
149.6	0.0005135418
149.7	0.00045279449999999997
149.8	0.0004942920999999999
149.9	0.00044971250000000007
150.0	0.00047120260000000003
150.1	0.0004612684
150.2	0.0005434522999999999
150.3	0.0005373343999999999
150.4	0.0004968179
150.5	0.0004618712
150.6	0.00046516969999999995
150.7	0.0004610755
150.8	0.0004755133
150.9	0.00047158859999999993
151.0	0.0004829913
151.1	0.00046383279999999996
151.2	0.0004953193
151.3	0.00046322299999999997
151.4	0.00044871639999999996
151.5	0.0004992587000000001
151.6	0.0005536956
151.7	0.00047621600000000006
151.8	0.0005016996
151.9	0.00043569170000000006
152.0	0.0004857179
152.1	0.00046235000000000004
152.2	0.0005065746000000001
152.3	0.0004613997
152.4	0.0004912866999999999
152.5	0.0004613458
152.6	0.00047392210000000003
152.7	0.0005001243999999999
152.8	0.0004987646
152.9	0.00048144550000000006
153.0	0.0004911937
153.1	0.00044008729999999997
153.2	0.0004955671
153.3	0.00040779820000000003
153.4	0.0004214782
153.5	0.0004166114
153.6	0.0004945082999999999
153.7	0.0005031677
153.8	0.0004639725
153.9	0.000461408
154.0	0.00045732090000000003
154.1	0.00046802799999999994
154.2	0.0004659419000000001
154.3	0.0004569578
154.4	0.00044237400000000004
154.5	0.0004093966
154.6	0.0004358926
154.7	0.0004800628
154.8	0.0005334488
154.9	0.00045745219999999997
155.0	0.0004845976
155.1	0.0004938676
155.2	0.00042975109999999995
155.3	0.0004611142
155.4	0.0005425713
155.5	0.00044835340000000005
155.6	0.0004803025
155.7	0.0005097876
155.8	0.00045128069999999994
155.9	0.00045674130000000003
156.0	0.0005064354
156.1	0.0004758222999999999
156.2	0.0005027745
156.3	0.000459175
156.4	0.00047505739999999995
156.5	0.0004944316
156.6	0.0005036317
156.7	0.0005333556999999999
156.8	0.0004605971
156.9	0.0004982239
157.0	0.00045362850000000004
157.1	0.00045970049999999996
157.2	0.0004691477
157.3	0.0005476235999999999
157.4	0.0004699127
157.5	0.0004788498
157.6	0.0004893638
157.7	0.0004728707
157.8	0.0005281886
157.9	0.0005173968999999999
158.0	0.0005141446
158.1	0.00046486060000000003
158.2	0.00048030210000000003
158.3	0.00042232820000000004
158.4	0.00048350859999999994
158.5	0.0004521763
158.6	0.000486482
158.7	0.000503971
158.8	0.00045338929999999995
158.9	0.0004846133
159.0	0.00045146540000000004
159.1	0.0004499595
159.2	0.00048336090000000004
159.3	0.0004730646
159.4	0.0004342246
159.5	0.0004627521
159.6	0.0004626668
159.7	0.00048777259999999997
159.8	0.0004944315
159.9	0.00048656679999999996
160.0	0.0004537907
160.1	0.0004788968
160.2	0.00048788780000000006
160.3	0.0004753043
160.4	0.00048808889999999995
160.5	0.0005022795000000001
160.6	0.00045182879999999993
160.7	0.00047114110000000004
160.8	0.00046903200000000003
160.9	0.0004793216
161.0	0.0004843967
161.1	0.00046017129999999994
161.2	0.00047331150000000003
161.3	0.00045350540000000007
161.4	0.00042890190000000007
161.5	0.00047266319999999997
161.6	0.0004610752
161.7	0.0004663975000000001
161.8	0.0005228660000000001
161.9	0.00047474879999999994
162.0	0.0004595231
162.1	0.00045100260000000003
162.2	0.0004699281
162.3	0.00045144259999999997
162.4	0.0005361831
162.5	0.0004648756
162.6	0.0004899811
162.7	0.00047379099999999994
162.8	0.00045453310000000005
162.9	0.00045053890000000004
163.0	0.0005311391
163.1	0.0005075555
163.2	0.00045144250000000004
163.3	0.0005070304
163.4	0.0004150051
163.5	0.00044371019999999995
163.6	0.00045210720000000005
163.7	0.0004207371
163.8	0.0004717052
163.9	0.0004364722
164.0	0.0005201081
164.1	0.00046884650000000004
164.2	0.00046123010000000006
164.3	0.0004903603
164.4	0.0005223026
164.5	0.00046006319999999994
164.6	0.0004529333
164.7	0.00046310009999999996
164.8	0.00047126519999999997
164.9	0.0005545298000000001
165.0	0.0004966787
165.1	0.0004912251999999999
165.2	0.0004842496
165.3	0.00047888119999999997
165.4	0.00047402199999999994
165.5	0.0005084587000000001
165.6	0.00047168179999999995
165.7	0.000516377
165.8	0.0004739766
165.9	0.00047881130000000004
166.0	0.0005021783
166.1	0.00048221040000000003
166.2	0.000490916
166.3	0.0005377127
166.4	0.0004949175
166.5	0.00048549339999999996
166.6	0.00046526959999999997
166.7	0.00046001719999999997
166.8	0.00045865000000000006
166.9	0.0004973047999999999
167.0	0.0005149405
167.1	0.0004637094
167.2	0.00047935189999999997
167.3	0.00047136429999999993
167.4	0.0004789969
167.5	0.00048428790000000006
167.6	0.0004985246
167.7	0.0004386889
167.8	0.00046019470000000005
167.9	0.0004760307
168.0	0.0005241171
168.1	0.0004692945
168.2	0.000493303
168.3	0.0005016845
168.4	0.0004450694
168.5	0.0004825274
168.6	0.00046985909999999997
168.7	0.00045201460000000003
168.8	0.0004822961
168.9	0.00048514549999999993
169.0	0.0004904602
169.1	0.00048504569999999994
169.2	0.0005152496
169.3	0.0004773433
169.4	0.0005422394
169.5	0.0005028820000000001
169.6	0.0005320044000000001
169.7	0.0004909086
169.8	0.00048404839999999997
169.9	0.0004775524
170.0	0.0004589119
170.1	0.0004859796
170.2	0.0004976674
170.3	0.00044511599999999996
170.4	0.0004910712000000001
170.5	0.0004895570000000001
170.6	0.0004914957
170.7	0.0004964629999999999
170.8	0.00046518519999999997
170.9	0.0004867907
171.0	0.0004477585
171.1	0.0004901979
171.2	0.0005087534
171.3	0.0004782939
171.4	0.0005078181
171.5	0.0004613228
171.6	0.00041086450000000005
171.7	0.0004640189
171.8	0.0004745242
171.9	0.00047252340000000006
172.0	0.0005136885
172.1	0.0005027123000000001
172.2	0.0004970962999999999
172.3	0.00043352129999999997
172.4	0.00046838319999999996
172.5	0.00047315739999999996
172.6	0.0004983167
172.7	0.00045235399999999997
172.8	0.0004596623
172.9	0.00046421969999999995
173.0	0.00044160900000000003
173.1	0.00047646329999999993
173.2	0.000456016
173.3	0.000477807
173.4	0.00047347380000000003
173.5	0.0004625204
173.6	0.00047674139999999995
173.7	0.0004138003
173.8	0.0004996454000000001
173.9	0.0005047974999999999
174.0	0.0004758911
174.1	0.0004775754
174.2	0.00048631190000000005
174.3	0.0005034071
174.4	0.000485872
174.5	0.000478449
174.6	0.0005049519999999999
174.7	0.0004732964
174.8	0.0004792593
174.9	0.0004460429
175.0	0.00046459040000000005
175.1	0.0004970263000000001
175.2	0.0004655406
175.3	0.0005055011
175.4	0.0005078802
175.5	0.0004705384
175.6	0.0005026275
175.7	0.00045703540000000003
175.8	0.0004366269
175.9	0.0004902209
176.0	0.00047908149999999997
176.1	0.0004380637
176.2	0.0004578697
176.3	0.00046200999999999995
176.4	0.0005024494
176.5	0.00046934099999999996
176.6	0.0004708705
176.7	0.000514469
176.8	0.0004601249
176.9	0.00046404209999999994
177.0	0.0005020551
177.1	0.0004884831999999999
177.2	0.00048168489999999995
177.3	0.0005070843
177.4	0.0004520993
177.5	0.0004963312999999999
177.6	0.0005032917
177.7	0.0004916809000000001
177.8	0.0004874013
177.9	0.00047620770000000005
178.0	0.00045713620000000004
178.1	0.0004549496
178.2	0.000521537
178.3	0.0004637487
178.4	0.0005018079
178.5	0.000458688
178.6	0.00045490349999999995
178.7	0.0005103823000000001
178.8	0.0004856407
178.9	0.0005126766
179.0	0.000477769
179.1	0.0004946702999999999
179.2	0.0004984165
179.3	0.0004769344
179.4	0.00048357059999999994
179.5	0.0004893944999999999
179.6	0.00047822440000000005
179.7	0.000547376
179.8	0.0004723462
179.9	0.0004923529
180.0	0.0004885218000000001
180.1	0.0004864202
180.2	0.00046625100000000005
180.3	0.0005253146
180.4	0.0005139438
180.5	0.0005108158
180.6	0.0004784485
180.7	0.0005046663000000001
180.8	0.0005038553
180.9	0.0004710711
181.0	0.0005059794
181.1	0.0004791516
181.2	0.00046821320000000005
181.3	0.0004662123
181.4	0.0005115876
181.5	0.00046232760000000005
181.6	0.0005484194
181.7	0.0005219851
181.8	0.00047654820000000005
181.9	0.0004922603
182.0	0.00045213030000000007
182.1	0.00047124080000000005
182.2	0.0005078179000000001
182.3	0.0005621771999999999
182.4	0.0004751731
182.5	0.0004769117
182.6	0.0004643203
182.7	0.00047263129999999993
182.8	0.0005134336
182.9	0.0005119898
183.0	0.00045963830000000005
183.1	0.0005342518
183.2	0.0005117421
183.3	0.0004939752999999999
183.4	0.0004835547
183.5	0.0005237465
183.6	0.0005659856000000001
183.7	0.0005044116000000001
183.8	0.00046540120000000007
183.9	0.00048236469999999996
184.0	0.0004993053999999999
184.1	0.0004721527
184.2	0.000518293
184.3	0.0004798541
184.4	0.00046850660000000003
184.5	0.0004879969
184.6	0.0004932953
184.7	0.0004865903
184.8	0.0004896804000000001
184.9	0.0005001316
185.0	0.0005169877
185.1	0.0005356045
185.2	0.0004990118
185.3	0.0005048908000000001
185.4	0.0004694418
185.5	0.0004910938
185.6	0.00047234579999999994
185.7	0.00047787669999999993
185.8	0.00048395619999999997
185.9	0.0004759531
186.0	0.00048312959999999994
186.1	0.0005119968999999999
186.2	0.0005072777
186.3	0.0004965319
186.4	0.0005330629
186.5	0.0004526862
186.6	0.0004916738
186.7	0.0004955049
186.8	0.0005084822999999999
186.9	0.0004558763
187.0	0.0005054773
187.1	0.0004936199
187.2	0.0004939903
187.3	0.0004864434
187.4	0.0005296564
187.5	0.00045865780000000007
187.6	0.00047487899999999994
187.7	0.0004837857
187.8	0.0004848985
187.9	0.0004708091
188.0	0.0004904531999999999
188.1	0.00047514259999999995
188.2	0.0004469933
188.3	0.0005027899000000001
188.4	0.0004925462
188.5	0.0005045271
188.6	0.00048803510000000003
188.7	0.0004912096
188.8	0.00047024439999999995
188.9	0.00048604999999999997
189.0	0.0005558814
189.1	0.0004694646
189.2	0.0004891477
189.3	0.000494261
189.4	0.0005320740999999999
189.5	0.0005109775
189.6	0.00048786549999999993
189.7	0.0004808196
189.8	0.00048761000000000003
189.9	0.0004926621
190.0	0.0004924996
190.1	0.000473265
190.2	0.0005035234
190.3	0.0004624434
190.4	0.0004994209999999999
190.5	0.00046718609999999995
190.6	0.0005005262000000001
190.7	0.00048166250000000006
190.8	0.00046052679999999995
190.9	0.0004926772
191.0	0.0004665598
191.1	0.0004695883
191.2	0.0004954359000000001
191.3	0.00048421099999999996
191.4	0.0005223561
191.5	0.0004897498999999999
191.6	0.0004859105
191.7	0.0004680819
191.8	0.0004660271
191.9	0.00047687259999999997
192.0	0.0004921683
192.1	0.00047231500000000006
192.2	0.0004679196
192.3	0.0004952343999999999
192.4	0.0004899512
192.5	0.0005175126999999999
192.6	0.00046713200000000004
192.7	0.0004497432
192.8	0.00047229239999999994
192.9	0.0005113248
193.0	0.0004833612
193.1	0.00046451329999999994
193.2	0.000452864
193.3	0.00045600060000000007
193.4	0.00047776100000000005
193.5	0.0004915728999999999
193.6	0.00046033379999999995
193.7	0.00044611259999999996
193.8	0.00048552459999999997
193.9	0.0005225182
194.0	0.00046822089999999997
194.1	0.0005375039
194.2	0.0005107848
194.3	0.00048599550000000003
194.4	0.0004768883
194.5	0.0005355729999999999
194.6	0.0004849295
194.7	0.00047708930000000003
194.8	0.00044876959999999995
194.9	0.0005426337000000001
195.0	0.0004743929
195.1	0.00048428060000000006
195.2	0.000494029
195.3	0.0005216611999999999
195.4	0.00048142260000000006
195.5	0.0004819478
195.6	0.0005129164999999999
195.7	0.0004575299
195.8	0.00047235360000000005
195.9	0.00046031880000000004
196.0	0.0004926702
196.1	0.0004968564000000001
196.2	0.0004811829
196.3	0.0004405119000000001
196.4	0.0005208185
196.5	0.000451767
196.6	0.0005251835
196.7	0.0004816852
196.8	0.00047596049999999994
196.9	0.0004664519
197.0	0.00046325409999999995
197.1	0.000490746
197.2	0.0004418642
197.3	0.0004639878
197.4	0.00046812880000000006
197.5	0.0004442738
197.6	0.00045686519999999994
197.7	0.00046187109999999996
197.8	0.0004476734
197.9	0.0004272408
198.0	0.0004418873
198.1	0.00042093759999999996
198.2	0.00043115749999999995
198.3	0.0004149042
198.4	0.0005126767
198.5	0.0004226911
198.6	0.00044025730000000004
198.7	0.0004360396
198.8	0.00042521670000000004
198.9	0.0004450394
199.0	0.0005137351999999999
199.1	0.00041709079999999995
199.2	0.00045477159999999996
199.3	0.0004156621
199.4	0.00042855389999999996
199.5	0.0003942021
199.6	0.00043782390000000003
199.7	0.0004464528
199.8	0.0004586576
199.9	0.0005034458
200.0	0.00047321919999999994
200.1	0.0005001084999999999
200.2	0.0004725236
200.3	0.0005167863
200.4	0.0004922063
200.5	0.00044173300000000003
200.6	0.00046644410000000003
200.7	0.0004860269
200.8	0.00040268380000000004
200.9	0.0004961309
201.0	0.00044772689999999994
201.1	0.0004137613
201.2	0.00047999339999999993
201.3	0.0004657796
201.4	0.0004027302
201.5	0.0004966479
201.6	0.0005085595
201.7	0.00047731220000000004
201.8	0.00046368630000000004
201.9	0.00046947230000000007
202.0	0.00045312699999999995
202.1	0.0005267367999999999
202.2	0.0004997839
202.3	0.0004924614
202.4	0.0004822493
202.5	0.000444143
202.6	0.0004564018
202.7	0.0005105683
202.8	0.0005141682
202.9	0.0004420336
203.0	0.0005046428000000001
203.1	0.00043600060000000007
203.2	0.0004956512999999999
203.3	0.0004986405999999999
203.4	0.0004814537
203.5	0.0005080188000000001
203.6	0.0004934963000000001
203.7	0.00046235750000000005
203.8	0.0005166862
203.9	0.0004614692
204.0	0.0004512493
204.1	0.0004960763
204.2	0.0004641729
204.3	0.0005094639
204.4	0.0005036386
204.5	0.00044720979999999995
204.6	0.0004727709
204.7	0.0004835698
204.8	0.0005217838000000001
204.9	0.0004896963
205.0	0.000474378
205.1	0.00047366719999999995
205.2	0.00043046229999999994
205.3	0.00047877300000000005
205.4	0.0004888997999999999
205.5	0.00046272870000000005
205.6	0.0004307093
205.7	0.00045506520000000006
205.8	0.00043920620000000005
205.9	0.0004228538
206.0	0.00045355190000000004
206.1	0.00044887059999999996
206.2	0.00043366840000000004
206.3	0.0004374143
206.4	0.0004151907
206.5	0.00045175959999999997
206.6	0.0004112118
206.7	0.00043588480000000005
206.8	0.00043567650000000003
206.9	0.0004405892
207.0	0.0004431079
207.1	0.0004708242
207.2	0.0004955667
207.3	0.0004088714
207.4	0.00045376749999999995
207.5	0.00046946440000000003
207.6	0.0004772432
207.7	0.00043784729999999994
207.8	0.0004523002
207.9	0.0004829519999999999
208.0	0.0005129932999999999
208.1	0.0004957289000000001
208.2	0.0004125102
208.3	0.00042445199999999997
208.4	0.0004738753
208.5	0.0004667921
208.6	0.0004998768
208.7	0.0004528176
208.8	0.0004630142
208.9	0.00046625139999999997
209.0	0.0004856098
209.1	0.0004695191
209.2	0.00056967
209.3	0.0004677039
209.4	0.0004723997
209.5	0.000471172
209.6	0.0004938048
209.7	0.0004972736000000001
209.8	0.0004976523
209.9	0.0005168716000000001
210.0	0.00045495749999999993
210.1	0.0004987570000000001
210.2	0.0005024954999999999
210.3	0.000478611
210.4	0.0004681443
210.5	0.0005339358
210.6	0.0005414288000000001
210.7	0.0004508405
210.8	0.0004634316
210.9	0.00048721660000000005
211.0	0.0005083355999999999
211.1	0.0004889547
211.2	0.0005148164
211.3	0.0005046971000000001
211.4	0.0004558611
211.5	0.0004548643
211.6	0.00042355660000000005
211.7	0.0004867988
211.8	0.0004940987999999999
211.9	0.0004816239
212.0	0.0004917196
212.1	0.00047875000000000006
212.2	0.0005191037
212.3	0.0005126384000000001
212.4	0.0005114252999999999
212.5	0.00044683120000000003
212.6	0.0004881125
212.7	0.0005263498999999999
212.8	0.0004955666
212.9	0.0004753437
213.0	0.0005080963000000001
213.1	0.0004956902
213.2	0.0004977221
213.3	0.0005073777000000001
213.4	0.0004763318
213.5	0.0004861809
213.6	0.0004658182
213.7	0.00047966889999999997
213.8	0.0004440111
213.9	0.0004682288
214.0	0.00043998750000000004
214.1	0.0004776834
214.2	0.00047641770000000005
214.3	0.0004842654
214.4	0.0004948876
214.5	0.00045637100000000007
214.6	0.00047012080000000003
214.7	0.00044323860000000003
214.8	0.0004700287
214.9	0.00041685850000000005
215.0	0.000468908
215.1	0.00044958099999999995
215.2	0.0004469315
215.3	0.0004990271
215.4	0.0004927709000000001
215.5	0.00045535139999999997
215.6	0.0004318302
215.7	0.0004598247
215.8	0.00044121479999999994
215.9	0.00044254360000000004
216.0	0.0004703373
216.1	0.0004450466
216.2	0.00045924529999999994
216.3	0.0004881593
216.4	0.0004407514
216.5	0.0005060338
216.6	0.00045128830000000004
216.7	0.00045068580000000004
216.8	0.0004608752
216.9	0.0005140207
217.0	0.00046351650000000003
217.1	0.0005171186
217.2	0.00047675679999999995
217.3	0.00047829359999999996
217.4	0.0005340206000000001
217.5	0.0005244109
217.6	0.00047631649999999997
217.7	0.0004909935
217.8	0.000478448
217.9	0.000480982
218.0	0.00048505320000000006
218.1	0.0005149864
218.2	0.0005088145
218.3	0.00047280220000000005
218.4	0.00045126519999999997
218.5	0.00046624350000000004
218.6	0.0004909237999999999
218.7	0.0004943691
218.8	0.0005056006
218.9	0.0005282656
219.0	0.00048683719999999996
219.1	0.0005002403
219.2	0.0005069531999999999
219.3	0.0004833691
219.4	0.0004999002
219.5	0.0005100812
219.6	0.0004915341000000001
219.7	0.00047814699999999995
219.8	0.00048016359999999996
219.9	0.00045046169999999995
220.0	0.00046858420000000004
220.1	0.0004898652
220.2	0.0004899584999999999
220.3	0.0004906382999999999
220.4	0.0004930179
220.5	0.0004597851
220.6	0.0004666065
220.7	0.0005147857
220.8	0.0004932723
220.9	0.00044559570000000004
221.0	0.00044011040000000004
221.1	0.0005016846000000001
221.2	0.00047762200000000003
221.3	0.00047379040000000006
221.4	0.0005172422
221.5	0.00048820469999999997
221.6	0.0005041485
221.7	0.0004594687
221.8	0.0004939053999999999
221.9	0.00042704790000000004
222.0	0.0005064351
222.1	0.00048234240000000005
222.2	0.00046708549999999996
222.3	0.0004143247
222.4	0.00047273210000000005
222.5	0.0004738443
222.6	0.0004541154
222.7	0.00043909099999999996
222.8	0.00045326559999999994
222.9	0.00043202249999999996
223.0	0.00043036969999999997
223.1	0.0004289943
223.2	0.000437337
223.3	0.00045349769999999994
223.4	0.00043113429999999995
223.5	0.0004311191
223.6	0.0004295967
223.7	0.00042295349999999995
223.8	0.00044755730000000006
223.9	0.0004905069999999999
224.0	0.0005342219
224.1	0.0004374995
224.2	0.000480805
224.3	0.0004537523
224.4	0.00047044580000000006
224.5	0.00047299449999999997
224.6	0.0004925000999999999
224.7	0.0004665211
224.8	0.0004376933
224.9	0.0004581245
225.0	0.000444676
225.1	0.0004757984
225.2	0.0004756526
225.3	0.0005035697
225.4	0.00044480720000000004
225.5	0.00042900969999999997
225.6	0.00047972259999999996
225.7	0.00047793900000000003
225.8	0.00044937989999999995
225.9	0.00047848680000000003
226.0	0.00048724689999999997
226.1	0.00046091290000000004
226.2	0.0004493958
226.3	0.00045529729999999995
226.4	0.00043634839999999995
226.5	0.0004686301
226.6	0.0004793141
226.7	0.000479523
226.8	0.0004468694
226.9	0.0004441885
227.0	0.0004770273
227.1	0.00047315699999999993
227.2	0.00048555549999999994
227.3	0.0005116807000000001
227.4	0.000463988
227.5	0.00045972369999999996
227.6	0.0005276632
227.7	0.000483369
227.8	0.0005079652
227.9	0.0005061878
228.0	0.0004794448
228.1	0.0004553744
228.2	0.0005080341999999999
228.3	0.0004916111999999999
228.4	0.00043785429999999994
228.5	0.0005026035
228.6	0.0004954196
228.7	0.00045432359999999995
228.8	0.0004650149
228.9	0.0004898349
229.0	0.0004525163000000001
229.1	0.0005000623
229.2	0.00045757600000000007
229.3	0.0004426983
229.4	0.0004306169
229.5	0.00046203319999999995
229.6	0.0004971346
229.7	0.00045299519999999994
229.8	0.00048625830000000004
229.9	0.0004589897
230.0	0.0004525788
230.1	0.0004387663
230.2	0.0004633697
230.3	0.0004687692
230.4	0.00048221820000000004
230.5	0.00045976209999999993
230.6	0.0004103164
230.7	0.0004531809
230.8	0.0004657883
230.9	0.00045751430000000006
231.0	0.0005380059
231.1	0.0004476111
231.2	0.0004223516
231.3	0.0004207059
231.4	0.00046697739999999996
231.5	0.00042457599999999997
231.6	0.0005211740999999999
231.7	0.00047306439999999996
231.8	0.00047116439999999996
231.9	0.00046520770000000006
232.0	0.00043488059999999994
232.1	0.00044269029999999997
232.2	0.0004672169
232.3	0.0004527635
232.4	0.0004812911
232.5	0.00043969329999999995
232.6	0.0004242049
232.7	0.00045191400000000004
232.8	0.00047083160000000005
232.9	0.0004938287
233.0	0.00042185710000000007
233.1	0.00042643810000000005
233.2	0.0004507704
233.3	0.00045695790000000006
233.4	0.00044962740000000005
233.5	0.0005054464
233.6	0.0005058408000000001
233.7	0.0004563871
233.8	0.00045750639999999997
233.9	0.00048669819999999994
234.0	0.00047577519999999996
234.1	0.0004875719
234.2	0.0004910706999999999
234.3	0.0005046047
234.4	0.0004245379
234.5	0.0004920133
234.6	0.00044059730000000003
234.7	0.0004751114
234.8	0.0005564527
234.9	0.000451906
235.0	0.0004319916
235.1	0.0004483529
235.2	0.0004903134
235.3	0.00048290539999999997
235.4	0.0004251088
235.5	0.000470809
235.6	0.0004794992999999999
235.7	0.000462791
235.8	0.0004543936
235.9	0.0004524934
236.0	0.00045557560000000004
236.1	0.0005349084
236.2	0.00047208320000000005
236.3	0.00041993319999999995
236.4	0.0005250604000000001
236.5	0.00046239710000000006
236.6	0.00044225019999999995
236.7	0.00045055480000000004
236.8	0.00043753810000000005
236.9	0.0004362169
237.0	0.00048629660000000004
237.1	0.0004565332
237.2	0.0005100497000000001
237.3	0.00047142719999999997
237.4	0.00048739350000000004
237.5	0.0004572747
237.6	0.0004458652
237.7	0.00043946940000000003
237.8	0.00044909409999999996
237.9	0.0004456181
238.0	0.0004491329
238.1	0.0005073465
238.2	0.0004268623
238.3	0.0004661813
238.4	0.0004831917
238.5	0.0004687157
238.6	0.0004430384
238.7	0.0004528406
238.8	0.0004487236
238.9	0.0004667996
239.0	0.00046938699999999993
239.1	0.0004830758
239.2	0.0005266127999999999
239.3	0.0004971813999999999
239.4	0.0004783792
239.5	0.000433297
239.6	0.00046789639999999995
239.7	0.0004596152
239.8	0.00045953840000000003
239.9	0.0004354676
240.0	0.0004811443
240.1	0.00042828390000000004
240.2	0.00045885029999999995
240.3	0.0004811056
240.4	0.0004571666
240.5	0.00047159700000000003
240.6	0.0005108229
240.7	0.00047155020000000006
240.8	0.0005008193999999999
240.9	0.00043630979999999996
241.0	0.0004465068
241.1	0.00040619839999999995
241.2	0.00044967399999999995
241.3	0.0005183701
241.4	0.000441246
241.5	0.0004801712
241.6	0.00044852209999999995
241.7	0.000490901
241.8	0.00044214959999999996
241.9	0.0005115263
242.0	0.0004974213
242.1	0.00042318499999999997
242.2	0.0004751887
242.3	0.0004431999
242.4	0.0004313508
242.5	0.00047786890000000004
242.6	0.0004646981
242.7	0.00046787320000000007
242.8	0.0004669856
242.9	0.00045284180000000005
243.0	0.000452771
243.1	0.0003925414
243.2	0.0004706701
243.3	0.00048435759999999997
243.4	0.00046651380000000005
243.5	0.0004418099
243.6	0.00048040299999999996
243.7	0.00046139240000000006
243.8	0.0004909934
243.9	0.0004572982
244.0	0.0004423972
244.1	0.00047213699999999997
244.2	0.0004865902
244.3	0.00045104149999999996
244.4	0.00040281539999999997
244.5	0.0004910935999999999
244.6	0.0005092543999999999
244.7	0.0004626667
244.8	0.0004550116
244.9	0.00045515050000000004
245.0	0.0004347111
245.1	0.00040374240000000004
245.2	0.0005097575
245.3	0.000449357
245.4	0.0004275191
245.5	0.0004006985
245.6	0.00045367499999999996
245.7	0.0004431925
245.8	0.00044418180000000004
245.9	0.00043771570000000006
246.0	0.00047464059999999996
246.1	0.0004435712
246.2	0.000415762
246.3	0.0004399714
246.4	0.0004534977
246.5	0.0004694027
246.6	0.00047722850000000007
246.7	0.0004226598
246.8	0.00045339759999999996
246.9	0.0004407205
247.0	0.0005451671
247.1	0.00046520039999999995
247.2	0.00040709439999999996
247.3	0.00044839220000000005
247.4	0.00047449359999999997
247.5	0.0004402955
247.6	0.00044283720000000003
247.7	0.00048166910000000003
247.8	0.00048802730000000003
247.9	0.0004971732999999999
248.0	0.00044357060000000005
248.1	0.0004490092
248.2	0.00048016300000000003
248.3	0.00048792649999999997
248.4	0.00046576410000000006
248.5	0.00045878179999999996
248.6	0.00044359410000000004
248.7	0.00047393729999999995
248.8	0.0004930723
248.9	0.00042806709999999995
249.0	0.0004609209
249.1	0.00043369109999999997
249.2	0.000467742
249.3	0.00045448619999999994
249.4	0.0004618408
249.5	0.0004322465
249.6	0.000444491
249.7	0.0005342682
249.8	0.0004458883
249.9	0.0004926853
250.0	0.00044039670000000004
250.1	0.00042167189999999996
250.2	0.0004338378
250.3	0.0004625279
250.4	0.0004730953
250.5	0.00043430150000000006
250.6	0.00043252519999999997
250.7	0.0004896494
250.8	0.0004423043
250.9	0.0004836009
251.0	0.0004723074
251.1	0.000487772
251.2	0.0004818474
251.3	0.00045485729999999997
251.4	0.0004186895
251.5	0.0004210457
251.6	0.00044812890000000004
251.7	0.0004796226
251.8	0.00041852009999999995
251.9	0.0005025728
252.0	0.00046504630000000004
252.1	0.0004479442
252.2	0.0005492228999999999
252.3	0.0004702368
252.4	0.0004837248
252.5	0.00045752959999999996
252.6	0.00045204500000000004
252.7	0.0004411841
252.8	0.0004611066
252.9	0.00041965559999999994
253.0	0.00044986660000000003
253.1	0.00042110739999999997
253.2	0.00047484850000000005
253.3	0.0004949715
253.4	0.0004563092
253.5	0.0005044964
253.6	0.00048329229999999996
253.7	0.0004565415
253.8	0.00043450240000000005
253.9	0.0004652391
254.0	0.00040808350000000006
254.1	0.00046293690000000004
254.2	0.0005400532
254.3	0.00044344
254.4	0.0005007574
254.5	0.00043053169999999997
254.6	0.0004157473
254.7	0.00042476110000000004
254.8	0.0005356352999999999
254.9	0.0004646056
255.0	0.0004901438
255.1	0.00044883179999999996
255.2	0.00046869189999999996
255.3	0.0004601176
255.4	0.0005324289
255.5	0.0004827667999999999
255.6	0.0005486436
255.7	0.0004539228
255.8	0.0005064667
255.9	0.00047579090000000006
256.0	0.0004950258
256.1	0.00048778070000000007
256.2	0.0004848135
256.3	0.0004334283
256.4	0.00043987879999999994
256.5	0.00045963069999999996
256.6	0.0004552818
256.7	0.0005059407000000001
256.8	0.0004923451
256.9	0.0004653168
257.0	0.0004979612
257.1	0.0004888456000000001
257.2	0.00043559150000000005
257.3	0.0004916345
257.4	0.0005112476
257.5	0.0005068519999999999
257.6	0.00046133059999999996
257.7	0.00048235680000000003
257.8	0.0005013366
257.9	0.0005043808
258.0	0.0004561779
258.1	0.0004371831
258.2	0.00048233369999999996
258.3	0.00047620830000000004
258.4	0.0004717054
258.5	0.0005009045999999999
258.6	0.0005287836
258.7	0.0004813613
258.8	0.0004980614000000001
258.9	0.0004935197
259.0	0.000495018
259.1	0.0004898655000000001
259.2	0.0005072078
259.3	0.0005323593
259.4	0.00047216790000000004
259.5	0.00043644189999999996
259.6	0.0004890935000000001
259.7	0.00047222270000000003
259.8	0.0004930715
259.9	0.0005209891000000001
260.0	0.0004712025
260.1	0.00046669939999999997
260.2	0.00045698140000000005
260.3	0.0004651933
260.4	0.0005287061
260.5	0.0005034459
260.6	0.00047002029999999997
260.7	0.0005113100999999999
260.8	0.0005368478000000001
260.9	0.00046933300000000005
261.0	0.0005046044
261.1	0.0004341777
261.2	0.0005520569999999999
261.3	0.00045407659999999997
261.4	0.00046077380000000004
261.5	0.0004908542000000001
261.6	0.00047123390000000003
261.7	0.0004805651
261.8	0.0004690396
261.9	0.0004890159000000001
262.0	0.0004739222
262.1	0.0005443173
262.2	0.0005437843
262.3	0.0004598783
262.4	0.00047189069999999995
262.5	0.0005176516
262.6	0.0004611918
262.7	0.00046762560000000004
262.8	0.0004648533
262.9	0.00047884210000000003
263.0	0.0004553363
263.1	0.0005116105
263.2	0.000477012
263.3	0.0005082120000000001
263.4	0.0004600092
263.5	0.00047450119999999996
263.6	0.00047887360000000004
263.7	0.0004933651
263.8	0.0005376433000000001
263.9	0.0004760153
264.0	0.0005276858
264.1	0.00048488299999999997
264.2	0.0004997145
264.3	0.0004555755
264.4	0.0004944847
264.5	0.0004659498
264.6	0.0004544481
264.7	0.0005313009
264.8	0.00048640490000000005
264.9	0.0004905148000000001
265.0	0.00046394160000000004
265.1	0.0005093169
265.2	0.00046594979999999995
265.3	0.00048170830000000006
265.4	0.0004846511
265.5	0.00041668890000000006
265.6	0.00045252419999999995
265.7	0.0004235565
265.8	0.00044600430000000006
265.9	0.00040500939999999993
266.0	0.00045008280000000003
266.1	0.0005175666000000001
266.2	0.0004949100999999999
266.3	0.0005218537000000001
266.4	0.0005504896
266.5	0.00047363630000000004
266.6	0.00048414990000000005
266.7	0.00048090510000000004
266.8	0.000510398
266.9	0.00047895789999999994
267.0	0.0005237384
267.1	0.0005556729
267.2	0.0004911169000000001
267.3	0.0005032609
267.4	0.0004743162
267.5	0.00046606520000000006
267.6	0.0005139439999999999
267.7	0.0004796457
267.8	0.0004989193
267.9	0.0004884053
268.0	0.000484497
268.1	0.000471658
268.2	0.0004992205
268.3	0.0004850377
268.4	0.0005275009000000001
268.5	0.0004968334
268.6	0.00047953
268.7	0.0004916656000000001
268.8	0.00048129879999999996
268.9	0.00047902000000000003
269.0	0.000430609
269.1	0.00041512849999999997
269.2	0.00045539809999999996
269.3	0.00047684969999999997
269.4	0.00047387549999999997
269.5	0.0004690784
269.6	0.0005344535
269.7	0.0005069681
269.8	0.00048669109999999996
269.9	0.0005010430999999999
270.0	0.0005013062
270.1	0.0004892555
270.2	0.0005151099999999999
270.3	0.0005165005
270.4	0.0005316951
270.5	0.0004722071
270.6	0.0004845969
270.7	0.0005268825
270.8	0.000511225
270.9	0.0005232051
271.0	0.0005325292
271.1	0.00048222590000000006
271.2	0.0005157823000000001
271.3	0.0005272539
271.4	0.0004898503000000001
271.5	0.0005264271
271.6	0.0004645977
271.7	0.0004887146000000001
271.8	0.0004936121000000001
271.9	0.0004959456
272.0	0.0005271067999999999
272.1	0.0005829646
272.2	0.0005228279999999999
272.3	0.0005143376
272.4	0.0005317493000000001
272.5	0.0004878265
272.6	0.0005304901
272.7	0.0004987031999999999
272.8	0.0005190658
272.9	0.000510614
273.0	0.0005037931
273.1	0.0004963702000000001
273.2	0.000437391
273.3	0.00045991710000000004
273.4	0.00048482920000000006
273.5	0.00049053
273.6	0.00043939190000000006
273.7	0.00044430509999999996
273.8	0.00044530110000000003
273.9	0.0004232937
274.0	0.0005108926
274.1	0.000500626
274.2	0.0005121513
274.3	0.0005080961
274.4	0.0004688467
274.5	0.0004733346
274.6	0.0005060876999999999
274.7	0.0005244728
274.8	0.0005261722000000001
274.9	0.0004832996
275.0	0.0004846745
275.1	0.000490229
275.2	0.00047579880000000004
275.3	0.0005103133
275.4	0.0005173272
275.5	0.0005156196
275.6	0.0005080729
275.7	0.0005184159
275.8	0.000531502
275.9	0.0004919051
276.0	0.0004898267999999999
276.1	0.0005051761
276.2	0.0005062578
276.3	0.0005261874
276.4	0.00046609669999999996
276.5	0.000519513
276.6	0.0004935428999999999
276.7	0.00044896279999999996
276.8	0.0004868684
276.9	0.0004540608999999999
277.0	0.00045936809999999996
277.1	0.00047095590000000004
277.2	0.0005202237
277.3	0.0005089768
277.4	0.0004856401
277.5	0.00047094009999999997
277.6	0.0004688236
277.7	0.00046615830000000004
277.8	0.0005029048
277.9	0.0005191429999999999
278.0	0.0004845512
278.1	0.0005055935
278.2	0.0004762622
278.3	0.0004656563
278.4	0.0005404473
278.5	0.00048744019999999997
278.6	0.0005191271
278.7	0.0005169638999999999
278.8	0.0004949791
278.9	0.000486127
279.0	0.0004938443
279.1	0.0005097804
279.2	0.0005590647
279.3	0.0005287134
279.4	0.0005021864000000001
279.5	0.0005026267
279.6	0.0004918737999999999
279.7	0.0005011823999999999
279.8	0.0005250899
279.9	0.000517165
280.0	0.0004956824
280.1	0.0005198380999999999
280.2	0.0005038549000000001
280.3	0.0005102355000000001
280.4	0.0005141364
280.5	0.0005065976999999999
280.6	0.0005187874999999999
280.7	0.0005117114999999999
280.8	0.0004885760000000001
280.9	0.0004947475
281.0	0.0004965546
281.1	0.0005695627
281.2	0.00046598839999999994
281.3	0.0005221008
281.4	0.0005087989999999999
281.5	0.0005014454
281.6	0.0005203166
281.7	0.0005103593
281.8	0.0005121976
281.9	0.0004736051000000001
282.0	0.0005101512
282.1	0.00046858380000000007
282.2	0.0004939451
282.3	0.0005217764
282.4	0.0005401149
282.5	0.0005226107
282.6	0.0005294243
282.7	0.0005034074
282.8	0.0004756518
282.9	0.0005170957
283.0	0.0005103902
283.1	0.00047711220000000004
283.2	0.0005056396
283.3	0.0005102898
283.4	0.000485771
283.5	0.0005525132
283.6	0.0005155967
283.7	0.0004933959999999999
283.8	0.000520695
283.9	0.0004888694
284.0	0.0004303701
284.1	0.0005032139000000001
284.2	0.0005115491000000001
284.3	0.0005221938
284.4	0.0005156201000000001
284.5	0.00044021820000000005
284.6	0.00046147740000000004
284.7	0.00044200270000000006
284.8	0.0004993284
284.9	0.0005018473
285.0	0.0004703841
285.1	0.0004904452999999999
285.2	0.0005003016000000001
285.3	0.0005037854
285.4	0.0005026579
285.5	0.0005072308000000001
285.6	0.000548752
285.7	0.0005375974
285.8	0.0004691401
285.9	0.0005196063
286.0	0.0005144072
286.1	0.0004978299000000001
286.2	0.0005221401
286.3	0.0005259787
286.4	0.0004947012
286.5	0.0004911872
286.6	0.0004955744
286.7	0.0004914879000000001
286.8	0.0005496632
286.9	0.0005344759
287.0	0.00047792329999999994
287.1	0.0004949331
287.2	0.0005058094
287.3	0.0005048437000000001
287.4	0.0005269449
287.5	0.0005475701999999999
287.6	0.00047966869999999996
287.7	0.0005398524
287.8	0.0004580473
287.9	0.0005001934
288.0	0.0005149166
288.1	0.0005305748
288.2	0.0004974051
288.3	0.0004868994
288.4	0.0005536024
288.5	0.0004750419
288.6	0.0005150249000000001
288.7	0.0005031750999999999
288.8	0.0005310696000000001
288.9	0.000509695
289.0	0.0005113565
289.1	0.0005189569
289.2	0.0005119891000000001
289.3	0.00048381669999999994
289.4	0.0005371409000000001
289.5	0.0005603151000000001
289.6	0.0005282736999999999
289.7	0.0005220156999999999
289.8	0.0005299496
289.9	0.0005136739000000001
290.0	0.0005298884
290.1	0.0005549694999999999
290.2	0.0004967405
290.3	0.0005619846
290.4	0.000516145
290.5	0.0005165706
290.6	0.0005178065
290.7	0.0005500877
290.8	0.0005078415
290.9	0.0005168408
291.0	0.00047378300000000003
291.1	0.0005243106
291.2	0.0005515945
291.3	0.0005067055
291.4	0.0005214678999999999
291.5	0.0004986796
291.6	0.0005157356999999999
291.7	0.0005163462000000001
291.8	0.0005495091
291.9	0.0005363453
292.0	0.000597139
292.1	0.000479885
292.2	0.0004657102
292.3	0.0005028744
292.4	0.0004971890999999999
292.5	0.0004947088
292.6	0.000532244
292.7	0.000550706
292.8	0.0005040404
292.9	0.0005369251
293.0	0.000523669
293.1	0.0005791946999999999
293.2	0.0005189885
293.3	0.0004955353
293.4	0.0005192668
293.5	0.0005442172999999999
293.6	0.0004989581
293.7	0.0005499874
293.8	0.0005349631000000001
293.9	0.0005191500999999999
294.0	0.0005284352999999999
294.1	0.0004829061
294.2	0.00048649019999999997
294.3	0.0005234924999999999
294.4	0.0005346387000000001
294.5	0.0005211898
294.6	0.0005499416
294.7	0.0005527448
294.8	0.0005442711000000001
294.9	0.0005139745999999999
295.0	0.0005038553
295.1	0.0005291307000000001
295.2	0.0005027274
295.3	0.0005138743
295.4	0.0005580905
295.5	0.0005196677
295.6	0.00048507650000000004
295.7	0.0005048903
295.8	0.000502573
295.9	0.0005074242999999999
296.0	0.0005426955000000001
296.1	0.0005646642
296.2	0.0005007189
296.3	0.0005099886
296.4	0.0005150017
296.5	0.000505802
296.6	0.0005116574
296.7	0.0005491845
296.8	0.0005184164
296.9	0.000512546
297.0	0.0005193973
297.1	0.0005146151
297.2	0.00047857289999999995
297.3	0.0004888926999999999
297.4	0.0005053306
297.5	0.0005420003
297.6	0.0005375508
297.7	0.0005267358
297.8	0.0005019702
297.9	0.0005121358
298.0	0.0005770475
298.1	0.0005394511
298.2	0.0005312006999999999
298.3	0.0005115336
298.4	0.0004954193000000001
298.5	0.0004906149
298.6	0.0005140983
298.7	0.0005335576
298.8	0.0005213826999999999
298.9	0.0005017385
299.0	0.0005388259
299.1	0.0004833844
299.2	0.0005328461
299.3	0.0005197833999999999
299.4	0.0005047669999999999
299.5	0.0005165003
299.6	0.0005521195000000001
299.7	0.0005582914
299.8	0.0005068137000000001
299.9	0.00047888920000000004
300.0	0.0004884443
300.1	0.0005215764000000001
300.2	0.0005017232
300.3	0.000518625
300.4	0.0004923219000000001
300.5	0.0005149169999999999
300.6	0.0005115873
300.7	0.000491674
300.8	0.0005052687
300.9	0.000528999
301.0	0.000522773
301.1	0.0005160916
301.2	0.0005106221999999999
301.3	0.0004954124000000001
301.4	0.0004959527
301.5	0.0005271839
301.6	0.0005172811
301.7	0.0005292234
301.8	0.0005630806000000001
301.9	0.0005367165
302.0	0.0004901287000000001
302.1	0.0005604469
302.2	0.0005429656000000001
302.3	0.0005570716
302.4	0.0005358972999999999
302.5	0.000512276
302.6	0.0005217075
302.7	0.0005239933
302.8	0.0005009506
302.9	0.0005159908999999999
303.0	0.0005170953000000001
303.1	0.0004982856
303.2	0.0005121821
303.3	0.0004957593
303.4	0.0005106377
303.5	0.0005493928
303.6	0.0004854777
303.7	0.0005425094
303.8	0.0005082273000000001
303.9	0.0005216452000000001
304.0	0.0005326534
304.1	0.0005663259
304.2	0.0004930023
304.3	0.0005290686
304.4	0.0005056087000000001
304.5	0.0005003246999999999
304.6	0.0005052843
304.7	0.000507478
304.8	0.0005088609
304.9	0.0005073394
305.0	0.0005095792000000001
305.1	0.000499699
305.2	0.0005376970000000001
305.3	0.0004958916
305.4	0.0005132559000000001
305.5	0.0005185786
305.6	0.0005156275
305.7	0.0004962306
305.8	0.0005381527
305.9	0.0005345689999999999
306.0	0.0005700947000000001
306.1	0.0005528373
306.2	0.0005305056
306.3	0.0004948017
306.4	0.0005164701
306.5	0.0005087065
306.6	0.0005309615999999999
306.7	0.0005290917999999999
306.8	0.0005037933999999999
306.9	0.0005466816
307.0	0.0005675847
307.1	0.0005388869
307.2	0.0005182695
307.3	0.0005132949
307.4	0.0005135655000000001
307.5	0.0005038472
307.6	0.000493867
307.7	0.0005345377
307.8	0.0004767798
307.9	0.0005510542
308.0	0.0005064894999999999
308.1	0.0005374196
308.2	0.0005546069000000001
308.3	0.0005219153
308.4	0.0005447188999999999
308.5	0.0005188413
308.6	0.0005254153
308.7	0.0005161994
308.8	0.0005197451000000001
308.9	0.0005110089
309.0	0.0005585464
309.1	0.0004909082
309.2	0.0005310467000000001
309.3	0.0005495318000000001
309.4	0.0004971732
309.5	0.0005227882999999999
309.6	0.0004991814
309.7	0.0005159372
309.8	0.000501762
309.9	0.0005365693000000001
310.0	0.0005172962999999999
310.1	0.0004972431999999999
310.2	0.00048396370000000004
310.3	0.0005212899
310.4	0.000540054
310.5	0.0004999236
310.6	0.0005217609
310.7	0.0005038097
310.8	0.0005354568
310.9	0.0004995222
311.0	0.0005158595
311.1	0.0005016698
311.2	0.0005339279
311.3	0.0005922651
311.4	0.0005012515
311.5	0.0005201540999999999
311.6	0.0005522742
311.7	0.0005026035000000001
311.8	0.00046899380000000007
311.9	0.0005323982
312.0	0.000529339
312.1	0.0005071844
312.2	0.0005182852
312.3	0.0004996149
312.4	0.0005188872000000001
312.5	0.0005612813
312.6	0.0005083896
312.7	0.0005330086
312.8	0.0005220629999999999
312.9	0.0005150250999999999
313.0	0.0005488593
313.1	0.000531973
313.2	0.0005476316
313.3	0.000491341
313.4	0.0004942766
313.5	0.0005461559000000001
313.6	0.0005205715999999999
313.7	0.0005572254000000001
313.8	0.0005300578000000001
313.9	0.0005063887
314.0	0.0005116414000000001
314.1	0.0005152572
314.2	0.00046758000000000005
314.3	0.0005085598999999999
314.4	0.0005284433
314.5	0.0004911634999999999
314.6	0.0005190269
314.7	0.0005003249
314.8	0.0005294324
314.9	0.0005167173
315.0	0.0005280876
315.1	0.0005294237
315.2	0.0005264114
315.3	0.0005283115
315.4	0.0004883124
315.5	0.0005204944
315.6	0.0005150717
315.7	0.0005306293999999999
315.8	0.0005205252
315.9	0.0005406251
316.0	0.0005027191
316.1	0.0005168715000000001
316.2	0.0005293005999999999
316.3	0.0005452754
316.4	0.0005079187999999999
316.5	0.0005165313
316.6	0.0005362679000000001
316.7	0.0005093477
316.8	0.000500117
316.9	0.000513457
317.0	0.000506914
317.1	0.0005310152
317.2	0.0004901438999999999
317.3	0.0004954584
317.4	0.0005362066
317.5	0.0005199996
317.6	0.0005175045
317.7	0.000509742
317.8	0.0005314943
317.9	0.0005267431000000001
318.0	0.0005215144
318.1	0.0004954349
318.2	0.0005163311000000001
318.3	0.0005215906
318.4	0.000514871
318.5	0.0004614308
318.6	0.0004162956
318.7	0.0005023567
318.8	0.0004932643
318.9	0.00047766810000000003
319.0	0.00044200330000000005
319.1	0.00042392680000000004
319.2	0.00046529340000000006
319.3	0.00038184250000000003
319.4	0.0004255572
319.5	0.0004880892
319.6	0.0005280492
319.7	0.0004526254
319.8	0.00045320399999999997
319.9	0.0004944464000000001
320.0	0.0004289479
320.1	0.0004927473000000001
320.2	0.0004698895
320.3	0.0005025569
320.4	0.0004868996
320.5	0.00047983939999999994
320.6	0.00046662969999999995
320.7	0.0005207722
320.8	0.0005088530000000001
320.9	0.0005092478000000001
321.0	0.000467217
321.1	0.0004861273
321.2	0.0005043803999999999
321.3	0.0005083746
321.4	0.0005530695
321.5	0.0004650454
321.6	0.00048262800000000003
321.7	0.0005069453000000001
321.8	0.0005101517
321.9	0.0005018706000000001
322.0	0.0005236537
322.1	0.0004713418
322.2	0.0004533281
322.3	0.0004510103
322.4	0.0004937276
322.5	0.0004735898
322.6	0.0005059252
322.7	0.00048609590000000006
322.8	0.0004920209
322.9	0.0005041952000000001
323.0	0.00047495739999999995
323.1	0.0004998235999999999
323.2	0.0004936584
323.3	0.000514168
323.4	0.00047824010000000004
323.5	0.0004717663
323.6	0.0004526633
323.7	0.0004983861
323.8	0.0004693874
323.9	0.0005002864000000001
324.0	0.0004793913
324.1	0.00046154620000000003
324.2	0.00047859550000000007
324.3	0.0005089764999999999
324.4	0.0005376974
324.5	0.0004954662
324.6	0.0004973590000000001
324.7	0.0004738827
324.8	0.0005053847
324.9	0.0004743472
325.0	0.0005511540999999999
325.1	0.0005386556000000001
325.2	0.0004879733
325.3	0.0004992048000000001
325.4	0.0004756672
325.5	0.00046306849999999997
325.6	0.0004507016
325.7	0.00048744009999999993
325.8	0.0005104212
325.9	0.0005191352
326.0	0.00046739420000000006
326.1	0.00047345030000000004
326.2	0.0005315483000000001
326.3	0.000480217
326.4	0.0004386043
326.5	0.00037169999999999993
326.6	0.0003900084
326.7	0.00036852509999999995
326.8	0.00031864609999999994
326.9	0.00029016579999999995
327.0	0.00020435060000000005
327.1	0.00017837989999999998
327.2	0.00019095630000000004
327.3	0.00021644039999999995
327.4	0.0001631394
327.5	0.0001611624
327.6	0.00023114010000000005
327.7	0.00034783009999999996
327.8	0.0004508323
327.9	0.0004472487
328.0	0.00042263699999999996
328.1	0.0004754896
328.2	0.0004918507000000001
328.3	0.0004977452
328.4	0.0005081112
328.5	0.0004452782
328.6	0.0004619795
328.7	0.0004702061
328.8	0.00046912479999999996
328.9	0.0004931337
329.0	0.0004801862
329.1	0.0005011513
329.2	0.00047131819999999994
329.3	0.0004900823000000001
329.4	0.00047220670000000005
329.5	0.0004990883999999999
329.6	0.0005037783
329.7	0.000489317
329.8	0.0004972967
329.9	0.0005001092
330.0	0.0005489144000000001
330.1	0.000471936
330.2	0.0005008427000000001
330.3	0.0005351477
330.4	0.0005415677
330.5	0.00046706920000000004
330.6	0.0005001939
330.7	0.0004574214
330.8	0.0005307915
330.9	0.0005661092
331.0	0.0004804957
331.1	0.000506945
331.2	0.0004984861000000001
331.3	0.0005066977
331.4	0.00047506499999999994
331.5	0.0004821871
331.6	0.0005015148
331.7	0.0004933347
331.8	0.00047700429999999994
331.9	0.0004736595
332.0	0.0004699362
332.1	0.0004866369
332.2	0.0005460407
332.3	0.00047066230000000005
332.4	0.0004798622
332.5	0.0004881809
332.6	0.00047902789999999996
332.7	0.0004894794
332.8	0.00047466329999999995
332.9	0.0005188021999999999
333.0	0.0005612577
333.1	0.00046424289999999995
333.2	0.0004834001
333.3	0.00048578699999999995
333.4	0.0004903600999999999
333.5	0.0005184317
333.6	0.0005331324
333.7	0.0005118964999999999
333.8	0.0005346227
333.9	0.0004862736
334.0	0.00044979760000000003
334.1	0.00046336140000000005
334.2	0.0004681283
334.3	0.0004112277
334.4	0.00038341099999999995
334.5	0.0003293686
334.6	0.00035950230000000004
334.7	0.00032969330000000004
334.8	0.0003385765
334.9	0.00037411
335.0	0.00048499130000000004
335.1	0.0004774058
335.2	0.0004781318000000001
335.3	0.0005119664
335.4	0.0004794684
335.5	0.0005154964
335.6	0.00048595690000000004
335.7	0.0004969725
335.8	0.0005075477
335.9	0.0004744858
336.0	0.0004957361999999999
336.1	0.0004792055
336.2	0.0004979379
336.3	0.0004907
336.4	0.0004729949
336.5	0.00047716630000000005
336.6	0.0005052376
336.7	0.00045603079999999996
336.8	0.0005210197
336.9	0.0004953583
337.0	0.0004964546
337.1	0.0004794605
337.2	0.0004792209
337.3	0.00045583790000000004
337.4	0.0004842496
337.5	0.000466382
337.6	0.0005413662
337.7	0.00048448139999999996
337.8	0.000489047
337.9	0.0004586888
338.0	0.0004500288
338.1	0.00044706309999999997
338.2	0.0005257860000000001
338.3	0.0004490481
338.4	0.0004673097
338.5	0.0005018392
338.6	0.0004475875
338.7	0.0005082046
338.8	0.0004807429
338.9	0.00048763349999999997
339.0	0.0005307609
339.1	0.0005023795999999999
339.2	0.0004392760999999999
339.3	0.0005432285
339.4	0.0005304363
339.5	0.0004497044
339.6	0.00045633249999999995
339.7	0.0004586038
339.8	0.0004776368
339.9	0.0005113169
340.0	0.00048795020000000003
340.1	0.00041230140000000004
340.2	0.0004911484
340.3	0.00047755289999999994
340.4	0.00047194420000000003
340.5	0.0005014607
340.6	0.0005134648
340.7	0.0004899659000000001
340.8	0.0004913486
340.9	0.0004981931
341.0	0.0004495264
341.1	0.00046683019999999996
341.2	0.0004688233
341.3	0.0005138203
341.4	0.00047768329999999995
341.5	0.0004887918
341.6	0.0004180405
341.7	0.000469781
341.8	0.0004970579999999999
341.9	0.0005296943
342.0	0.0004927317000000001
342.1	0.000538609
342.2	0.00039725409999999997
342.3	0.0004424971
342.4	0.00047149599999999996
342.5	0.0004888854
342.6	0.0004205281
342.7	0.0004962308999999999
342.8	0.0004833149
342.9	0.0005080340999999999
343.0	0.00046696179999999995
343.1	0.0004803876
343.2	0.000537133
343.3	0.00045495
343.4	0.0004895797
343.5	0.0005104827000000001
343.6	0.0004723924
343.7	0.000454085
343.8	0.000500572
343.9	0.0005155348000000001
344.0	0.00043930000000000005
344.1	0.00046350850000000007
344.2	0.0004898585
344.3	0.00046975059999999994
344.4	0.0005015925
344.5	0.0004722611
344.6	0.0005337732
344.7	0.0005206567
344.8	0.00048687659999999995
344.9	0.0004993592000000001
345.0	0.00045795429999999994
345.1	0.0004904143999999999
345.2	0.0004891934
345.3	0.0005099962
345.4	0.00048781050000000004
345.5	0.00045443299999999996
345.6	0.0004956669
345.7	0.000504458
345.8	0.0004783011
345.9	0.000469866
346.0	0.00047774529999999995
346.1	0.00042435210000000005
346.2	0.00044989019999999995
346.3	0.0004967947000000001
346.4	0.0004914572999999999
346.5	0.00043562250000000005
346.6	0.0005125992
346.7	0.000522294
346.8	0.0004743238
346.9	0.0004316679
347.0	0.0004983475
347.1	0.0004823577
347.2	0.0004885145
347.3	0.00047161159999999997
347.4	0.000490754
347.5	0.00046404249999999997
347.6	0.0005325986
347.7	0.000497081
347.8	0.0005041412999999999
347.9	0.0004862349
348.0	0.00046883859999999995
348.1	0.00046885430000000004
348.2	0.000467595
348.3	0.0005049055
348.4	0.0004999079
348.5	0.0004894099
348.6	0.0004620651
348.7	0.0005209652
348.8	0.0005004179
348.9	0.0005019704
349.0	0.0004901512
349.1	0.0004199871
349.2	0.0004902671
349.3	0.0005204017
349.4	0.0004781779
349.5	0.00045566009999999996
349.6	0.000499205
349.7	0.0004960691000000001
349.8	0.0004689003
349.9	0.00043793950000000004
