0.0	0.0003706231
0.1	0.00036232859999999997
0.2	0.0003897888
0.3	0.00042201740000000004
0.4	0.0004032808
0.5	0.0003918873
0.6	0.0004124106
0.7	0.00045021869999999997
0.8	0.00036718229999999996
0.9	0.00040925000000000005
1.0	0.00042597359999999994
1.1	0.00036764220000000007
1.2	0.00036123610000000006
1.3	0.000415189
1.4	0.00040957879999999996
1.5	0.00044629329999999994
1.6	0.000445786
1.7	0.0003861909
1.8	0.0004207691
1.9	0.00045002309999999995
2.0	0.0003660194
2.1	0.0004548221
2.2	0.00040920359999999995
2.3	0.0004173812
2.4	0.0003924023
2.5	0.00043087379999999997
2.6	0.0004336443
2.7	0.0003894217
2.8	0.00039874800000000004
2.9	0.0005020561000000001
3.0	0.00038593369999999995
3.1	0.00038655810000000004
3.2	0.000377101
3.3	0.0003730894
3.4	0.0003710912
3.5	0.00042726069999999997
3.6	0.0004172486
3.7	0.00039461850000000007
3.8	0.00045572779999999996
3.9	0.00042106490000000006
4.0	0.00041422820000000006
4.1	0.0004087748
4.2	0.000456454
4.3	0.0004019852
4.4	0.0003621411
4.5	0.00043593740000000004
4.6	0.0004003703
4.7	0.000403226
4.8	0.0004361013
4.9	0.00034411550000000004
5.0	0.0003991451
5.1	0.0004220086
5.2	0.00039078660000000005
5.3	0.00037415889999999996
5.4	0.0004096011
5.5	0.0004398001
5.6	0.00037696779999999997
5.7	0.00040690240000000003
5.8	0.00043696059999999995
5.9	0.0003759145
6.0	0.0004117084
6.1	0.0004123641
6.2	0.0004419148
6.3	0.0004282051
6.4	0.00044527890000000005
6.5	0.0004326845
6.6	0.00043732639999999995
6.7	0.00039199680000000003
6.8	0.00041294950000000003
6.9	0.00040776739999999993
7.0	0.0004023293
7.1	0.0003980056
7.2	0.00044007430000000004
7.3	0.0004285091
7.4	0.0003889069
7.5	0.00039571999999999996
7.6	0.00043710830000000007
7.7	0.00041514169999999997
7.8	0.00043680429999999994
7.9	0.0004106003
8.0	0.0004067924
8.1	0.00043282440000000003
8.2	0.0004171079
8.3	0.0003976547
8.4	0.00042517700000000005
8.5	0.00043198959999999996
8.6	0.0004056764
8.7	0.0004180997
8.8	0.00040142330000000003
8.9	0.0004390276
9.0	0.00041729530000000003
9.1	0.0004210564
9.2	0.00042786190000000006
9.3	0.0004031015
9.4	0.00039372900000000005
9.5	0.0004509594
9.6	0.00041862269999999997
9.7	0.0004284939
9.8	0.00040793179999999994
9.9	0.00043525909999999994
10.0	0.00039934009999999996
10.1	0.0003614458
10.2	0.00019357180000000008
10.3	0.0004015562
10.4	0.00044608289999999997
10.5	0.00033597619999999994
10.6	0.0003478299
10.7	0.00043099839999999996
10.8	0.0004119188
10.9	0.0004488992
11.0	0.00040637869999999996
11.1	0.0004207524
11.2	0.000411131
11.3	0.0004149861
11.4	0.0004101481
11.5	0.0004595901
11.6	0.00038681579999999994
11.7	0.0004031712
11.8	0.00041475969999999997
11.9	0.00046058899999999996
12.0	0.00041645349999999996
12.1	0.0004098355
12.2	0.0004315994
12.3	0.0004448337
12.4	0.0004125666
12.5	0.00042681589999999997
12.6	0.00041750669999999996
12.7	0.000475892
12.8	0.00042258679999999997
12.9	0.00041669480000000006
13.0	0.0004656609
13.1	0.00044841559999999996
13.2	0.00043383950000000005
13.3	0.0004231879
13.4	0.00044720640000000004
13.5	0.0004223211
13.6	0.0004328086
13.7	0.00040251649999999996
13.8	0.00041306679999999997
13.9	0.0004370069000000001
14.0	0.00044160259999999997
14.1	0.0004497578
14.2	0.0004141124
14.3	0.00042005069999999996
14.4	0.00042399909999999997
14.5	0.000417678
14.6	0.0004164141
14.7	0.0004320051
14.8	0.0003917865
14.9	0.0003686023
15.0	0.00042495049999999996
15.1	0.00046033939999999996
15.2	0.0004370531
15.3	0.0004145095
15.4	0.00044341350000000004
15.5	0.0004088286
15.6	0.000456851
15.7	0.00045786570000000003
15.8	0.0004345644
15.9	0.00044825980000000006
16.0	0.00040934350000000006
16.1	0.0003966944
16.2	0.0004463714
16.3	0.0004333948
16.4	0.0004079314
16.5	0.00043307470000000006
16.6	0.0003603927000000001
16.7	0.0004038429
16.8	0.0004044122
16.9	0.0004398083
17.0	0.00038505170000000005
17.1	0.0004145951
17.2	0.00038365549999999995
17.3	0.0004401524
17.4	0.0004332767
17.5	0.00045170899999999995
17.6	0.0004195588
17.7	0.0003995671
17.8	0.00042568390000000003
17.9	0.0004080101
18.0	0.00041251970000000005
18.1	0.00043746759999999997
18.2	0.0004018132
18.3	0.0004271587
18.4	0.00037226969999999996
18.5	0.0003905534
18.6	0.0004053254
18.7	0.0004137689
18.8	0.0004764375
18.9	0.0004621034
19.0	0.00033887909999999997
19.1	0.00039753769999999997
19.2	0.0004278149
19.3	0.000452201
19.4	0.0004031086
19.5	0.0004162268
19.6	0.0004649831
19.7	0.0004769136
19.8	0.0004314513
19.9	0.00043241149999999996
20.0	0.0004135659999999999
20.1	0.0004308499
20.2	0.0004099209
20.3	0.0004113889
20.4	0.0004464092
20.5	0.00041117749999999994
20.6	0.0004293291
20.7	0.00045961350000000005
20.8	0.00041690509999999995
20.9	0.00044773670000000003
21.0	0.0004310377
21.1	0.0003737364
21.2	0.0004212671
21.3	0.00047422130000000003
21.4	0.00041877840000000005
21.5	0.0004000339
21.6	0.00042033099999999997
21.7	0.0004261917
21.8	0.00042746380000000005
21.9	0.00041779510000000003
22.0	0.00030387330000000007
22.1	0.00044952429999999997
22.2	0.00045186489999999994
22.3	0.00041404980000000005
22.4	0.00047447940000000006
22.5	0.0004186924
22.6	0.0004111778
22.7	0.0004366797
22.8	0.0004256696
22.9	0.00043789670000000003
23.0	0.0004367493
23.1	0.00040577839999999995
23.2	0.00046108129999999995
23.3	0.00043401780000000003
23.4	0.00041872359999999996
23.5	0.00045681949999999997
23.6	0.00043228580000000003
23.7	0.00042859600000000006
23.8	0.0004572495
23.9	0.00044573909999999994
24.0	0.00041198929999999997
24.1	0.00038467030000000004
24.2	0.0004892666999999999
24.3	0.0004186372
24.4	0.00045131079999999996
24.5	0.00044662120000000003
24.6	0.00040070549999999996
24.7	0.00036012079999999996
24.8	0.0004242173
24.9	0.00048684010000000003
25.0	0.000403351
25.1	0.000397756
25.2	0.0005030242
25.3	0.0004484942
25.4	0.0004331286
25.5	0.00040384240000000004
25.6	0.00040681579999999993
25.7	0.0004446778
25.8	0.0004426722
25.9	0.0004271516
26.0	0.00044092489999999996
26.1	0.00045721769999999996
26.2	0.00044879830000000003
26.3	0.00045000709999999997
26.4	0.00043159119999999995
26.5	0.0004094531
26.6	0.0004544558
26.7	0.0003940339
26.8	0.00041664029999999996
26.9	0.0004170923
27.0	0.0004980612
27.1	0.00044907100000000005
27.2	0.0004728327
27.3	0.0004119346
27.4	0.00041842720000000004
27.5	0.000433293
27.6	0.0004281109
27.7	0.0004424778
27.8	0.0004170774
27.9	0.00040400680000000005
28.0	0.0003927549000000001
28.1	0.0004057309
28.2	0.00041759210000000003
28.3	0.0004565232
28.4	0.0003950560000000001
28.5	0.00044446719999999994
28.6	0.00043685100000000004
28.7	0.00039907530000000003
28.8	0.0004088524
28.9	0.00044257140000000003
29.0	0.0004159299
29.1	0.00042941429999999997
29.2	0.0004318954
29.3	0.00041233989999999994
29.4	0.0004423836
29.5	0.00042367079999999996
29.6	0.0004480411
29.7	0.00040072119999999995
29.8	0.0003804791
29.9	0.0004060743
30.0	0.0004654824
30.1	0.00040312479999999993
30.2	0.0004390823
30.3	0.0004002924
30.4	0.0004289622
30.5	0.0004218374
30.6	0.000452497
30.7	0.000396328
30.8	0.0004466281
30.9	0.0004212443
31.0	0.0004190357
31.1	0.0003959922
31.2	0.0004183811
31.3	0.00044273490000000006
31.4	0.00044961739999999995
31.5	0.00042034669999999996
31.6	0.0004268942
31.7	0.00043685879999999993
31.8	0.00042971879999999994
31.9	0.0003647861
32.0	0.0004211972
32.1	0.0004274793
32.2	0.0003957504
32.3	0.0004744249
32.4	0.0004234449
32.5	0.00041603189999999996
32.6	0.00039818479999999994
32.7	0.00040992130000000004
32.8	0.0003519892
32.9	0.00048182960000000007
33.0	0.00040147839999999995
33.1	0.00043430770000000006
33.2	0.0004192005
33.3	0.00041710090000000004
33.4	0.0004260979
33.5	0.00042804890000000003
33.6	0.0003571777
33.7	0.0003901397
33.8	0.00042676199999999996
33.9	0.0003785362
34.0	0.00043726409999999996
34.1	0.0004176158
34.2	0.000403405
34.3	0.0004360396
34.4	0.0004169678
34.5	0.0004480483
34.6	0.0004181073
34.7	0.0004179356
34.8	0.00037967529999999994
34.9	0.00041794410000000004
35.0	0.0004159385
35.1	0.00043245040000000005
35.2	0.0004265581999999999
35.3	0.0003838343999999999
35.4	0.00042035419999999997
35.5	0.00040513009999999994
35.6	0.00046284509999999996
35.7	0.00042952400000000003
35.8	0.00037976920000000003
35.9	0.0003831161
36.0	0.00047487710000000005
36.1	0.0004264339
36.2	0.00039855960000000003
36.3	0.0004221025999999999
36.4	0.00038686309999999997
36.5	0.0003432731
36.6	0.0003715053
36.7	0.0003479933
36.8	0.0004385443
36.9	0.0003877287
37.0	0.0003972721
37.1	0.00044565360000000005
37.2	0.0004358055
37.3	0.00040327259999999997
37.4	0.0003847634
37.5	0.00041133429999999996
37.6	0.0004338859
37.7	0.0003827344
37.8	0.00043786540000000004
37.9	0.00040516920000000005
38.0	0.0003877985
38.1	0.00046225150000000007
38.2	0.0003895312
38.3	0.0003556643
38.4	0.0004134021
38.5	0.0003933396
38.6	0.00034602739999999997
38.7	0.0004398479
38.8	0.00037954240000000005
38.9	0.00037788859999999993
39.0	0.000383687
39.1	0.0004006828
39.2	0.0004205032
39.3	0.00044250089999999995
39.4	0.00038086969999999996
39.5	0.0003938388
39.6	0.00041638220000000004
39.7	0.00038479400000000004
39.8	0.000372988
39.9	0.000387221
40.0	0.000408829
40.1	0.0004015097
40.2	0.0003859575
40.3	0.00045436170000000004
40.4	0.0003952979
40.5	0.00040296919999999994
40.6	0.0004244746
40.7	0.0003833514
40.8	0.00041814630000000004
40.9	0.0003972254
41.0	0.0004658553
41.1	0.00038381069999999997
41.2	0.00038186030000000003
41.3	0.0003942597
41.4	0.0004465039
41.5	0.0004008549
41.6	0.0003919349
41.7	0.00038542709999999996
41.8	0.00043126370000000006
41.9	0.0004262698
42.0	0.00042257130000000005
42.1	0.0004261447
42.2	0.0003929803
42.3	0.0004033821
42.4	0.00039846680000000005
42.5	0.0004337455
42.6	0.00036534869999999995
42.7	0.0003971552
42.8	0.00040521599999999996
42.9	0.00043251229999999996
43.0	0.0004460984
43.1	0.0004221572
43.2	0.00042249289999999993
43.3	0.00034416960000000006
43.4	0.0003829912
43.5	0.0003974988
43.6	0.0003881027
43.7	0.000346815
43.8	0.00037809879999999995
43.9	0.00041431469999999996
44.0	0.0003561721
44.1	0.0004237725
44.2	0.00044871219999999994
44.3	0.0004358602
44.4	0.000363577
44.5	0.0003746112
44.6	0.00039256649999999996
44.7	0.0004064562
44.8	0.00038672139999999995
44.9	0.00038809550000000004
45.0	0.00037336990000000006
45.1	0.0003590746
45.2	0.0003827815
45.3	0.0003699287
45.4	0.0003954857
45.5	0.00038655000000000004
45.6	0.0004092427
45.7	0.00040454440000000004
45.8	0.0003658167
45.9	0.00032775160000000003
46.0	0.00038658910000000004
46.1	0.00038605830000000004
46.2	0.00042838420000000004
46.3	0.0004404957
46.4	0.000355024
46.5	0.00043365099999999996
46.6	0.00039600799999999994
46.7	0.0004160079
46.8	0.00037627360000000004
46.9	0.0003880248
47.0	0.00041966059999999996
47.1	0.00041446269999999996
47.2	0.0004117474
47.3	0.0004255369
47.4	0.0004231253
47.5	0.0004091176
47.6	0.000422501
47.7	0.00042064410000000005
47.8	0.0003499289000000001
47.9	0.0003927462
48.0	0.0004073221
48.1	0.00037703740000000007
48.2	0.0003983023
48.3	0.00037884050000000003
48.4	0.00044108929999999997
48.5	0.00036802569999999993
48.6	0.0004960406
48.7	0.00038942999999999996
48.8	0.0003946581
48.9	0.0003576781
49.0	0.00037297229999999995
49.1	0.0003451996
49.2	0.0004014548
49.3	0.00034804079999999993
49.4	0.00037106829999999995
49.5	0.00033088089999999996
49.6	0.0003811268
49.7	0.00032751030000000003
49.8	0.0003872451
49.9	0.00039966790000000007
50.0	0.0003652231
50.1	0.0003539783
50.2	0.00038286730000000005
50.3	0.0003892346
50.4	0.00041047519999999995
50.5	0.0003944153
50.6	0.0003772796
50.7	0.00035933959999999996
50.8	0.00037114670000000006
50.9	0.000376944
51.0	0.000373152
51.1	0.00032459899999999996
51.2	0.00039029539999999995
51.3	0.00032306970000000007
51.4	0.00030850850000000004
51.5	0.00035317530000000005
51.6	0.0003547668
51.7	0.0002802604
51.8	0.0002445511
51.9	0.0003338071
52.0	0.00040804860000000004
52.1	0.00039142710000000005
52.2	0.00036875069999999996
52.3	0.00038058790000000003
52.4	0.00037467300000000006
52.5	0.0003348924
52.6	0.00035506289999999994
52.7	0.000327127
52.8	0.0003636232
52.9	0.00038729130000000005
53.0	0.000343818
53.1	0.00033255890000000003
53.2	0.00039470449999999996
53.3	0.00035514170000000003
53.4	0.0004115601
53.5	0.00037045219999999997
53.6	0.00036356930000000005
53.7	0.0003768661
53.8	0.00036889069999999994
53.9	0.0003375444
54.0	0.0003540262
54.1	0.00042345299999999996
54.2	0.00036976470000000004
54.3	0.0003660346
54.4	0.0003816577
54.5	0.0003898821
54.6	0.0003607298
54.7	0.0003907636
54.8	0.00038302280000000006
54.9	0.00038374160000000004
55.0	0.0003527538
55.1	0.0004177567
55.2	0.0003372952
55.3	0.0003751035
55.4	0.00039001470000000007
55.5	0.0003823751
55.6	0.00041704600000000007
55.7	0.0003857227
55.8	0.00039887120000000004
55.9	0.00035276890000000003
56.0	0.0003749628
56.1	0.0003420084
56.2	0.000360346
56.3	0.0003797698
56.4	0.0003482508
56.5	0.00039396380000000005
56.6	0.00037251189999999994
56.7	0.00036727560000000007
56.8	0.00038412339999999997
56.9	0.0003125971
57.0	0.0003468316
57.1	0.000401424
57.2	0.0003791597
57.3	0.000393207
57.4	0.0003908577
57.5	0.00035404139999999995
57.6	0.0003618369
57.7	0.0004485411
57.8	0.0003702337999999999
57.9	0.0003229528
58.0	0.0003608308
58.1	0.00035709319999999996
58.2	0.0003579968
58.3	0.0003934095
58.4	0.0003926064
58.5	0.0003622503
58.6	0.00038922619999999996
58.7	0.0003496476
58.8	0.00034116530000000004
58.9	0.0004247088
59.0	0.00036786859999999997
59.1	0.0003486569
59.2	0.0003870497
59.3	0.00031930079999999996
59.4	0.0003878224
59.5	0.00036212679999999994
59.6	0.0003943457
59.7	0.0003531271
59.8	0.0003758055
59.9	0.0003095302
60.0	0.0003084772999999999
60.1	0.00034723640000000004
60.2	0.00027781719999999993
60.3	0.00033613960000000004
60.4	0.00029756779999999994
60.5	0.0003185823
60.6	0.0003453094
60.7	0.0003617736
60.8	0.0002965061
60.9	0.00030976479999999997
61.0	0.0003719421
61.1	0.0003071186
61.2	0.0003655039
61.3	0.00028002599999999995
61.4	0.00031577319999999995
61.5	0.0003227264
61.6	0.0003394409000000001
61.7	0.00028871029999999996
61.8	0.0003049579
61.9	0.00032208659999999995
62.0	0.00032409180000000004
62.1	0.00026909259999999995
62.2	0.00029975270000000005
62.3	0.0002333846
62.4	0.00036135310000000006
62.5	0.00041576600000000003
62.6	0.00034113450000000005
62.7	0.000337388
62.8	0.0003564448
62.9	0.0003907563
63.0	0.00032809499999999993
63.1	0.00034451299999999996
63.2	0.00037579659999999995
63.3	0.00037357260000000006
63.4	0.00038729849999999996
63.5	0.00040389719999999997
63.6	0.00037365149999999997
63.7	0.0003854818000000001
63.8	0.00035303449999999996
63.9	0.0004632584
64.0	0.00032235230000000003
64.1	0.00033912129999999995
64.2	0.0003282433
64.3	0.0003397376
64.4	0.0003555079
64.5	0.00038274950000000005
64.6	0.00036111179999999995
64.7	0.0003773266
64.8	0.0003435526
64.9	0.0002963427
65.0	0.00038825899999999996
65.1	0.00033795069999999997
65.2	0.0003753364
65.3	0.0003565457
65.4	0.0003219462
65.5	0.00041067860000000003
65.6	0.0003482515
65.7	0.0003575605999999999
65.8	0.00037150419999999995
65.9	0.0004026336
66.0	0.0003791989
66.1	0.00038727569999999994
66.2	0.0003670343
66.3	0.00037826289999999996
66.4	0.0003513177999999999
66.5	0.0004430004
66.6	0.0004182163
66.7	0.0003951807
66.8	0.00034679929999999995
66.9	0.00039596900000000003
67.0	0.0003400569
67.1	0.0003973817
67.2	0.00035841849999999995
67.3	0.0003231006
67.4	0.00036347560000000003
67.5	0.0004023282
67.6	0.000404287
67.7	0.00031153570000000007
67.8	0.00038313139999999996
67.9	0.00035555440000000003
68.0	0.00033865269999999996
68.1	0.0004032416
68.2	0.00039053790000000003
68.3	0.00035759179999999993
68.4	0.0003973662
68.5	0.0004377252
68.6	0.0003765699
68.7	0.00038491139999999996
68.8	0.00034178219999999996
68.9	0.0003531751
69.0	0.00042148580000000004
69.1	0.00037942570000000004
69.2	0.00035155150000000003
69.3	0.0003790275
69.4	0.00034360839999999994
69.5	0.00037422110000000003
69.6	0.0003597295999999999
69.7	0.00039696759999999996
69.8	0.0003863632
69.9	0.00034328030000000005
70.0	0.00038315629999999994
70.1	0.00038503630000000005
70.2	0.00042307040000000003
70.3	0.00034079139999999993
70.4	0.0003974591
70.5	0.00041766220000000003
70.6	0.0003424767999999999
70.7	0.00033947960000000005
70.8	0.00037390110000000003
70.9	0.0003951649000000001
71.0	0.0003690941
71.1	0.0003971784
71.2	0.0003986376
71.3	0.0003749308
71.4	0.00037433830000000004
71.5	0.00036114990000000004
71.6	0.0003550942
71.7	0.0004060825
71.8	0.00035358869999999997
71.9	0.00040928989999999995
72.0	0.00035923089999999997
72.1	0.0003641076
72.2	0.00032699470000000007
72.3	0.00031399430000000005
72.4	0.0002997303
72.5	0.0002199392
72.6	0.00026667500000000007
72.7	0.00018153880000000002
72.8	0.00020643120000000004
72.9	0.00017908080000000003
73.0	0.00019389160000000006
73.1	0.00019368050000000006
73.2	0.00017232339999999997
73.3	0.0002763195999999999
73.4	0.0002989104
73.5	0.00035922320000000005
73.6	0.00039198090000000003
73.7	0.00037652270000000003
73.8	0.00039743579999999997
73.9	0.00040256259999999996
74.0	0.0003700381
74.1	0.000389914
74.2	0.00038017439999999997
74.3	0.00033039699999999996
74.4	0.0003473304
74.5	0.00038759570000000004
74.6	0.0003717951000000001
74.7	0.00043638250000000003
74.8	0.00034680750000000004
74.9	0.0003774287
75.0	0.00040723699999999996
75.1	0.00042043260000000003
75.2	0.00037497740000000005
75.3	0.00035872270000000003
75.4	0.00037457209999999997
75.5	0.0003891714
75.6	0.0003686805
75.7	0.0004097428
75.8	0.00038306260000000003
75.9	0.0003768118
76.0	0.00035240240000000006
76.1	0.0003585514
76.2	0.00030483280000000005
76.3	0.0003803629
76.4	0.0004017359
76.5	0.0003503734999999999
76.6	0.00035760680000000006
76.7	0.0003910924
76.8	0.0003946197
76.9	0.0004094383
77.0	0.00040669860000000003
77.1	0.0003708883
77.2	0.000379324
77.3	0.00033352580000000004
77.4	0.0003821176
77.5	0.00036096270000000007
77.6	0.0004083220000000001
77.7	0.00044588779999999996
77.8	0.0003427339999999999
77.9	0.00043376080000000005
78.0	0.0003687121
78.1	0.0003768661
78.2	0.000392005
78.3	0.00037913700000000004
78.4	0.00038145489999999997
78.5	0.00037273780000000005
78.6	0.0003845923
78.7	0.0004206038
78.8	0.00035734990000000006
78.9	0.0003983101
79.0	0.00041626559999999996
79.1	0.00036437309999999996
79.2	0.0003922003
79.3	0.0004163353
79.4	0.00041671040000000007
79.5	0.00043171619999999997
79.6	0.00041778709999999996
79.7	0.0004323098
79.8	0.00034584709999999996
79.9	0.00040556
80.0	0.00040576959999999993
80.1	0.0003774515
80.2	0.0004146115
80.3	0.0003733945
80.4	0.00039303480000000006
80.5	0.0003659256
80.6	0.0003649432
80.7	0.0003927151
80.8	0.0003676428
80.9	0.0004297807
81.0	0.0003830231
81.1	0.0004249668
81.2	0.00036832909999999996
81.3	0.00036061160000000004
81.4	0.00045839650000000003
81.5	0.00036938250000000003
81.6	0.000347018
81.7	0.00038774450000000004
81.8	0.00035656930000000004
81.9	0.0003752587
82.0	0.0004088213
82.1	0.0004133781
82.2	0.0004000972
82.3	0.0003734411
82.4	0.0003858168
82.5	0.0003790667
82.6	0.0003981307
82.7	0.00039861420000000006
82.8	0.0003183092999999999
82.9	0.00035684190000000003
83.0	0.0003600265
83.1	0.0003239038
83.2	0.00020981830000000006
83.3	0.0002690848
83.4	0.0003350005
83.5	0.00042072940000000003
83.6	0.000295516
83.7	0.0003315441
83.8	0.00038754939999999997
83.9	0.00035034249999999997
84.0	0.0003354142
84.1	0.0003869801
84.2	0.00038634729999999993
84.3	0.00036992099999999994
84.4	0.0003467379
84.5	0.0003669873
84.6	0.0003923642
84.7	0.00036831360000000004
84.8	0.0003654187
84.9	0.00037010049999999995
85.0	0.00039752179999999997
85.1	0.0004232815
85.2	0.00037973039999999997
85.3	0.00034379599999999995
85.4	0.0003875954
85.5	0.00037387760000000004
85.6	0.0003881889
85.7	0.0003554148
85.8	0.0003363827999999999
85.9	0.00037652339999999995
86.0	0.0003888991
86.1	0.00036722169999999995
86.2	0.0003827573
86.3	0.00039347300000000003
86.4	0.00038008129999999993
86.5	0.0003721521999999999
86.6	0.00037840350000000004
86.7	0.00040519149999999996
86.8	0.00039016270000000007
86.9	0.000406465
87.0	0.00039121660000000004
87.1	0.00040187619999999997
87.2	0.0003922391
87.3	0.00037976100000000005
87.4	0.00038467709999999997
87.5	0.00041585229999999997
87.6	0.00043916069999999993
87.7	0.0004512481
87.8	0.00038047939999999995
87.9	0.0003719424
88.0	0.00043173079999999996
88.1	0.0004186693
88.2	0.00040288300000000004
88.3	0.00041010100000000006
88.4	0.00038499810000000004
88.5	0.0003707949
88.6	0.0003971634
88.7	0.0003508103
88.8	0.0004534876
88.9	0.00042861120000000003
89.0	0.00038494289999999997
89.1	0.00035463340000000006
89.2	0.00040405249999999997
89.3	0.00033478170000000005
89.4	0.00037468070000000003
89.5	0.00041914590000000004
89.6	0.0003690548
89.7	0.00035496950000000007
89.8	0.00040118170000000004
89.9	0.00038768930000000003
90.0	0.0004032811
90.1	0.00041493119999999996
90.2	0.00036522330000000007
90.3	0.00039670279999999997
90.4	0.00039101390000000004
90.5	0.0004085474
90.6	0.0003625701
90.7	0.0003755632
90.8	0.000415845
90.9	0.00035385349999999996
91.0	0.000416157
91.1	0.0003978806
91.2	0.0004004094
91.3	0.00039074079999999994
91.4	0.0003684145
91.5	0.00037145859999999995
91.6	0.00042005829999999995
91.7	0.00038166590000000003
91.8	0.0004684942
91.9	0.00042594209999999993
92.0	0.0004179673
92.1	0.0003904126
92.2	0.000396508
92.3	0.0004183332
92.4	0.0004313344
92.5	0.00047664020000000003
92.6	0.0003963289
92.7	0.00039831009999999995
92.8	0.0003962813
92.9	0.0003680717
93.0	0.0004406517
93.1	0.0003533624
93.2	0.00047267660000000004
93.3	0.00043610979999999996
93.4	0.00039553140000000005
93.5	0.00038979619999999994
93.6	0.000415711
93.7	0.00043628180000000006
93.8	0.0004011347
93.9	0.000381017
94.0	0.00037755289999999995
94.1	0.00042314
94.2	0.0004003238
94.3	0.0004380842
94.4	0.0003808146
94.5	0.00036917929999999996
94.6	0.0003749386
94.7	0.0003696477
94.8	0.00036803240000000004
94.9	0.00041788070000000005
95.0	0.0003797218
95.1	0.00043607020000000006
95.2	0.0003819073
95.3	0.00040828279999999994
95.4	0.0003781459
95.5	0.0004515839
95.6	0.00036470039999999995
95.7	0.00036664369999999996
95.8	0.00042353089999999996
95.9	0.00037784989999999996
96.0	0.0004105297
96.1	0.0004351583
96.2	0.00042644879999999995
96.3	0.0003962499
96.4	0.00037382339999999994
96.5	0.0004086419
96.6	0.00040443520000000004
96.7	0.00042004220000000004
96.8	0.0004258794
96.9	0.00040405389999999996
97.0	0.000407565
97.1	0.00036459169999999996
97.2	0.00037052200000000003
97.3	0.00044429549999999994
97.4	0.0003907401
97.5	0.00038515379999999995
97.6	0.0003874946
97.7	0.0003377868
97.8	0.00041869289999999995
97.9	0.0004296956
98.0	0.0003928866
98.1	0.0003718329
98.2	0.0004383574
98.3	0.00041424420000000004
98.4	0.00033724829999999995
98.5	0.0004260119
98.6	0.00038278830000000006
98.7	0.0004205567
98.8	0.00042077539999999994
98.9	0.00039725689999999995
99.0	0.0003811354
99.1	0.0003958125
99.2	0.00044879790000000006
99.3	0.00039672670000000004
99.4	0.00040523859999999997
99.5	0.0003713024
99.6	0.0003691483
99.7	0.0003946184
99.8	0.0004382564
99.9	0.00040690930000000005
100.0	0.00045184150000000003
100.1	0.0004054658
100.2	0.0003557422
100.3	0.00037791949999999995
100.4	0.00043442400000000004
100.5	0.00039774779999999995
100.6	0.0004014777
100.7	0.0003758048
100.8	0.0004285797
100.9	0.00042539589999999994
101.0	0.00037541479999999997
101.1	0.000349756
101.2	0.0004075568
101.3	0.0004612446
101.4	0.00035267590000000003
101.5	0.0003545089
101.6	0.0003919659
101.7	0.0003730417
101.8	0.00039869260000000007
101.9	0.00036282800000000004
102.0	0.0003806819
102.1	0.0003773262
102.2	0.00040453710000000004
102.3	0.00040061999999999997
102.4	0.0004203774
102.5	0.0004310912
102.6	0.0003751805
102.7	0.000388696
102.8	0.00041507189999999997
102.9	0.00037425169999999995
103.0	0.00044865059999999997
103.1	0.0003705064
103.2	0.0004099142
103.3	0.00039927709999999995
103.4	0.000410741
103.5	0.00041187270000000005
103.6	0.000383851
103.7	0.00041715579999999995
103.8	0.0004087817
103.9	0.00040546610000000003
104.0	0.0003728938
104.1	0.0004117791
104.2	0.000360689
104.3	0.00037012449999999995
104.4	0.0003953685
104.5	0.00039893400000000004
104.6	0.00036136930000000005
104.7	0.00038539620000000005
104.8	0.00041713899999999996
104.9	0.00033535220000000004
105.0	0.00035273850000000007
105.1	0.0004029755
105.2	0.0004303666
105.3	0.0004016964
105.4	0.00040320169999999997
105.5	0.00036605160000000004
105.6	0.00037449360000000004
105.7	0.0004179353000000001
105.8	0.0003981851
105.9	0.00039862210000000004
106.0	0.0003955006
106.1	0.00042349909999999996
106.2	0.00033228589999999996
106.3	0.0003900698
106.4	0.00036677609999999995
106.5	0.00042260219999999996
106.6	0.0004213227
106.7	0.00039347970000000004
106.8	0.00036754940000000003
106.9	0.00041740430000000007
107.0	0.0004208306
107.1	0.00038513009999999995
107.2	0.000396937
107.3	0.00041756110000000003
107.4	0.00041625019999999997
107.5	0.00042502930000000005
107.6	0.0004053404
107.7	0.00042202510000000006
107.8	0.00039956729999999997
107.9	0.0004109904
108.0	0.00039766210000000005
108.1	0.00044411630000000004
108.2	0.000361634
108.3	0.00039438490000000005
108.4	0.0004091802
108.5	0.0004230861
108.6	0.0003918643
108.7	0.0003699682
108.8	0.00042789259999999996
108.9	0.0004274408
109.0	0.0004621572
109.1	0.0004140573
109.2	0.0003853722
109.3	0.00038868790000000006
109.4	0.00039088180000000004
109.5	0.0004219467
109.6	0.0004570774
109.7	0.0004116924
109.8	0.00038016690000000007
109.9	0.0003880402
110.0	0.00040817319999999997
110.1	0.00041539889999999996
110.2	0.00043119429999999997
110.3	0.0004176858
110.4	0.00044679269999999997
110.5	0.0004051539
110.6	0.00042861069999999997
110.7	0.0003940575
110.8	0.00039758340000000005
110.9	0.0004597467
111.0	0.0003851845
111.1	0.0004307805
111.2	0.00045026509999999997
111.3	0.00044998400000000006
111.4	0.00042128339999999997
111.5	0.00040988939999999995
111.6	0.00042929000000000003
111.7	0.00043404159999999996
111.8	0.0003766938
111.9	0.0004249196
112.0	0.0003828429
112.1	0.00043337780000000004
112.2	0.00043492430000000005
112.3	0.0004016341
112.4	0.00039422939999999993
112.5	0.00039336189999999993
112.6	0.0003713885
112.7	0.00042751040000000006
112.8	0.00041111459999999996
112.9	0.0003932993
113.0	0.0003853791
113.1	0.0004193399
113.2	0.00045296519999999996
113.3	0.00043127930000000006
113.4	0.0004513031
113.5	0.00041617160000000005
113.6	0.0003601044
113.7	0.0005075114
113.8	0.00043298859999999997
113.9	0.00047269959999999997
114.0	0.0004071509
114.1	0.00040794670000000004
114.2	0.00043392439999999995
114.3	0.00042811150000000007
114.4	0.0004677682
114.5	0.0004998318999999999
114.6	0.0004357349
114.7	0.0004430466
114.8	0.00039740459999999995
114.9	0.00041421329999999997
115.0	0.0004510612
115.1	0.000396523
115.2	0.0004237101
115.3	0.00042398319999999997
115.4	0.0003894841
115.5	0.00036481039999999995
115.6	0.00041283190000000004
115.7	0.0004234135
115.8	0.00042839220000000006
115.9	0.0004051303
116.0	0.00043436169999999994
116.1	0.00044992970000000003
116.2	0.0004129487
116.3	0.0004498678
116.4	0.00043351870000000005
116.5	0.0004538546
116.6	0.00048826060000000006
116.7	0.0004218369
116.8	0.00043181789999999996
116.9	0.0004200034
117.0	0.00039084969999999994
117.1	0.0004289699
117.2	0.000405481
117.3	0.00041877059999999994
117.4	0.0004252235
117.5	0.00047542309999999997
117.6	0.0004258562
117.7	0.0004610653
117.8	0.00043773289999999996
117.9	0.00039775570000000004
118.0	0.0004425323
118.1	0.000442516
118.2	0.00043637490000000004
118.3	0.00042687030000000003
118.4	0.00041423609999999994
118.5	0.0004594185
118.6	0.00043170070000000005
118.7	0.0004376389
118.8	0.00044456080000000004
118.9	0.0004131750999999999
119.0	0.00042193900000000003
119.1	0.0004116687
119.2	0.00041269980000000004
119.3	0.0004942454000000001
119.4	0.00042229830000000004
119.5	0.00044613709999999997
119.6	0.00041713190000000004
119.7	0.000378498
119.8	0.0004777178
119.9	0.00040920370000000004
120.0	0.00043432310000000006
120.1	0.0004302496
120.2	0.00045015589999999997
120.3	0.0003849893
120.4	0.000458818
120.5	0.00044510700000000003
120.6	0.0004140651
120.7	0.0003984738
120.8	0.0004342221
120.9	0.00041856010000000004
121.0	0.000427276
121.1	0.0004163205
121.2	0.00041279319999999996
121.3	0.0004330277000000001
121.4	0.0004261839
121.5	0.00042681610000000004
121.6	0.00041941890000000005
121.7	0.0004205108
121.8	0.0004426649
121.9	0.0003969761
122.0	0.00047373830000000007
122.1	0.00044228970000000003
122.2	0.00043591490000000006
122.3	0.00042832940000000005
122.4	0.00046177519999999995
122.5	0.00042889940000000003
122.6	0.0004344241
122.7	0.0004651392
122.8	0.00040860319999999996
122.9	0.0004002849
123.0	0.00039799729999999997
123.1	0.0004755481
123.2	0.0004240068
123.3	0.0004481353
123.4	0.00041982390000000003
123.5	0.0004180444
123.6	0.00043507180000000004
123.7	0.0004929887
123.8	0.00040252409999999995
123.9	0.0004452861
124.0	0.00041480630000000003
124.1	0.00040170509999999996
124.2	0.0004128245
124.3	0.0004039671
124.4	0.0004407066
124.5	0.00043576600000000003
124.6	0.00040577770000000004
124.7	0.0004191606
124.8	0.0004529813
124.9	0.0004428756
125.0	0.0004528014
125.1	0.0004452086
125.2	0.000455954
125.3	0.00040553670000000004
125.4	0.0004526677
125.5	0.00045305089999999996
125.6	0.0004268552
125.7	0.0004276273
125.8	0.0004137217
125.9	0.00042861889999999995
126.0	0.0004387242
126.1	0.0004677212
126.2	0.00046551290000000005
126.3	0.0004792319
126.4	0.0004046929
126.5	0.00041209909999999995
126.6	0.0004008145
126.7	0.0004218062
126.8	0.00046378840000000005
126.9	0.00043752219999999994
127.0	0.000413753
127.1	0.00041734280000000007
127.2	0.00037283969999999994
127.3	0.000436391
127.4	0.00041433780000000003
127.5	0.00040150910000000007
127.6	0.0004385674
127.7	0.0004560553
127.8	0.00047169409999999997
127.9	0.0004634532
128.0	0.00040121250000000003
128.1	0.0004190598
128.2	0.00043031189999999993
128.3	0.00038477870000000003
128.4	0.0004216733
128.5	0.00045507249999999995
128.6	0.0004492586
128.7	0.0004390443
128.8	0.0004198315
128.9	0.0004451301
129.0	0.00044896199999999996
129.1	0.0004237963
129.2	0.00040974239999999997
129.3	0.0004188408
129.4	0.0004531367
129.5	0.00042579300000000005
129.6	0.0004031637
129.7	0.00042117350000000006
129.8	0.000430952
129.9	0.0004273156
130.0	0.0004215327
130.1	0.00039188
130.2	0.000429461
130.3	0.0004394649
130.4	0.00040409220000000006
130.5	0.0004323251
130.6	0.0003971004
130.7	0.00043139599999999996
130.8	0.00044991359999999996
130.9	0.00038144720000000005
131.0	0.00042615219999999997
131.1	0.0004348681
131.2	0.0004486341
131.3	0.0004543468
131.4	0.00044105729999999996
131.5	0.0003936745
131.6	0.000413729
131.7	0.00045768670000000003
131.8	0.00041909829999999996
131.9	0.00045026520000000005
132.0	0.0004397929
132.1	0.00040554349999999997
132.2	0.0004117078
132.3	0.0004183257
132.4	0.00040862600000000004
132.5	0.0004281504
132.6	0.0004263864
132.7	0.0004484546
132.8	0.00040794640000000004
132.9	0.00040864240000000005
133.0	0.000466278
133.1	0.00045788160000000003
133.2	0.00041441669999999994
133.3	0.0004038973
133.4	0.00043279310000000004
133.5	0.0004538939
133.6	0.0004372183
133.7	0.0004703518
133.8	0.0004350483
133.9	0.00039713889999999993
134.0	0.0003942756
134.1	0.00038038549999999996
134.2	0.0004090867
134.3	0.00041787310000000006
134.4	0.0003683603
134.5	0.0003205412
134.6	0.0003377714
134.7	0.00033928439999999995
134.8	0.000285199
134.9	0.0002802680000000001
135.0	0.0003184959
135.1	0.00031805120000000004
135.2	0.0003655981
135.3	0.0003624376
135.4	0.0003356254
135.5	0.00043999629999999995
135.6	0.00037531319999999996
135.7	0.0004679939
135.8	0.0004252546
135.9	0.00041298789999999995
136.0	0.0004629229
136.1	0.00040123629999999996
136.2	0.0004585132
136.3	0.00048042589999999996
136.4	0.0004134015
136.5	0.0004334105000000001
136.6	0.0004794109
136.7	0.00046502910000000003
136.8	0.0004217051
136.9	0.0004376779
137.0	0.0004081736
137.1	0.0004529264
137.2	0.0004033816
137.3	0.00041527489999999996
137.4	0.0004364373
137.5	0.0003986532000000001
137.6	0.00047174809999999995
137.7	0.0004216654000000001
137.8	0.0004262545
137.9	0.0004302493
138.0	0.000442798
138.1	0.000477983
138.2	0.00047434619999999996
138.3	0.00042530159999999993
138.4	0.00044497459999999993
138.5	0.00044911100000000003
138.6	0.0004870662
138.7	0.00045243449999999994
138.8	0.000425224
138.9	0.00040263379999999995
139.0	0.00045095130000000005
139.1	0.0004517546999999999
139.2	0.00033845870000000005
139.3	0.00047194269999999996
139.4	0.0004584664
139.5	0.0004403162
139.6	0.00043980040000000004
139.7	0.00046395180000000005
139.8	0.0004204642
139.9	0.0004622122
140.0	0.000422782
140.1	0.0004496165
140.2	0.00045177140000000004
140.3	0.0004904214
140.4	0.0004934881
140.5	0.00044691700000000007
140.6	0.00043580560000000003
140.7	0.00042574690000000005
140.8	0.00042987499999999997
140.9	0.0004025698
141.0	0.0004488604
141.1	0.0004646236
141.2	0.00046291519999999996
141.3	0.000473129
141.4	0.00041419770000000007
141.5	0.00042928190000000003
141.6	0.00042983599999999996
141.7	0.00044338140000000004
141.8	0.00046810389999999997
141.9	0.0004205102
142.0	0.000471109
142.1	0.000394096
142.2	0.00047247449999999997
142.3	0.0004735663
142.4	0.0004323253
142.5	0.0004991535
142.6	0.0004432345
142.7	0.0004723493
142.8	0.00043518040000000005
142.9	0.00043536089999999996
143.0	0.000438162
143.1	0.0004895322
143.2	0.00044932870000000005
143.3	0.0004967502
143.4	0.00044437370000000004
143.5	0.000442836
143.6	0.00041906720000000003
143.7	0.0004465668
143.8	0.00041054559999999994
143.9	0.0004332451
144.0	0.0004096642
144.1	0.00042623799999999995
144.2	0.0004163365
144.3	0.0004221883
144.4	0.0004260433
144.5	0.0003817198
144.6	0.00029622579999999995
144.7	0.0003413448
144.8	0.0003394795
144.9	0.0002947433
145.0	0.00022050870000000003
145.1	0.0002796665
145.2	0.0002690234
145.3	0.0002249722
145.4	0.00019346239999999996
145.5	0.00019639630000000004
145.6	0.00016075850000000006
145.7	0.00014263029999999992
145.8	0.00021837090000000005
145.9	0.00015099610000000006
146.0	0.0001620765
146.1	0.00018350570000000006
146.2	0.0001640045
146.3	0.000412536
146.4	0.000414908
146.5	0.00043581359999999994
146.6	0.0004486417
146.7	0.0003866205
146.8	0.0003996289
146.9	0.0004199173
147.0	0.0003874635
147.1	0.00044556010000000004
147.2	0.0004424849
147.3	0.0003985205
147.4	0.0004353295
147.5	0.0004713032
147.6	0.00040221999999999995
147.7	0.00048442090000000004
147.8	0.00038645650000000004
147.9	0.0004545489
148.0	0.0003973576
148.1	0.0004340727
148.2	0.0004289775
148.3	0.0004048181
148.4	0.0004519974
148.5	0.00040214870000000003
148.6	0.00044712020000000003
148.7	0.00045093630000000003
148.8	0.00042538739999999997
148.9	0.0004342369
149.0	0.00044147850000000004
149.1	0.00041742069999999997
149.2	0.0004304448
149.3	0.0004294843
149.4	0.00041250470000000003
149.5	0.00045852100000000004
149.6	0.00047627459999999993
149.7	0.00047688220000000005
149.8	0.00046436590000000004
149.9	0.00040342089999999996
150.0	0.00045742179999999996
150.1	0.00041716329999999996
150.2	0.00047149789999999996
150.3	0.00046430369999999997
150.4	0.0004731364
150.5	0.0003941664
150.6	0.00042685499999999996
150.7	0.00044490449999999993
150.8	0.00045113929999999997
150.9	0.00042861129999999996
151.0	0.0004495782
151.1	0.00046533319999999997
151.2	0.00040424819999999997
151.3	0.00045207579999999997
151.4	0.0004534332
151.5	0.0004651467
151.6	0.0004697113
151.7	0.0003906629
151.8	0.0004581697
151.9	0.00046456089999999997
152.0	0.00045672589999999993
152.1	0.00039336309999999996
152.2	0.0004524581
152.3	0.0004336525
152.4	0.00047725719999999993
152.5	0.00044149430000000006
152.6	0.00044766759999999994
152.7	0.00042938309999999996
152.8	0.00045215409999999995
152.9	0.00041873130000000003
153.0	0.00044616089999999995
153.1	0.00039277660000000005
153.2	0.00040503660000000004
153.3	0.00041835760000000005
153.4	0.0004185762
153.5	0.00047079610000000003
153.6	0.000429711
153.7	0.00043517359999999995
153.8	0.0004028671
153.9	0.00041550089999999994
154.0	0.0004462076
154.1	0.00046317229999999997
154.2	0.0004134564
154.3	0.0004261994
154.4	0.00045500219999999994
154.5	0.0004264729
154.6	0.0004203236
154.7	0.00042615279999999996
154.8	0.0004504295
154.9	0.0004166473
155.0	0.0004269331
155.1	0.00042408470000000005
155.2	0.00041154509999999996
155.3	0.0004236792
155.4	0.0004327853
155.5	0.0004127462
155.6	0.00040296860000000006
155.7	0.00032680009999999995
155.8	0.00032279680000000003
155.9	0.00037646049999999996
156.0	0.0002744071
156.1	0.00038796259999999993
156.2	0.0004177255
156.3	0.0004406821
156.4	0.0003866291
156.5	0.00043644509999999997
156.6	0.00043785799999999995
156.7	0.0004284071
156.8	0.00040628500000000004
156.9	0.00042782260000000005
157.0	0.0004261288
157.1	0.00044059630000000007
157.2	0.0004425478
157.3	0.00045876360000000004
157.4	0.00041067819999999995
157.5	0.00046334390000000005
157.6	0.00043992580000000003
157.7	0.00043028000000000006
157.8	0.000448088
157.9	0.0004682598
158.0	0.0004201752
158.1	0.00042665270000000004
158.2	0.00045234820000000005
158.3	0.00043716330000000006
158.4	0.00042351430000000005
158.5	0.00044509930000000006
158.6	0.0004740888
158.7	0.00043019479999999996
158.8	0.0004321071
158.9	0.0003937682
159.0	0.00043255850000000005
159.1	0.000417093
159.2	0.0004776553
159.3	0.00048583270000000003
159.4	0.0003588168
159.5	0.0004247719
159.6	0.000485295
159.7	0.0004191061
159.8	0.00046978979999999997
159.9	0.00045356590000000005
160.0	0.00044519270000000004
160.1	0.0004422112
160.2	0.00041323820000000003
160.3	0.00040232870000000005
160.4	0.0004630161
160.5	0.0003947131
160.6	0.0004076658
160.7	0.00039180150000000006
160.8	0.00043635139999999994
160.9	0.00046597340000000003
161.0	0.0004169445
161.1	0.00041985510000000005
161.2	0.00040099410000000004
161.3	0.0003661133
161.4	0.0004165847
161.5	0.00043664029999999996
161.6	0.000449922
161.7	0.000437702
161.8	0.000420807
161.9	0.0004416344
162.0	0.00043102940000000006
162.1	0.00042095579999999993
162.2	0.00046598960000000003
162.3	0.0004211272
162.4	0.0004181695
162.5	0.0004816591
162.6	0.0004528565
162.7	0.00044921229999999993
162.8	0.00043419789999999997
162.9	0.00041889520000000003
163.0	0.000444202
163.1	0.00042568470000000003
163.2	0.00040542730000000003
163.3	0.0004506787
163.4	0.0004220559
163.5	0.00041610199999999995
163.6	0.0004272142
163.7	0.00039528170000000006
163.8	0.00041048370000000003
163.9	0.0004313111
164.0	0.00045849009999999996
164.1	0.0004221729
164.2	0.00038647999999999997
164.3	0.00043983969999999994
164.4	0.0004141981
164.5	0.0004386068
164.6	0.0004759851
164.7	0.00042786949999999995
164.8	0.0004331439000000001
164.9	0.00046929050000000004
165.0	0.0004589502
165.1	0.00045588399999999993
165.2	0.0004417126
165.3	0.00046645700000000004
165.4	0.00039173929999999994
165.5	0.00045859929999999996
165.6	0.0004694765
165.7	0.0004395667
165.8	0.0004614396999999999
165.9	0.0004619084
166.0	0.0004221104
166.1	0.00034383449999999996
166.2	0.00047536009999999996
166.3	0.00042268
166.4	0.0004803241
166.5	0.0005252408
166.6	0.00041053809999999993
166.7	0.0004747915
166.8	0.00043635970000000006
166.9	0.0004511856
167.0	0.00046752649999999996
167.1	0.00044108069999999997
167.2	0.0004521378
167.3	0.00045866170000000004
167.4	0.00042636350000000003
167.5	0.00045637529999999996
167.6	0.00044936039999999997
167.7	0.0004548693
167.8	0.0004220865
167.9	0.00042601159999999994
168.0	0.0004515066
168.1	0.0004846389
168.2	0.0004562262
168.3	0.00042573139999999997
168.4	0.00041933959999999995
168.5	0.00045903679999999996
168.6	0.00037585169999999993
168.7	0.00045628179999999995
168.8	0.00042966440000000004
168.9	0.0004599497
169.0	0.0004431643
169.1	0.0004167571
169.2	0.00043642149999999994
169.3	0.0004712175
169.4	0.000430249
169.5	0.00041400249999999997
169.6	0.0004855601
169.7	0.0004488916
169.8	0.0004635388
169.9	0.000403624
170.0	0.00044983609999999993
170.1	0.00047800630000000005
170.2	0.0004172179
170.3	0.00046192339999999996
170.4	0.00042360179999999996
170.5	0.0004550571
170.6	0.0004527234
170.7	0.00042615230000000006
170.8	0.0004324034
170.9	0.0004451149
171.0	0.0004174909
171.1	0.00048801780000000004
171.2	0.00046296849999999997
171.3	0.00044677689999999995
171.4	0.0004212912
171.5	0.00044279739999999996
171.6	0.00043739690000000003
171.7	0.00044262569999999995
171.8	0.00048517039999999997
171.9	0.0004435079
172.0	0.0004424537
172.1	0.00048316439999999993
172.2	0.0004126753
172.3	0.00040765039999999993
172.4	0.00043947310000000005
172.5	0.00047532890000000005
172.6	0.00046239940000000003
172.7	0.00045918379999999995
172.8	0.0004658878
172.9	0.00040786910000000003
173.0	0.00043437010000000004
173.1	0.0004297345
173.2	0.0004610184
173.3	0.00044393620000000004
173.4	0.0004150013
173.5	0.0003740569
173.6	0.0004415249
173.7	0.00045248879999999997
173.8	0.00040615240000000004
173.9	0.00046597349999999996
174.0	0.0004359067
174.1	0.00043228620000000006
174.2	0.00048115149999999993
174.3	0.0005092442999999999
174.4	0.0004662383
174.5	0.00044934429999999995
174.6	0.0004257473
174.7	0.0004590283
174.8	0.00042198610000000004
174.9	0.0004577176
175.0	0.0004317084000000001
175.1	0.0003849971
175.2	0.0004479007
175.3	0.0004447246
175.4	0.0004038737
175.5	0.0004751113
175.6	0.0004391533
175.7	0.00044440520000000005
175.8	0.00047042159999999993
175.9	0.00046690229999999994
176.0	0.0003823441
176.1	0.00044780669999999994
176.2	0.0004188634
176.3	0.00044671429999999996
176.4	0.00044023
176.5	0.00047577380000000003
176.6	0.0004382092
176.7	0.0004671751
176.8	0.0004843346
176.9	0.00044357850000000004
177.0	0.00044879009999999994
177.1	0.0004424462
177.2	0.00041418980000000003
177.3	0.00043547780000000003
177.4	0.0004791378
177.5	0.0004390519
177.6	0.0004386147
177.7	0.00047052270000000004
177.8	0.00042594949999999996
177.9	0.00047868490000000004
178.0	0.00042504449999999997
178.1	0.00043821710000000006
178.2	0.00043450990000000006
178.3	0.00047201289999999993
178.4	0.00045400329999999996
178.5	0.00043115400000000005
178.6	0.0004430937
178.7	0.00040845460000000003
178.8	0.00043847410000000004
178.9	0.0004394419
179.0	0.0004437099
179.1	0.0004322943
179.2	0.0004565543
179.3	0.0004104681
179.4	0.0004506317
179.5	0.0004285562
179.6	0.00046666799999999994
179.7	0.0004226801
179.8	0.00044128360000000004
179.9	0.00047919250000000004
180.0	0.00046325779999999996
180.1	0.0004364611
180.2	0.000518179
180.3	0.0004208001
180.4	0.00041076450000000005
180.5	0.0004680724
180.6	0.0004928874
180.7	0.0004603858
180.8	0.0004492673
180.9	0.00040531769999999995
181.0	0.0004239518
181.1	0.0003949701
181.2	0.00040972659999999995
181.3	0.0003798076
181.4	0.00031525839999999993
181.5	0.0003576152
181.6	0.00040839150000000004
181.7	0.0004978038
181.8	0.0004598941
181.9	0.00046764319999999997
182.0	0.000430218
182.1	0.00045734280000000007
182.2	0.00041100640000000003
182.3	0.00044913360000000004
182.4	0.00045254420000000005
182.5	0.0004836176
182.6	0.0004441855
182.7	0.0004069636
182.8	0.0004116467
182.9	0.0004375925
183.0	0.0004291096
183.1	0.0004265668
183.2	0.00045074150000000006
183.3	0.0004599174
183.4	0.0004232341
183.5	0.00046517760000000004
183.6	0.00046375670000000003
183.7	0.0004614161
183.8	0.00042629990000000003
183.9	0.0004461606
184.0	0.00042002649999999995
184.1	0.0004314191
184.2	0.0004269715
184.3	0.00046467869999999997
184.4	0.00048061990000000004
184.5	0.00044312560000000004
184.6	0.0004420011
184.7	0.00042075319999999996
184.8	0.00045990269999999996
184.9	0.000405092
185.0	0.00045856059999999993
185.1	0.0004925513
185.2	0.0004508116
185.3	0.00039980829999999997
185.4	0.00045068630000000005
185.5	0.000484241
185.6	0.00043911420000000007
185.7	0.0004394418
185.8	0.000439356
185.9	0.0004503587
186.0	0.0004383568
186.1	0.0004324338
186.2	0.0004195039
186.3	0.0004673856
186.4	0.0004155794
186.5	0.00042281259999999994
186.6	0.0004598088
186.7	0.00041834919999999995
186.8	0.00045429850000000007
186.9	0.0004179822
187.0	0.0004121223
187.1	0.00046402289999999995
187.2	0.0004302958
187.3	0.00045196650000000005
187.4	0.00040922739999999994
187.5	0.00040481770000000005
187.6	0.00047733549999999996
187.7	0.00041955869999999996
187.8	0.00045628950000000003
187.9	0.0004839605
188.0	0.0004238897
188.1	0.00046495099999999996
188.2	0.00042046400000000006
188.3	0.00040620730000000006
188.4	0.0005301332
188.5	0.0004422509
188.6	0.00046065200000000003
188.7	0.00044225840000000003
188.8	0.0004226567
188.9	0.0004473548
189.0	0.0004307334
189.1	0.0004952050000000001
189.2	0.0004471439
189.3	0.0004284627
189.4	0.0004290009
189.5	0.00045006239999999996
189.6	0.0004306476
189.7	0.00047306740000000006
189.8	0.0004625244
189.9	0.0004281977
190.0	0.00040797080000000007
190.1	0.0004332226
190.2	0.00045670309999999996
190.3	0.00047394850000000003
190.4	0.00043653130000000003
190.5	0.0004657791
190.6	0.00042854780000000004
190.7	0.00040864179999999995
190.8	0.000438045
190.9	0.0004319116
191.0	0.0004161725
191.1	0.00043237949999999994
191.2	0.0004381695
191.3	0.0004754231
191.4	0.0004255834
191.5	0.00043723349999999993
191.6	0.00045471309999999996
191.7	0.00037756030000000003
191.8	0.00038741609999999994
191.9	0.00037357320000000005
192.0	0.0004253802
192.1	0.00044925119999999997
192.2	0.0004237488999999999
192.3	0.0005029381
192.4	0.0004639138
192.5	0.0004549312
192.6	0.0004614393
192.7	0.0004478297
192.8	0.0004833595
192.9	0.00036192220000000005
193.0	0.00042390449999999997
193.1	0.00043461920000000003
193.2	0.00038402999999999994
193.3	0.00046381250000000003
193.4	0.0004213223
193.5	0.00043092099999999996
193.6	0.0004187082
193.7	0.0004397233
193.8	0.0004375142
193.9	0.00046524039999999993
194.0	0.000460168
194.1	0.00039795870000000004
194.2	0.0004268163
194.3	0.000459894
194.4	0.00042121319999999994
194.5	0.0004129568
194.6	0.0004384193
194.7	0.0004186301
194.8	0.00042150269999999994
194.9	0.00044388189999999996
195.0	0.0004532225
195.1	0.0004084466
195.2	0.00043535340000000006
195.3	0.0004680733
195.4	0.00046897029999999997
195.5	0.0004477364
195.6	0.00044285300000000005
195.7	0.0004098284
195.8	0.0004772573
195.9	0.0004257388
196.0	0.0004593636
196.1	0.00045027340000000003
196.2	0.0004560082
196.3	0.0004579283
196.4	0.0004311235
196.5	0.0004388565
196.6	0.00046245430000000005
196.7	0.0004438275
196.8	0.0004502735
196.9	0.0004543228
197.0	0.00047815429999999994
197.1	0.00043053030000000003
197.2	0.0004710142
197.3	0.00042228209999999993
197.4	0.00044775950000000006
197.5	0.000447277
197.6	0.00042360810000000005
197.7	0.00046201679999999994
197.8	0.00042086969999999995
197.9	0.00048552919999999997
198.0	0.0004393638
198.1	0.0004106161
198.2	0.00041113149999999997
198.3	0.00041506340000000005
198.4	0.000434377
198.5	0.00038891479999999997
198.6	0.0004533242
198.7	0.0004021105
198.8	0.0004509439
198.9	0.00043615729999999994
199.0	0.00046869769999999993
199.1	0.0004569528
199.2	0.0004762036
199.3	0.00046850210000000007
199.4	0.0003821648
199.5	0.0004426259
199.6	0.0004107571
199.7	0.00044854070000000006
199.8	0.00044317980000000004
199.9	0.00044968
200.0	0.0004604252
200.1	0.0004103818
200.2	0.0004428756
200.3	0.0004591607
200.4	0.000472942
200.5	0.00043763920000000004
200.6	0.00039749889999999996
200.7	0.0004832897
200.8	0.0005011351
200.9	0.00044236780000000004
201.0	0.0004556494
201.1	0.00048646500000000005
201.2	0.00045133390000000003
201.3	0.00041759250000000006
201.4	0.00035962850000000003
201.5	0.00045167030000000004
201.6	0.00047102980000000003
201.7	0.00048360829999999995
201.8	0.0003940184
201.9	0.00043853660000000005
202.0	0.00044744829999999997
202.1	0.0004195432
202.2	0.0004629614
202.3	0.00042388939999999997
202.4	0.0004653181
202.5	0.0004367728
202.6	0.0004788794
202.7	0.0004959076
202.8	0.00040788400000000007
202.9	0.00043930879999999996
203.0	0.0004205573
203.1	0.00043581310000000004
203.2	0.0003851928
203.3	0.00042495829999999996
203.4	0.00046030779999999997
203.5	0.00044257119999999996
203.6	0.0004092117
203.7	0.0005192549999999999
203.8	0.00043451089999999997
203.9	0.0004756418
204.0	0.00041680380000000004
204.1	0.00045549310000000005
204.2	0.00044186109999999997
204.3	0.0004424699
204.4	0.0004715847
204.5	0.00043881789999999996
204.6	0.00048325810000000006
204.7	0.00045282459999999993
204.8	0.00043788050000000004
204.9	0.000390374
205.0	0.000435696
205.1	0.0004917561
205.2	0.000455431
205.3	0.0004289307
205.4	0.0004596453
205.5	0.0004680721
205.6	0.00041730409999999994
205.7	0.00044768249999999993
205.8	0.00041816959999999996
205.9	0.0004432809
206.0	0.00044348380000000005
206.1	0.0004363593
206.2	0.00045382450000000003
206.3	0.000464678
206.4	0.00040238370000000005
206.5	0.00041820109999999997
206.6	0.00040516959999999997
206.7	0.0003935418000000001
206.8	0.0004331055
206.9	0.00040251579999999994
207.0	0.000467495
207.1	0.0004476271
207.2	0.0004184742
207.3	0.0004620875
207.4	0.0004554392
207.5	0.00036591809999999994
207.6	0.0003820635
207.7	0.0003763506
207.8	0.000409828
207.9	0.00041435329999999995
208.0	0.0004713577
208.1	0.00044085389999999993
208.2	0.000408189
208.3	0.00041576650000000004
208.4	0.00046201740000000003
208.5	0.00042076079999999995
208.6	0.00045007820000000004
208.7	0.00044686989999999995
208.8	0.00045492439999999997
208.9	0.00042768250000000004
209.0	0.0004031797
209.1	0.00047377709999999997
209.2	0.0004339014
209.3	0.00042337489999999994
209.4	0.00041986339999999995
209.5	0.0005210343
209.6	0.0004544078
209.7	0.0004563439
209.8	0.00048477190000000003
209.9	0.00043865329999999994
210.0	0.00044911060000000006
210.1	0.00044594910000000004
210.2	0.00043704610000000005
210.3	0.0004338151
210.4	0.00045900480000000005
210.5	0.0004495706
210.6	0.0004790754
210.7	0.00044484909999999996
210.8	0.0004917328
210.9	0.0004188479
211.0	0.00047519739999999993
211.1	0.0004513503
211.2	0.00048643399999999994
211.3	0.0004582091
211.4	0.00047390999999999997
211.5	0.0004300548
211.6	0.00046801810000000004
211.7	0.000434728
211.8	0.0004314906000000001
211.9	0.00043988619999999997
212.0	0.000455774
212.1	0.00042929029999999997
212.2	0.0004396994000000001
212.3	0.00045244200000000006
212.4	0.0004802851
212.5	0.0003616035
212.6	0.00046540389999999996
212.7	0.00045073369999999995
212.8	0.00043977700000000003
212.9	0.00047685210000000003
213.0	0.00047638289999999995
213.1	0.0005050064
213.2	0.0004429218
213.3	0.00046846240000000003
213.4	0.00045031220000000004
213.5	0.00045239550000000003
213.6	0.0004619546
213.7	0.0004247949
213.8	0.00041350320000000003
213.9	0.00044297729999999994
214.0	0.0004600983
214.1	0.0004412061
214.2	0.00041745179999999995
214.3	0.0004273229
214.4	0.0004561101
214.5	0.000465045
214.6	0.00040969450000000006
214.7	0.00041078750000000003
214.8	0.00045224660000000005
214.9	0.00044797859999999996
215.0	0.00043461169999999997
215.1	0.00047409669999999994
215.2	0.00046150980000000003
215.3	0.0003969129
215.4	0.0004049271
215.5	0.00044411630000000004
215.6	0.00048253990000000007
215.7	0.0004306006
215.8	0.0004408391
215.9	0.0004377718
216.0	0.000453987
216.1	0.00046705029999999994
216.2	0.0004563288
216.3	0.0004675885
216.4	0.000415892
216.5	0.0003948617
216.6	0.000419356
216.7	0.0004548223
216.8	0.00043994080000000005
216.9	0.0004136746
217.0	0.0004377486
217.1	0.00039447080000000007
217.2	0.00041166950000000004
217.3	0.0003691801000000001
217.4	0.000435681
217.5	0.0003889216
217.6	0.00037965220000000003
217.7	0.0003786696
217.8	0.00039266029999999996
217.9	0.000250318
218.0	0.00026140760000000006
218.1	0.0003060819
218.2	0.00028928039999999997
218.3	0.0003125189
218.4	0.0003375444
218.5	0.0002542124
218.6	0.00020657979999999998
218.7	0.00019300220000000002
218.8	0.00038546559999999997
218.9	0.00043227029999999995
219.0	0.0004132373
219.1	0.000456211
219.2	0.0004250451
219.3	0.00043657019999999996
219.4	0.0004525437
219.5	0.00042641799999999997
219.6	0.00041583679999999994
219.7	0.0003967185
219.8	0.0004499532
219.9	0.00043286400000000004
220.0	0.00046553660000000005
220.1	0.0004306315
220.2	0.00047974709999999997
220.3	0.0004475809
220.4	0.00042246130000000005
220.5	0.00045466599999999995
220.6	0.0004189424
220.7	0.00045410449999999994
220.8	0.0004451778
220.9	0.0004817053
221.0	0.0004095474
221.1	0.00045407259999999996
221.2	0.000433597
221.3	0.00043166209999999995
221.4	0.0004633285
221.5	0.0003931673
221.6	0.0004334561
221.7	0.0004986538
221.8	0.00042964869999999994
221.9	0.0004409012
222.0	0.0004485561
222.1	0.000417031
222.2	0.00043660879999999995
222.3	0.00042933619999999996
222.4	0.0004507647
222.5	0.00044997689999999997
222.6	0.0004466442
222.7	0.0004304676
222.8	0.0004131363
222.9	0.00044595759999999996
223.0	0.0004214863
223.1	0.0004147671
223.2	0.0004040914
223.3	0.00048176839999999996
223.4	0.00039186440000000004
223.5	0.00042878999999999997
223.6	0.00041068649999999996
223.7	0.0004357583
223.8	0.0004378034
223.9	0.0004116617
224.0	0.0004418375
224.1	0.0004532076
224.2	0.00044334409999999996
224.3	0.00043080399999999996
224.4	0.00037748329999999996
224.5	0.00041837280000000003
224.6	0.0005023997000000001
224.7	0.0004134246
224.8	0.00044397610000000004
224.9	0.0004579832
225.0	0.00044303130000000003
225.1	0.0004513574
225.2	0.00044330470000000007
225.3	0.00048630069999999997
225.4	0.0004413374
225.5	0.00041295720000000005
225.6	0.00042886780000000004
225.7	0.00043925500000000005
225.8	0.0004206117
225.9	0.00046596529999999993
226.0	0.000430288
226.1	0.0004323949
226.2	0.0004817212
226.3	0.00040918050000000004
226.4	0.0004290942
226.5	0.00047085839999999997
226.6	0.0004166559
226.7	0.00042655069999999995
226.8	0.0004811745
226.9	0.00041418189999999994
227.0	0.0003949778
227.1	0.0004289535
227.2	0.0003528938
227.3	0.0004214395
227.4	0.00046055790000000004
227.5	0.00043753830000000006
227.6	0.0003586688
227.7	0.00040865819999999996
227.8	0.0003357112
227.9	0.0003875877
228.0	0.00048035549999999997
228.1	0.00043379210000000004
228.2	0.000386685
228.3	0.0003956757
228.4	0.0003902004
228.5	0.00039020790000000004
228.6	0.00039573809999999995
228.7	0.0003162064
228.8	0.0003778965
228.9	0.00034632040000000003
229.0	0.00036229519999999996
229.1	0.00036475259999999997
229.2	0.0003938635
229.3	0.0003597284
229.4	0.0003781141
229.5	0.000359604
229.6	0.00037494099999999995
229.7	0.0003603896
229.8	0.0003981802
229.9	0.00034374570000000003
230.0	0.0003643015
230.1	0.00038894820000000003
230.2	0.0003757421
230.3	0.0003672804
230.4	0.0003382239
230.5	0.00040821280000000003
230.6	0.0003972702999999999
230.7	0.0004252295
230.8	0.00042470889999999997
230.9	0.0003537634
231.0	0.00039318710000000006
231.1	0.0004291967
231.2	0.00037496479999999993
231.3	0.00037186899999999993
231.4	0.0004193346
231.5	0.00039344360000000004
231.6	0.00040811170000000003
231.7	0.00033854290000000003
231.8	0.0004093639
231.9	0.00039944000000000004
232.0	0.00037381320000000003
232.1	0.00039877120000000004
232.2	0.00035093219999999994
232.3	0.00040377210000000003
232.4	0.0003487315000000001
232.5	0.0004116734
232.6	0.00039509239999999996
232.7	0.00037345579999999997
232.8	0.00034023849999999993
232.9	0.0003850751
233.0	0.00036985450000000003
233.1	0.0003563845
233.2	0.00040043550000000005
233.3	0.0003443293
233.4	0.00037168229999999996
233.5	0.00035163239999999997
233.6	0.0004535863
233.7	0.0004085549
233.8	0.0003795842
233.9	0.0003754622
234.0	0.00037868220000000005
234.1	0.0003834417
234.2	0.0003954504
234.3	0.0003965234
234.4	0.00041659699999999994
234.5	0.00043476480000000003
234.6	0.0003827889
234.7	0.0004226322
234.8	0.0004072795
234.9	0.00041062380000000004
235.0	0.0003755163
235.1	0.00033750839999999995
235.2	0.0003691392
235.3	0.00044102600000000007
235.4	0.0004645526
235.5	0.00041883649999999997
235.6	0.000345068
235.7	0.00042773389999999995
235.8	0.0004103283
235.9	0.0003838773
236.0	0.0003865369
236.1	0.00043051039999999997
236.2	0.0004006999
236.3	0.00037676900000000005
236.4	0.000415866
236.5	0.0003923314
236.6	0.00037929630000000004
236.7	0.00044141460000000004
236.8	0.000358865
236.9	0.0003992922
237.0	0.0004117047
237.1	0.00036986209999999997
237.2	0.00032388230000000005
237.3	0.0003555524
237.4	0.00040472850000000004
237.5	0.0003601875
237.6	0.0004216754
237.7	0.0003880773
237.8	0.0004107485
237.9	0.0003870817
238.0	0.00041928790000000005
238.1	0.00040168740000000005
238.2	0.0004201433
238.3	0.00037499579999999993
238.4	0.0003205695999999999
238.5	0.0004037876
238.6	0.00039325690000000007
238.7	0.0003798798
238.8	0.00043016079999999996
238.9	0.0004119459
239.0	0.00039813330000000005
239.1	0.0003804479
239.2	0.00039571439999999995
239.3	0.0003762866
239.4	0.00035296979999999996
239.5	0.0004189301
239.6	0.00043824909999999996
239.7	0.0003865681
239.8	0.0004196995
239.9	0.00037544650000000004
240.0	0.0003959324
240.1	0.0004099548
240.2	0.0003934982
240.3	0.00042925069999999997
240.4	0.0003810622
240.5	0.0004335513
240.6	0.00040095679999999995
240.7	0.0003907836
240.8	0.00045735829999999993
240.9	0.00042591419999999996
241.0	0.00038275760000000005
241.1	0.0004571565000000001
241.2	0.00044096340000000003
241.3	0.00038900260000000004
241.4	0.00041608370000000006
241.5	0.00036875799999999995
241.6	0.00039850679999999997
241.7	0.00041383589999999997
241.8	0.00042977209999999996
241.9	0.00041090399999999997
242.0	0.00038918129999999994
242.1	0.00040595739999999995
242.2	0.00039118819999999996
242.3	0.000383092
242.4	0.00033928189999999996
242.5	0.0003879992999999999
242.6	0.00042919609999999994
242.7	0.00036716379999999994
242.8	0.00041445030000000007
242.9	0.00040278410000000003
243.0	0.00038772739999999996
243.1	0.0003594793999999999
243.2	0.00041044499999999995
243.3	0.00039677989999999997
243.4	0.00036063839999999996
243.5	0.00034783670000000004
243.6	0.00034821789999999993
243.7	0.00035398129999999995
243.8	0.00040148510000000007
243.9	0.0003921448
244.0	0.0004322841
244.1	0.00038580640000000007
244.2	0.00038906469999999997
244.3	0.0004119851
244.4	0.0003721565
244.5	0.0003882405
244.6	0.00033925030000000003
244.7	0.00038949259999999995
244.8	0.0004009718
244.9	0.00045768509999999997
245.0	0.00037364250000000005
245.1	0.0004175848
245.2	0.00042574290000000004
245.3	0.00038155209999999993
245.4	0.0004229902
245.5	0.0004015786
245.6	0.00041288699999999997
245.7	0.00038567370000000003
245.8	0.0003879298
245.9	0.00037511209999999996
246.0	0.00040111220000000003
246.1	0.0003810232
246.2	0.00038786690000000004
246.3	0.00039523250000000003
246.4	0.00041238140000000005
246.5	0.000427944
246.6	0.0004244211
246.7	0.0004196925
246.8	0.00041648810000000005
246.9	0.0004206101
247.0	0.00042653600000000004
247.1	0.0003953491
247.2	0.0003807047
247.3	0.0004087962
247.4	0.0003972312
247.5	0.00044017789999999997
247.6	0.0004192493
247.7	0.00037376650000000005
247.8	0.000435737
247.9	0.0003598377
248.0	0.0004202758
248.1	0.00035045780000000004
248.2	0.0003686412
248.3	0.0004172891
248.4	0.00042484820000000004
248.5	0.0004240789
248.6	0.0003798016
248.7	0.00038944619999999996
248.8	0.0004409554
248.9	0.0003810391
249.0	0.0003593007
249.1	0.00034783700000000004
249.2	0.00040924740000000004
249.3	0.0003876412
249.4	0.00044237869999999997
249.5	0.0003988645
249.6	0.00041516590000000004
249.7	0.0004091149
249.8	0.0004076606
249.9	0.0004013143
250.0	0.0004301761
250.1	0.0004655946
250.2	0.0004242887
250.3	0.00040464299999999994
250.4	0.00040258989999999995
250.5	0.0004067355
250.6	0.0004428611
250.7	0.00040008530000000005
250.8	0.0003618829
250.9	0.000361276
251.0	0.0004353948
251.1	0.0003681591
251.2	0.00038343420000000006
251.3	0.00036628519999999995
251.4	0.0004051334
251.5	0.00037840199999999996
251.6	0.00042987269999999995
251.7	0.0004482511
251.8	0.0004231533
251.9	0.0004039586
252.0	0.00038701940000000003
252.1	0.0003813112
252.2	0.0004283097
252.3	0.0004101182
252.4	0.000434275
252.5	0.0003953413
252.6	0.0004134782
252.7	0.00042829429999999996
252.8	0.00041217949999999994
252.9	0.0003949137
253.0	0.0004260616
253.1	0.0004013611
253.2	0.0004010191
253.3	0.00040914580000000003
253.4	0.0003663627999999999
253.5	0.0003441891
253.6	0.00032422449999999997
253.7	0.00026854639999999996
253.8	0.00017548180000000007
253.9	0.00020957780000000002
254.0	0.00015828589999999996
254.1	0.0001887735
254.2	0.00025072029999999995
254.3	0.00043493570000000003
254.4	0.00038383069999999996
254.5	0.00037868970000000005
254.6	0.0003641072000000001
254.7	0.0004339564
254.8	0.00040719439999999997
254.9	0.00038341850000000007
255.0	0.0004052806
255.1	0.0004500631
255.2	0.0004303707
255.3	0.0004390815
255.4	0.00039062050000000006
255.5	0.0004021622
255.6	0.0004069921
255.7	0.00043199600000000003
255.8	0.00041511920000000005
255.9	0.0004282941
256.0	0.00040495430000000006
256.1	0.0004772607
256.2	0.00038859089999999995
256.3	0.0004548227
256.4	0.0004109504
256.5	0.0004153057
256.6	0.0004114638
256.7	0.0004243038
256.8	0.0003768152
256.9	0.0003377568
257.0	0.0004199564
257.1	0.0004135167
257.2	0.00041672130000000004
257.3	0.00042220450000000003
257.4	0.00046221909999999997
257.5	0.00038686430000000005
257.6	0.00040219329999999996
257.7	0.0003928057
257.8	0.00037290390000000004
257.9	0.00047157560000000005
258.0	0.00040842260000000007
258.1	0.0004401234
258.2	0.00042145020000000004
258.3	0.00038595389999999995
258.4	0.00037953750000000006
258.5	0.00038845799999999995
258.6	0.0004057396
258.7	0.00043843569999999995
258.8	0.000419957
258.9	0.00036909250000000007
259.0	0.0004076372
259.1	0.00042312229999999995
259.2	0.0004295229
259.3	0.00045087979999999995
259.4	0.00041313620000000005
259.5	0.0004065018
259.6	0.00041324510000000005
259.7	0.00038470150000000005
259.8	0.00042636489999999997
259.9	0.00036045179999999997
260.0	0.00047634319999999996
260.1	0.0004338084
260.2	0.00038556500000000004
260.3	0.0004320195
260.4	0.00041042960000000007
260.5	0.00039961090000000004
260.6	0.00042832479999999995
260.7	0.00035724769999999996
260.8	0.0004104371000000001
260.9	0.0004171571
261.0	0.0004482665
261.1	0.00038409530000000004
261.2	0.00041113719999999996
261.3	0.0003612064
261.4	0.0004474887
261.5	0.0004199023
261.6	0.00043813250000000005
261.7	0.00044944890000000006
261.8	0.0004168147
261.9	0.0004023568
262.0	0.0004516339
262.1	0.00040297120000000003
262.2	0.000460866
262.3	0.00045951240000000006
262.4	0.00041884439999999995
262.5	0.00044929320000000004
262.6	0.000461006
262.7	0.00041289470000000004
262.8	0.0003992303
262.9	0.00041707889999999996
263.0	0.00041090390000000004
263.1	0.00042013550000000004
263.2	0.0004555696
263.3	0.00041752250000000004
263.4	0.0004114404
263.5	0.0004317084
263.6	0.0003962122
263.7	0.00041566340000000006
263.8	0.00040605089999999996
263.9	0.00039371579999999994
264.0	0.0003495560999999999
264.1	0.00030747170000000005
264.2	0.0002534891
264.3	0.00020534680000000008
264.4	0.00021825000000000002
264.5	0.00021415919999999997
264.6	0.00035300869999999995
264.7	0.0003345996
264.8	0.00038263310000000004
264.9	0.00042298220000000004
265.0	0.00040338280000000004
265.1	0.0004303942
265.2	0.00044619770000000003
265.3	0.00043435269999999996
265.4	0.0003813106
265.5	0.00039489029999999995
265.6	0.00042404
265.7	0.0004248255
265.8	0.0004539674
265.9	0.00046945259999999996
266.0	0.0004298496
266.1	0.0004279754
266.2	0.00039822699999999997
266.3	0.00039324119999999997
266.4	0.00042861350000000006
266.5	0.00045636269999999995
266.6	0.0003951156
266.7	0.00040042800000000004
266.8	0.00039990669999999997
266.9	0.0004277494
267.0	0.00046007259999999994
267.1	0.00042646650000000003
267.2	0.0004561062
267.3	0.0003711691
267.4	0.0004048766
267.5	0.00042022129999999997
267.6	0.000433334
267.7	0.0004599247
267.8	0.00044666419999999995
267.9	0.0003298865
268.0	0.00039076000000000003
268.1	0.0003949294
268.2	0.00040804169999999996
268.3	0.0004335358
268.4	0.0004377512
268.5	0.0004294764
268.6	0.0003960411
268.7	0.0004237678
268.8	0.00045702380000000003
268.9	0.0004398983
269.0	0.0003993468
269.1	0.00040913070000000003
269.2	0.00039792330000000005
269.3	0.0004249499
269.4	0.0003949134000000001
269.5	0.0004741028
269.6	0.00040950399999999993
269.7	0.0003843049
269.8	0.0004608427
269.9	0.0004075285
270.0	0.00042869079999999996
270.1	0.00036703930000000004
270.2	0.00043952449999999996
270.3	0.0003929845
270.4	0.000395932
270.5	0.0004266994
270.6	0.00041145600000000004
270.7	0.00041356349999999994
270.8	0.00043054949999999997
270.9	0.00043121060000000006
271.0	0.0004473335
271.1	0.00044864760000000003
271.2	0.0004394858
271.3	0.00041487789999999995
271.4	0.00037921119999999997
271.5	0.0004361182
271.6	0.00041035179999999994
271.7	0.00038862139999999994
271.8	0.00042693280000000004
271.9	0.00040093329999999996
272.0	0.00041862689999999994
272.1	0.0004147613
272.2	0.00044354550000000006
272.3	0.00039750360000000005
272.4	0.0004571869
272.5	0.00040836020000000004
272.6	0.0004923179
272.7	0.0004440278
272.8	0.0004826039
272.9	0.00044995420000000004
273.0	0.0004483369
273.1	0.00040536639999999997
273.2	0.000415928
273.3	0.0004311171
273.4	0.0003848339
273.5	0.00044389580000000003
273.6	0.0004462442
273.7	0.00047109329999999995
273.8	0.00041991010000000004
273.9	0.00043586150000000007
274.0	0.0004646847
274.1	0.00047662280000000006
274.2	0.00038301400000000004
274.3	0.0004034142
274.4	0.00039636040000000003
274.5	0.00039905889999999997
274.6	0.0003954034
274.7	0.0004096595
274.8	0.0003949836
274.9	0.00039650819999999997
275.0	0.0003831772
275.1	0.0004094415
275.2	0.00040395849999999995
275.3	0.00042919599999999996
275.4	0.0004245377
275.5	0.00039674910000000004
275.6	0.00038109309999999997
275.7	0.0004367716
275.8	0.00038043969999999996
275.9	0.00045297969999999997
276.0	0.0004471235
276.1	0.0004052185
276.2	0.00039658569999999994
276.3	0.0004516574
276.4	0.00040177309999999994
276.5	0.0004992397000000001
276.6	0.00046107550000000003
276.7	0.0004243043
276.8	0.0003728879
276.9	0.00038892490000000005
277.0	0.0003797396000000001
277.1	0.0004868966
277.2	0.00048261910000000003
277.3	0.0004713033
277.4	0.0004273371999999999
277.5	0.00044449429999999997
277.6	0.00040122119999999996
277.7	0.0004284731
277.8	0.0003720945
277.9	0.000422329
278.0	0.00040671169999999994
278.1	0.00041656580000000004
278.2	0.0004245999
278.3	0.0004334351
278.4	0.000527262
278.5	0.00039795449999999996
278.6	0.00042799839999999994
278.7	0.0004518365
278.8	0.0004188368
278.9	0.00040743509999999997
279.0	0.00043360599999999995
279.1	0.0003846242
279.2	0.0004251985
279.3	0.00045039760000000005
279.4	0.00039892659999999996
279.5	0.0004124675
279.6	0.0004230289
279.7	0.0004633392
279.8	0.0004605939
279.9	0.0003849115
280.0	0.0003435907
280.1	0.00046910219999999996
280.2	0.00038853589999999995
280.3	0.00049168
280.4	0.00038353519999999997
280.5	0.00044023230000000003
280.6	0.00039240900000000003
280.7	0.00040220110000000007
280.8	0.0004353794
280.9	0.0004541853
281.0	0.00042003479999999996
281.1	0.00042491899999999995
281.2	0.0004354493
281.3	0.0003693493
281.4	0.00036061479999999993
281.5	0.00040164869999999997
281.6	0.00042309099999999995
281.7	0.0004042851
281.8	0.0004573274
281.9	0.0004331864
282.0	0.0004526452
282.1	0.0004555228
282.2	0.00041575680000000004
282.3	0.00040186649999999997
282.4	0.00039590119999999995
282.5	0.0004295234
282.6	0.00042563440000000007
282.7	0.00044092450000000004
282.8	0.0004114638
282.9	0.00047712840000000003
283.0	0.00042288879999999995
283.1	0.0004577159
283.2	0.000371076
283.3	0.00043972689999999997
283.4	0.00045192969999999997
283.5	0.00039496770000000005
283.6	0.0003806035
283.7	0.00038774269999999997
283.8	0.00044664110000000004
283.9	0.0003990351
284.0	0.00041834639999999997
284.1	0.0004533297
284.2	0.0004103281
284.3	0.00043737809999999997
284.4	0.0004088588
284.5	0.0004795161
284.6	0.0004184556
284.7	0.00041403819999999994
284.8	0.0004077927
284.9	0.0004042543
285.0	0.00044503920000000006
285.1	0.0004068283000000001
285.2	0.00040505539999999995
285.3	0.0003289221999999999
285.4	0.0003016701
285.5	0.0003283775
285.6	0.0003484206
285.7	0.0004196614
285.8	0.0004544807
285.9	0.0004277187000000001
286.0	0.00040908409999999997
286.1	0.00042559560000000006
286.2	0.00031534269999999994
286.3	0.0003881937
286.4	0.00040598850000000004
286.5	0.00039637580000000003
286.6	0.00040110429999999994
286.7	0.00040237199999999996
286.8	0.00036052959999999994
286.9	0.0004457853
287.0	0.0004244677
287.1	0.00043089170000000005
287.2	0.00040775379999999996
287.3	0.00043965679999999997
287.4	0.00042963990000000003
287.5	0.0004284186
287.6	0.0004036322
287.7	0.0004166123
287.8	0.00039114920000000005
287.9	0.00038159889999999996
288.0	0.0003855495
288.1	0.00036374939999999994
288.2	0.0003994012
288.3	0.0004265828
288.4	0.00043842820000000005
288.5	0.0003491512
288.6	0.00038378420000000004
288.7	0.00042757080000000006
288.8	0.0003658957
288.9	0.0003841342
289.0	0.000493655
289.1	0.00037473140000000003
289.2	0.00036895280000000003
289.3	0.00036393630000000003
289.4	0.000329327
289.5	0.00040039679999999997
289.6	0.00038495870000000005
289.7	0.0003892751
289.8	0.0004241642
289.9	0.00036187519999999996
290.0	0.00034936890000000006
290.1	0.00036936459999999994
290.2	0.0004207577
290.3	0.0003377807
290.4	0.00035211439999999997
290.5	0.0003896562
290.6	0.00034808560000000003
290.7	0.0004271742
290.8	0.0004095117
290.9	0.0003647367000000001
291.0	0.00040955850000000003
291.1	0.0003809999
291.2	0.000349377
291.3	0.00036603580000000007
291.4	0.0003360227000000001
291.5	0.00036465930000000003
291.6	0.00035482890000000005
291.7	0.00039118000000000003
291.8	0.0004009875
291.9	0.0003805486
292.0	0.0003682836
292.1	0.0004176935
292.2	0.0003613538
292.3	0.0003662539
292.4	0.0004001945
292.5	0.0003678637000000001
292.6	0.0003494237
292.7	0.000360071
292.8	0.00034670139999999996
292.9	0.00039545799999999995
293.0	0.0003548672000000001
293.1	0.00035016220000000007
293.2	0.0004179656
293.3	0.0003926811
293.4	0.00036566260000000004
293.5	0.0003957456
293.6	0.00037630970000000004
293.7	0.0004173049
293.8	0.0003756099
293.9	0.0003615796
294.0	0.0003683846
294.1	0.00033290420000000004
294.2	0.00038545599999999995
294.3	0.0003882016
294.4	0.00032168880000000004
294.5	0.00044694479999999996
294.6	0.0003850596
294.7	0.00042755509999999996
294.8	0.00035022449999999995
294.9	0.0003835119
295.0	0.0003789154
295.1	0.00044720899999999995
295.2	0.00034363709999999997
295.3	0.00043261010000000003
295.4	0.0003517956
295.5	0.00036688399999999994
295.6	0.0004431721
295.7	0.00039948619999999996
295.8	0.00044480579999999994
295.9	0.0004410339
296.0	0.000379631
296.1	0.0003907918
296.2	0.00037305149999999996
296.3	0.0004070695
296.4	0.0004076217
296.5	0.00034668579999999995
296.6	0.00032261469999999995
296.7	0.00036354719999999994
296.8	0.0003968501
296.9	0.0004135176
297.0	0.0004206334
297.1	0.000347456
297.2	0.00034176300000000003
297.3	0.0003685244
297.4	0.00034793789999999997
297.5	0.0003471057
297.6	0.0004109425
297.7	0.0003544711
297.8	0.0003825631
297.9	0.00036308810000000005
298.0	0.000312605
298.1	0.00035148419999999996
298.2	0.0004443777
298.3	0.000437837
298.4	0.00034691940000000003
298.5	0.0003476808
298.6	0.0004075593
298.7	0.0003795532
298.8	0.0003433104
298.9	0.0003958776
299.0	0.0003588654
299.1	0.0003906672
299.2	0.0003558866
299.3	0.00036421610000000003
299.4	0.0003849041
299.5	0.00037519750000000003
299.6	0.00036152510000000005
299.7	0.00037837859999999995
299.8	0.0004185959
299.9	0.0003717522999999999
300.0	0.00039464910000000004
300.1	0.00035507760000000007
300.2	0.00039765920000000004
300.3	0.0003551165
300.4	0.0004015549
300.5	0.00035583960000000003
300.6	0.0003875015
300.7	0.0003647915
300.8	0.00039656249999999994
300.9	0.00039628989999999995
301.0	0.0003923235
301.1	0.0003811166
301.2	0.0003997357
301.3	0.0004191404
301.4	0.00032389020000000003
301.5	0.0004135406
301.6	0.00034753339999999994
301.7	0.0003822363
301.8	0.0004065874
301.9	0.0004068595
302.0	0.00037768640000000004
302.1	0.0003482181
302.2	0.00035759699999999997
302.3	0.0003628396
302.4	0.00037562530000000003
302.5	0.0003989033
302.6	0.00037356430000000005
302.7	0.00041910119999999997
302.8	0.0003324917999999999
302.9	0.0003866462
303.0	0.00035881829999999995
303.1	0.00038697250000000003
303.2	0.00035855429999999996
303.3	0.00038407970000000003
303.4	0.00035477429999999997
303.5	0.0003991677
303.6	0.0004075904
303.7	0.0003684237
303.8	0.0003416227999999999
303.9	0.0003733471
304.0	0.00034178629999999995
304.1	0.0003471915
304.2	0.00045430169999999997
304.3	0.00040730309999999995
304.4	0.00037344779999999995
304.5	0.0003642548
304.6	0.00039295329999999997
304.7	0.0003333006
304.8	0.00040646270000000003
304.9	0.0004177321
305.0	0.0003906131
305.1	0.0004190076
305.2	0.0003825785
305.3	0.0004189067999999999
305.4	0.0003556999
305.5	0.0004509419
305.6	0.0003650642
305.7	0.00034449260000000005
305.8	0.0003516945
305.9	0.00038166880000000005
306.0	0.00038348090000000004
306.1	0.00038718250000000003
306.2	0.0003767691
306.3	0.00037066389999999995
306.4	0.0003377495
306.5	0.0003932492
306.6	0.000399339
306.7	0.00041858000000000005
306.8	0.00041358700000000004
306.9	0.0003958627
307.0	0.00044453330000000004
307.1	0.0003765896
307.2	0.0003401837
307.3	0.0003553342
307.4	0.00037964620000000004
307.5	0.0003611442
307.6	0.00040637749999999993
307.7	0.00034000520000000006
307.8	0.00035003759999999997
307.9	0.0003462892
308.0	0.0003751822
308.1	0.00032787250000000006
308.2	0.0003375241
308.3	0.00034820269999999995
308.4	0.00033274870000000003
308.5	0.0003660206
308.6	0.0003614003
308.7	0.0003824154
308.8	0.00036171170000000004
308.9	0.0003186635
309.0	0.00035127460000000004
309.1	0.00038262519999999995
309.2	0.0003718847
309.3	0.0003540822999999999
309.4	0.0003538409000000001
309.5	0.00035963559999999996
309.6	0.00040228640000000005
309.7	0.00034611049999999996
309.8	0.0003853554
309.9	0.0003955741
310.0	0.0003855107
310.1	0.00035717750000000003
310.2	0.00039329560000000004
310.3	0.00040099529999999996
310.4	0.0003309208
310.5	0.0003710753
310.6	0.0003993157
310.7	0.00038239949999999996
310.8	0.00040997079999999995
310.9	0.00034841220000000005
311.0	0.0003946648
311.1	0.0003621471
311.2	0.00036933319999999997
311.3	0.0003706169
311.4	0.00041168910000000006
311.5	0.0003913902
311.6	0.0003552408999999999
311.7	0.0003361474
311.8	0.00036609049999999997
311.9	0.00041003270000000003
312.0	0.0003305713
312.1	0.00039225370000000004
312.2	0.00036317389999999993
312.3	0.00038679400000000004
312.4	0.0003605687
312.5	0.00035217639999999997
312.6	0.00036654119999999997
312.7	0.00037599089999999996
312.8	0.00038041660000000005
312.9	0.00036688370000000005
313.0	0.0003473932
313.1	0.00036028869999999997
313.2	0.00039870099999999995
313.3	0.00035778380000000003
313.4	0.00036476079999999994
313.5	0.00038103109999999997
313.6	0.00036717910000000006
313.7	0.00033789749999999993
313.8	0.0004086793
313.9	0.00036162600000000004
314.0	0.00038688679999999997
314.1	0.00039010690000000007
314.2	0.0003663005
314.3	0.00037479350000000006
314.4	0.0003656003
314.5	0.00036683690000000003
314.6	0.00039318689999999994
314.7	0.00037854969999999996
314.8	0.0003998291
314.9	0.00036033530000000003
315.0	0.000367397
315.1	0.00037757
315.2	0.0004125059
315.3	0.000361945
315.4	0.00040524929999999994
315.5	0.00036367189999999996
315.6	0.0003790477
315.7	0.0003624895000000001
315.8	0.0003567807
315.9	0.00042356550000000005
316.0	0.00037008030000000006
316.1	0.0003473160000000001
316.2	0.00040702260000000004
316.3	0.0003908228
316.4	0.0004115884
316.5	0.0004418659
316.6	0.00043560489999999995
316.7	0.00039558999999999997
316.8	0.00041966880000000005
316.9	0.00035462669999999994
317.0	0.0004216286
317.1	0.0003714724
317.2	0.00040325840000000006
317.3	0.0004121406
317.4	0.0003806887
317.5	0.00035332019999999997
317.6	0.00040533510000000003
317.7	0.0003546498
317.8	0.00039240129999999995
317.9	0.00044073789999999995
318.0	0.000364978
318.1	0.0004005602
318.2	0.00046147260000000003
318.3	0.0004043943
318.4	0.00036489290000000005
318.5	0.0003768465
318.6	0.00040290119999999996
318.7	0.000339352
318.8	0.0003787753
318.9	0.0003630729
319.0	0.0004406762
319.1	0.0004113239
319.2	0.0004132994
319.3	0.0004044327
319.4	0.0004195602
319.5	0.00037382929999999994
319.6	0.00037749239999999997
319.7	0.00037664420000000005
319.8	0.00036874239999999995
319.9	0.0003004333
320.0	0.00037211800000000006
320.1	0.00040165649999999997
320.2	0.0003767379
320.3	0.00037116899999999997
320.4	0.00039993749999999996
320.5	0.0004244598
320.6	0.0003556605999999999
320.7	0.00038708140000000003
320.8	0.0003606692
320.9	0.0003766912
321.0	0.0003531485
321.1	0.00035443979999999996
321.2	0.00036521130000000005
321.3	0.0003849657
321.4	0.00036319710000000003
321.5	0.0003461884
321.6	0.00039983659999999997
321.7	0.0003962978
321.8	0.0003554973
321.9	0.00039667900000000004
322.0	0.00042450679999999995
322.1	0.0003852306
322.2	0.00037904750000000004
322.3	0.00038863729999999994
322.4	0.0003878436
322.5	0.0003861795
322.6	0.00038018359999999996
322.7	0.0003875174
322.8	0.0003834803
322.9	0.00037610799999999994
323.0	0.0003216267
323.1	0.0003714256
323.2	0.0003897805
323.3	0.00040508600000000003
323.4	0.00041424769999999993
323.5	0.000417693
323.6	0.00038842659999999997
323.7	0.00035492209999999995
323.8	0.0003627621
323.9	0.000369458
324.0	0.0004033053
324.1	0.00036427080000000004
324.2	0.0003743265
324.3	0.0003787367
324.4	0.00039991439999999994
324.5	0.00038427389999999995
324.6	0.0004192961
324.7	0.00039303130000000006
324.8	0.00032451250000000006
324.9	0.00033564939999999996
325.0	0.0003886837
325.1	0.0003648387
325.2	0.0003593629
325.3	0.0003586008
325.4	0.00030940099999999995
325.5	0.00032843239999999995
325.6	0.00037435740000000005
325.7	0.00025523920000000005
325.8	0.0002657076000000001
325.9	0.0003117962
326.0	0.00028913279999999994
326.1	0.0002423134
326.2	0.00029562709999999995
326.3	0.00024366619999999998
326.4	0.00024224260000000003
326.5	0.00013878770000000005
326.6	0.00018998650000000001
326.7	0.00017055849999999997
326.8	0.00017962669999999992
326.9	0.00021275100000000006
327.0	0.00021896509999999993
327.1	0.000184177
327.2	0.00017742600000000006
327.3	0.0002699385
327.4	0.0003802917
327.5	0.000416216
327.6	0.00041655
327.7	0.00040937149999999996
327.8	0.00045051440000000003
327.9	0.00037740660000000004
328.0	0.0003647843
328.1	0.0003652583
328.2	0.0003505438
328.3	0.00039798549999999996
328.4	0.000393498
328.5	0.00038636599999999997
328.6	0.00035875640000000003
328.7	0.0003481478
328.8	0.0003714491
328.9	0.0003813651
329.0	0.0004153914
329.1	0.0004035544
329.2	0.0003349573
329.3	0.0003453633
329.4	0.0004143026
329.5	0.0003833175
329.6	0.0003934513
329.7	0.0003904102
329.8	0.0003776478
329.9	0.0003581035000000001
330.0	0.0004115961
330.1	0.00037430370000000006
330.2	0.0003576593000000001
330.3	0.0003976901
330.4	0.00037961520000000004
330.5	0.00037310579999999993
330.6	0.00040449510000000003
330.7	0.000449122
330.8	0.0003952246
330.9	0.0004104218
331.0	0.00041432600000000007
331.1	0.00036374940000000004
331.2	0.00047223650000000007
331.3	0.0004587424
331.4	0.0003687109
331.5	0.00039544239999999995
331.6	0.0003867629
331.7	0.0004067425
331.8	0.00039167800000000007
331.9	0.0003835042
332.0	0.0004308218
332.1	0.0003691623
332.2	0.00042194000000000004
332.3	0.0003618127
332.4	0.00040937180000000006
332.5	0.0004268551999999999
332.6	0.00035823529999999993
332.7	0.00038284269999999996
332.8	0.0003957923
332.9	0.0004183932
333.0	0.00037683100000000005
333.1	0.00040546770000000003
333.2	0.0004015557
333.3	0.000374941
333.4	0.0004288151
333.5	0.00039400339999999995
333.6	0.0003379129999999999
333.7	0.00037183819999999995
333.8	0.00045519630000000004
333.9	0.00038176180000000005
334.0	0.00034275829999999997
334.1	0.00035659439999999993
334.2	0.0003750031
334.3	0.0003563374
334.4	0.00040125969999999997
334.5	0.00038319280000000003
334.6	0.00040451039999999993
334.7	0.0003905739
334.8	0.0003650327
334.9	0.00038701180000000004
335.0	0.0003880153
335.1	0.00042569639999999996
335.2	0.00040419980000000005
335.3	0.0003916469
335.4	0.00039069770000000004
335.5	0.0003353932000000001
335.6	0.0003931405
335.7	0.0003560031
335.8	0.0004143493
335.9	0.00036734249999999995
336.0	0.00033307529999999994
336.1	0.0003407052
336.2	0.0003322357000000001
336.3	0.00027498569999999996
336.4	0.00028832399999999996
336.5	0.00026137549999999995
336.6	0.000240882
336.7	0.00025261079999999996
336.8	0.00026550550000000003
336.9	0.00020956190000000002
337.0	0.000224853
337.1	0.00027863369999999994
337.2	0.00029292
337.3	0.00027172739999999996
337.4	0.00030304690000000005
337.5	0.00040070010000000007
337.6	0.0004236124
337.7	0.00039709109999999995
337.8	0.0003802298
337.9	0.00036668940000000004
338.0	0.000403344
338.1	0.0004133148
338.2	0.0004261245
338.3	0.0004453425
338.4	0.0004161693
338.5	0.0003575199
338.6	0.00040835259999999994
338.7	0.000401454
338.8	0.0003784643
338.9	0.00043546479999999994
339.0	0.0003525265
339.1	0.00039620470000000007
339.2	0.0003419105
339.3	0.0003471759
339.4	0.0004228268
339.5	0.00039545769999999996
339.6	0.00034735500000000004
339.7	0.0003905117
339.8	0.00038591520000000004
339.9	0.00041168909999999995
340.0	0.0004039741
340.1	0.00038690260000000005
340.2	0.00045452750000000004
340.3	0.0003385275
340.4	0.0003918337
340.5	0.0003961889
340.6	0.00040971359999999996
340.7	0.00042221969999999996
340.8	0.0004052882
340.9	0.0003883183
341.0	0.0004023568
341.1	0.00042005790000000003
341.2	0.0004035233
341.3	0.00045041290000000006
341.4	0.0004119619
341.5	0.0004073029
341.6	0.0003810697
341.7	0.00040424629999999997
341.8	0.00042676180000000006
341.9	0.0004234488
342.0	0.00040150060000000004
342.1	0.00041231950000000003
342.2	0.00038960920000000003
342.3	0.0004117594
342.4	0.00040978360000000003
342.5	0.0003796
342.6	0.00037851089999999996
342.7	0.0004518596
342.8	0.00037095940000000005
342.9	0.000391017
343.0	0.0004129728
343.1	0.0004421459
343.2	0.00041983240000000006
343.3	0.00037624779999999997
343.4	0.00037846439999999993
343.5	0.000436468
343.6	0.0003620385
343.7	0.0003924638
343.8	0.0004272987
343.9	0.0004067742
344.0	0.00039614219999999995
344.1	0.00041870439999999997
344.2	0.00042552540000000003
344.3	0.0004334663000000001
344.4	0.0004468513
344.5	0.0003582508
344.6	0.00043569039999999994
344.7	0.00038485689999999997
344.8	0.0003956132
344.9	0.0004315759
345.0	0.000390932
345.1	0.00039437670000000007
345.2	0.000407552
345.3	0.0003300194
345.4	0.00046353370000000004
345.5	0.00040374039999999995
345.6	0.0004077233
345.7	0.00042789760000000004
345.8	0.0003880305
345.9	0.0004342361
346.0	0.0003799344
346.1	0.00044198290000000003
346.2	0.00042944500000000003
346.3	0.00042552519999999996
346.4	0.00045378880000000006
346.5	0.00041848700000000005
346.6	0.00042307540000000005
346.7	0.0004676088
346.8	0.0004543715
346.9	0.00039519350000000007
347.0	0.00033831689999999995
347.1	0.0003229181
347.2	0.0003443293999999999
347.3	0.0003023778999999999
347.4	0.00026979869999999993
347.5	0.00025443769999999996
347.6	0.00034433689999999997
347.7	0.0003916394000000001
347.8	0.0003111044
347.9	0.00044011569999999995
348.0	0.000431817
348.1	0.0003869415
348.2	0.00035615850000000004
348.3	0.0003748945
348.4	0.000428683
348.5	0.00040769170000000003
348.6	0.0004298418
348.7	0.00039821119999999995
348.8	0.00040759060000000003
348.9	0.0004002953
349.0	0.0003932647
349.1	0.00043258719999999997
349.2	0.000395131
349.3	0.00038267990000000006
349.4	0.0003966865
349.5	0.00043758020000000004
349.6	0.00042004999999999994
349.7	0.0003794287
349.8	0.0003631273
349.9	0.00045153289999999997
