0.0	0.000545952
0.1	0.0005233805000000001
0.2	0.00046850760000000005
0.3	0.0005422475
0.4	0.0005654011
0.5	0.0005347907000000001
0.6	0.0005505187
0.7	0.0005630991
0.8	0.0005356281
0.9	0.0005326661
1.0	0.0005669742999999999
1.1	0.0005734087000000001
1.2	0.0005375736
1.3	0.0005564637
1.4	0.0005460298
1.5	0.0005474408
1.6	0.0005625954
1.7	0.0005473011999999999
1.8	0.0005416813000000001
1.9	0.000566052
2.0	0.00052783
2.1	0.0005254967999999999
2.2	0.0005361555
2.3	0.0005536032999999999
2.4	0.0005379068
2.5	0.0005570294
2.6	0.0005213260999999999
2.7	0.0005458129
2.8	0.00050435
2.9	0.0005081103
3.0	0.0005374647999999999
3.1	0.0005895159
3.2	0.0005235203999999999
3.3	0.0006091268
3.4	0.0005049467000000001
3.5	0.0005710981
3.6	0.0005551302000000001
3.7	0.0005430458000000001
3.8	0.0005276516
3.9	0.0005576027000000001
4.0	0.0005382092000000001
4.1	0.0005249619999999999
4.2	0.0005167217
4.3	0.0005392940000000001
4.4	0.0005530687
4.5	0.0005422090999999999
4.6	0.0005276358
4.7	0.0005348295000000001
4.8	0.0005228768999999999
4.9	0.0005419371
5.0	0.0005205048
5.1	0.0005350776999999999
5.2	0.0005351627999999999
5.3	0.0005564021
5.4	0.0005590835
5.5	0.0005437667
5.6	0.0005120403
5.7	0.0006021509
5.8	0.0005242797
5.9	0.0005371697
6.0	0.0006004303
6.1	0.0005576959
6.2	0.0005590921
6.3	0.0005832446
6.4	0.0005615024
6.5	0.0005386585
6.6	0.0005464717
6.7	0.0005432315
6.8	0.0005018388000000001
6.9	0.0005588354000000001
7.0	0.0005486497
7.1	0.0005598274
7.2	0.0005532463
7.3	0.0005046917000000001
7.4	0.0005357907
7.5	0.0005641293
7.6	0.0005639979
7.7	0.000542581
7.8	0.0005368833
7.9	0.0005213104
8.0	0.0005515726
8.1	0.0005675486
8.2	0.0005244497
8.3	0.0005318058
8.4	0.0005496971000000001
8.5	0.0005076141
8.6	0.0005504951000000001
8.7	0.0005362553
8.8	0.0005802528
8.9	0.0005526967999999999
9.0	0.0005083035
9.1	0.0005221479
9.2	0.0005508748000000001
9.3	0.0005853303999999999
9.4	0.0005594795
9.5	0.00055389
9.6	0.000535209
9.7	0.0005420773999999999
9.8	0.0005344804000000001
9.9	0.0005678812
10.0	0.0005666261
10.1	0.0005473168999999999
10.2	0.00048491729999999996
10.3	0.0005488438000000001
10.4	0.0005609669999999999
10.5	0.0005635489
10.6	0.0005546961
10.7	0.0005303492
10.8	0.0005530058
10.9	0.0005221163
11.0	0.000534124
11.1	0.0005431775
11.2	0.0005550757
11.3	0.0005420231999999999
11.4	0.0005513791999999999
11.5	0.0005249695000000001
11.6	0.0005036067
11.7	0.0005243724999999999
11.8	0.0005548517
11.9	0.0005354883000000001
12.0	0.0005543319
12.1	0.0005215358
12.2	0.0005324573
12.3	0.0005355115
12.4	0.0005026917
12.5	0.0005187063
12.6	0.0005633316
12.7	0.00060143
12.8	0.0005291082
12.9	0.0005594636
13.0	0.0005497735999999999
13.1	0.0005323336000000001
13.2	0.0005859045
13.3	0.0005301628000000001
13.4	0.0005093346
13.5	0.0005263492
13.6	0.0005546575
13.7	0.0005065133
13.8	0.0005341705
13.9	0.0005336971999999999
14.0	0.00048728929999999996
14.1	0.0005252331
14.2	0.0005268690999999999
14.3	0.0005345735
14.4	0.0005812063
14.5	0.0005553323
14.6	0.0005632146
14.7	0.0005458129
14.8	0.0005432631
14.9	0.0005638430000000001
15.0	0.0005258217999999999
15.1	0.000553719
15.2	0.0005441618999999999
15.3	0.00048049890000000003
15.4	0.0005150789
15.5	0.0005157293
15.6	0.0005461306999999999
15.7	0.0005609440999999999
15.8	0.0005466732
15.9	0.0005248614999999999
16.0	0.0005521228
16.1	0.0006049026
16.2	0.0005420690000000001
16.3	0.0005699129
16.4	0.0005392857
16.5	0.0005013353
16.6	0.0005512626
16.7	0.0005484404999999999
16.8	0.0005629983
16.9	0.0005244346
17.0	0.0005388138
17.1	0.0005529752
17.2	0.0005436739
17.3	0.0005431467
17.4	0.0005144504
17.5	0.0005385346
17.6	0.0005259225
17.7	0.0005149008
17.8	0.0005564331000000001
17.9	0.0005237209000000001
18.0	0.0005421308999999999
18.1	0.0005423632
18.2	0.0005409605
18.3	0.0005527354
18.4	0.00048566119999999993
18.5	0.0005365422
18.6	0.0005708506
18.7	0.0005573468000000001
18.8	0.0005512548
18.9	0.0005275044
19.0	0.000531233
19.1	0.0005247906
19.2	0.0005347907
19.3	0.0005724393
19.4	0.0005558977999999999
19.5	0.0005559135000000001
19.6	0.000505103
19.7	0.0005007929
19.8	0.0005713624
19.9	0.0005374961
20.0	0.0005043116
20.1	0.0005500383
20.2	0.0004997536999999999
20.3	0.0005487351999999999
20.4	0.0004771116
20.5	0.0005468592000000001
20.6	0.0005123116000000001
20.7	0.0005103273
20.8	0.0005055594
20.9	0.0005233109
21.0	0.000507319
21.1	0.0005761907
21.2	0.0005200003
21.3	0.0004872121
21.4	0.0005288064999999999
21.5	0.0005281241999999999
21.6	0.0005697733999999999
21.7	0.0005671134000000001
21.8	0.0005179538999999999
21.9	0.0005175518
22.0	0.0005647651000000001
22.1	0.0005566112999999999
22.2	0.0005157063
22.3	0.0005710213
22.4	0.00048439060000000006
22.5	0.0005263488
22.6	0.0005204039000000001
22.7	0.000548751
22.8	0.0005342244
22.9	0.0005324421
23.0	0.0005179306
23.1	0.0005141791000000001
23.2	0.0005821752
23.3	0.0005345044
23.4	0.0005149232000000001
23.5	0.0005020633
23.6	0.0005085364999999999
23.7	0.0005235429
23.8	0.0005316201
23.9	0.0005245664
24.0	0.0005387519
24.1	0.0004785151
24.2	0.0005236523
24.3	0.0005255436
24.4	0.0005247134
24.5	0.0005559913
24.6	0.0005137529
24.7	0.0005121796000000001
24.8	0.0005442546
24.9	0.0005480840999999999
25.0	0.0005451232000000001
25.1	0.00047579459999999997
25.2	0.0005284811
25.3	0.0005301474
25.4	0.0005299766
25.5	0.0005089315
25.6	0.000543891
25.7	0.000560301
25.8	0.0005611921999999999
25.9	0.0005445346
26.0	0.000509156
26.1	0.0004906534999999999
26.2	0.0005568674000000001
26.3	0.0005089622
26.4	0.0004908552
26.5	0.0005321543999999999
26.6	0.0005152494000000001
26.7	0.0005249544
26.8	0.0005255194
26.9	0.0005374259999999999
27.0	0.0005271863
27.1	0.0005195273
27.2	0.0005094665
27.3	0.0004978232
27.4	0.0005227986
27.5	0.0004901414999999999
27.6	0.0005194733
27.7	0.0005013662
27.8	0.0005132186
27.9	0.0005133108
28.0	0.00047980909999999997
28.1	0.0005502777000000001
28.2	0.0005237760999999999
28.3	0.0005402709999999999
28.4	0.0005268531999999999
28.5	0.00048669260000000004
28.6	0.0005017232
28.7	0.0005162336
28.8	0.0004982966000000001
28.9	0.0005456813
29.0	0.0005240087
29.1	0.000551588
29.2	0.0005215356
29.3	0.0005045603
29.4	0.0005322866
29.5	0.0005603241
29.6	0.0005392473
29.7	0.0005058073
29.8	0.0004918004
29.9	0.00047035249999999995
30.0	0.0005129619
30.1	0.0004995211
30.2	0.0005352788
30.3	0.0004995213
30.4	0.0004890571
30.5	0.0004920798
30.6	0.0004906075000000001
30.7	0.0005631373999999999
30.8	0.0005057305
30.9	0.00048595649999999996
31.0	0.0005357679
31.1	0.0005385963
31.2	0.000471608
31.3	0.0005411700999999999
31.4	0.0005143964
31.5	0.0005398676999999999
31.6	0.0005201012
31.7	0.0005257287000000001
31.8	0.0004889868999999999
31.9	0.0005352245999999999
32.0	0.0005236825000000001
32.1	0.0005156598
32.2	0.0005121329
32.3	0.0005317829
32.4	0.0005233256
32.5	0.0004758094
32.6	0.0005048310000000001
32.7	0.0005044747
32.8	0.0005192336
32.9	0.0004875213
33.0	0.00046317479999999996
33.1	0.0005110863999999999
33.2	0.0005236905
33.3	0.0005251016
33.4	0.0005008397
33.5	0.00048548320000000005
33.6	0.0005202337
33.7	0.0004931806000000001
33.8	0.0005473943
33.9	0.0005050791000000001
34.0	0.0005230853
34.1	0.0004972655
34.2	0.0005080093
34.3	0.0004922891
34.4	0.0005673545999999999
34.5	0.0005204968
34.6	0.0004856227
34.7	0.000520458
34.8	0.000542999
34.9	0.0005070939
35.0	0.0005143573
35.1	0.0004900409
35.2	0.0005010482
35.3	0.00047773219999999993
35.4	0.00047046119999999994
35.5	0.0005487201
35.6	0.0005351472
35.7	0.0005020094
35.8	0.0005018465
35.9	0.0005452471
36.0	0.0005048079
36.1	0.00048678560000000004
36.2	0.00045698899999999993
36.3	0.0005215047
36.4	0.0005126129
36.5	0.0005173422
36.6	0.0005133347000000001
36.7	0.0005142956999999999
36.8	0.000489941
36.9	0.0005474027
37.0	0.0004886379
37.1	0.0005095669
37.2	0.0005010944
37.3	0.0005321473999999999
37.4	0.0004810339
37.5	0.0005018932
37.6	0.0005084040000000001
37.7	0.00046760840000000003
37.8	0.0005332166
37.9	0.0005540997
38.0	0.0005021337999999999
38.1	0.0004715852000000001
38.2	0.0005230546
38.3	0.0005241788
38.4	0.0005509986999999999
38.5	0.00048817280000000004
38.6	0.0005034512
38.7	0.0004901879
38.8	0.0005283413
38.9	0.0005188075
39.0	0.0005266201
39.1	0.0005212643
39.2	0.0005555951999999999
39.3	0.0005066292
39.4	0.0004592603
39.5	0.0005037382
39.6	0.00047249140000000004
39.7	0.0005409919999999999
39.8	0.0005008781
39.9	0.00047567800000000005
40.0	0.0004982192999999999
40.1	0.000510722
40.2	0.0005163186
40.3	0.0005130939
40.4	0.0005696022000000001
40.5	0.00047281739999999997
40.6	0.0004780887
40.7	0.0004967465999999999
40.8	0.0005183726
40.9	0.0005247607
41.0	0.00048087130000000006
41.1	0.0005321709000000001
41.2	0.0004943195
41.3	0.0005100864
41.4	0.0005165826
41.5	0.0005258686000000001
41.6	0.0005119625999999999
41.7	0.0005093578
41.8	0.00045251629999999997
41.9	0.000513939
42.0	0.0005319299
42.1	0.000546798
42.2	0.0004862193
42.3	0.00047044510000000003
42.4	0.0005105053
42.5	0.0005087221
42.6	0.0005170469
42.7	0.0005232408
42.8	0.0004978548
42.9	0.0005596656
43.0	0.0004968856000000001
43.1	0.0004939408
43.2	0.0005142181
43.3	0.0005203956999999999
43.4	0.00047974739999999996
43.5	0.000521055
43.6	0.0005233419
43.7	0.0004735614
43.8	0.0005256511000000001
43.9	0.0005242878000000001
44.0	0.0005346972000000001
44.1	0.0005588427
44.2	0.0005431076999999999
44.3	0.000516404
44.4	0.0004659961
44.5	0.0004999166
44.6	0.0005093420999999999
44.7	0.0005268453000000001
44.8	0.0005238384
44.9	0.00048015740000000007
45.0	0.0005162960000000001
45.1	0.0005281557
45.2	0.0005487351999999999
45.3	0.0004847546
45.4	0.0005048852
45.5	0.00048779339999999996
45.6	0.00046490280000000006
45.7	0.0005223574999999999
45.8	0.0005030016000000001
45.9	0.0004919168000000001
46.0	0.0004987849
46.1	0.0005141564000000001
46.2	0.000495529
46.3	0.0005022729
46.4	0.0004803138
46.5	0.0005033578999999999
46.6	0.0004862976
46.7	0.0004964747
46.8	0.0005068545999999999
46.9	0.0005334806
47.0	0.00047363120000000003
47.1	0.0004926526999999999
47.2	0.00043621470000000006
47.3	0.0005486963999999999
47.4	0.0005509913999999999
47.5	0.00048270830000000004
47.6	0.00045950850000000003
47.7	0.0004895139
47.8	0.0005112724
47.9	0.0004821736
48.0	0.0005327286999999999
48.1	0.0005068001
48.2	0.0004686787
48.3	0.0005265739
48.4	0.0005120401000000001
48.5	0.00048068549999999996
48.6	0.0004896453
48.7	0.0005323257
48.8	0.0004845995
48.9	0.0005237138
49.0	0.0004962273
49.1	0.00050697
49.2	0.0005319534000000001
49.3	0.00047475500000000004
49.4	0.0005356281
49.5	0.0005323333
49.6	0.0005124430999999999
49.7	0.0004948856
49.8	0.0005484879
49.9	0.0005146524
50.0	0.0005161019
50.1	0.0005205820999999999
50.2	0.0005581462999999999
50.3	0.0005125827
50.4	0.0005166757
50.5	0.0005213336999999999
50.6	0.0004615853
50.7	0.0004814601999999999
50.8	0.0005656109
50.9	0.0005483869
51.0	0.0005143649999999999
51.1	0.0005117915
51.2	0.0005097996
51.3	0.0004385015
51.4	0.0005353099
51.5	0.0005367670000000001
51.6	0.0005076211
51.7	0.000523055
51.8	0.0004960717
51.9	0.00042909900000000006
52.0	0.0005099779
52.1	0.0004961262
52.2	0.00046270940000000003
52.3	0.0004589111
52.4	0.00048432039999999997
52.5	0.0005031486999999999
52.6	0.0004913281000000001
52.7	0.0004933746
52.8	0.0004842272
52.9	0.0005223032000000001
53.0	0.0005187535
53.1	0.0004356408
53.2	0.00046587170000000005
53.3	0.00045725990000000004
53.4	0.0005365503999999999
53.5	0.0004829179
53.6	0.000504661
53.7	0.000485134
53.8	0.00047888650000000004
53.9	0.0005043735
54.0	0.0004656701
54.1	0.0005127689999999999
54.2	0.0004644465
54.3	0.0005081097999999999
54.4	0.00046677849999999995
54.5	0.00044212909999999996
54.6	0.00048722729999999996
54.7	0.0004876155
54.8	0.00047863830000000003
54.9	0.00048015050000000005
55.0	0.0004694842
55.1	0.0004408575
55.2	0.0004934211
55.3	0.0004617409
55.4	0.0005064353000000001
55.5	0.0005049163999999999
55.6	0.00047384850000000003
55.7	0.0004582599
55.8	0.000494336
55.9	0.0005344880999999999
56.0	0.000512536
56.1	0.0004678559
56.2	0.0004850727
56.3	0.000482065
56.4	0.00048563100000000004
56.5	0.00044269489999999997
56.6	0.00048492550000000004
56.7	0.000517629
56.8	0.0004580349
56.9	0.00046133670000000004
57.0	0.0005140086
57.1	0.00047953810000000004
57.2	0.0005535648
57.3	0.0005054901
57.4	0.0005317208999999999
57.5	0.0004810031
57.6	0.00045023749999999993
57.7	0.0005240081
57.8	0.0004988388
57.9	0.0004641898
58.0	0.00045682580000000006
58.1	0.0004933895
58.2	0.000440439
58.3	0.0004891727
58.4	0.0004457331
58.5	0.0005231016
58.6	0.0004462458
58.7	0.0004927693
58.8	0.0004699721
58.9	0.0004698103
59.0	0.00046413529999999995
59.1	0.00048004919999999993
59.2	0.00043186619999999995
59.3	0.0004995363000000001
59.4	0.00043567279999999996
59.5	0.0005173724
59.6	0.000474159
59.7	0.0005124124
59.8	0.0004901806
59.9	0.00047814259999999996
60.0	0.00046991810000000003
60.1	0.00046500379999999997
60.2	0.0004128594
60.3	0.00048177779999999997
60.4	0.0004487175
60.5	0.0004740809
60.6	0.0004922739
60.7	0.0004243707
60.8	0.00043748589999999997
60.9	0.0004366028
61.0	0.00044822969999999993
61.1	0.00046594909999999993
61.2	0.00042601379999999994
61.3	0.00040349569999999994
61.4	0.0004100842
61.5	0.0004542213
61.6	0.0004740032
61.7	0.00045429100000000006
61.8	0.00042846329999999996
61.9	0.00048742100000000003
62.0	0.0004212314
62.1	0.0005155435
62.2	0.0004702206
62.3	0.0004962661
62.4	0.00045677930000000003
62.5	0.0005037068
62.6	0.00045663220000000007
62.7	0.0004436179
62.8	0.0004622596
62.9	0.0004653378000000001
63.0	0.0005116133
63.1	0.00047487189999999996
63.2	0.0004794222
63.3	0.0004865682
63.4	0.0004797859
63.5	0.00047160040000000005
63.6	0.000497405
63.7	0.0004681972
63.8	0.0004960946
63.9	0.000449764
64.0	0.0004330448999999999
64.1	0.0005250938
64.2	0.0004700115
64.3	0.00044771810000000003
64.4	0.0004877859
64.5	0.0004725843
64.6	0.0004504779
64.7	0.00045928360000000004
64.8	0.0003842878
64.9	0.00048622760000000003
65.0	0.00026259009999999997
65.1	0.0004345176
65.2	0.0004741583
65.3	0.0004976456000000001
65.4	0.0005005752
65.5	0.0004578797
65.6	0.0005584404
65.7	0.0004358968
65.8	0.0004757391
65.9	0.0005202339
66.0	0.0004572213
66.1	0.00047287159999999997
66.2	0.0005145205
66.3	0.0004660499
66.4	0.00046339149999999996
66.5	0.0004450673
66.6	0.0004944673000000001
66.7	0.0005172798000000001
66.8	0.0004615698
66.9	0.0004929788
67.0	0.00047778670000000003
67.1	0.00044595079999999997
67.2	0.0005281788000000001
67.3	0.0004980092000000001
67.4	0.0004986452
67.5	0.00045591100000000003
67.6	0.000447028
67.7	0.0004567179000000001
67.8	0.00048708769999999995
67.9	0.0004956844000000001
68.0	0.0004932970000000001
68.1	0.0005115276999999999
68.2	0.00048308850000000007
68.3	0.0004675547
68.4	0.0004577407
68.5	0.0004937155
68.6	0.0004901495
68.7	0.0005068931
68.8	0.00048469299999999996
68.9	0.0003868225
69.0	0.0004706082
69.1	0.00046109689999999996
69.2	0.0004952267
69.3	0.0005088933
69.4	0.0004788165
69.5	0.0005327286999999999
69.6	0.0004631126
69.7	0.0004552367
69.8	0.0005035208
69.9	0.00047048470000000004
70.0	0.00050394
70.1	0.0004965834
70.2	0.0004940795
70.3	0.0005035367
70.4	0.0004943441000000001
70.5	0.0005104973
70.6	0.000535418
70.7	0.0004497409
70.8	0.0005173026
70.9	0.0004780494
71.0	0.0005083113999999999
71.1	0.0005056294
71.2	0.0005224727
71.3	0.0005163114999999999
71.4	0.0004475326
71.5	0.0004726308
71.6	0.0005210547
71.7	0.000506583
71.8	0.0005302099000000001
71.9	0.0004965682
72.0	0.0004970952
72.1	0.0004656858
72.2	0.0005231164
72.3	0.0004709569
72.4	0.000422526
72.5	0.00038951989999999994
72.6	0.0002995643000000001
72.7	0.0003211208
72.8	0.00015545649999999995
72.9	0.00013331020000000005
73.0	0.0001662774999999999
73.1	0.0001442237999999999
73.2	0.00020562400000000006
73.3	0.0003094079
73.4	0.00046070190000000003
73.5	0.0004727248
73.6	0.00047659279999999997
73.7	0.0005129546
73.8	0.0005035825
73.9	0.0005062647
74.0	0.0004935289
74.1	0.0004620275
74.2	0.00047359260000000004
74.3	0.00047877829999999996
74.4	0.0005161558
74.5	0.00048488639999999994
74.6	0.00045126089999999997
74.7	0.0004672594
74.8	0.000519969
74.9	0.00047684789999999995
75.0	0.0004974598
75.1	0.0004767316
75.2	0.0005134039
75.3	0.0004714528
75.4	0.000463632
75.5	0.00045689610000000007
75.6	0.0004871419
75.7	0.0004429974
75.8	0.00046895749999999994
75.9	0.00046455420000000007
76.0	0.0004778092
76.1	0.0004655318
76.2	0.0004922584
76.3	0.0005300236999999999
76.4	0.0005259539
76.5	0.0004740116
76.6	0.0005125825
76.7	0.0004874287
76.8	0.0005251318
76.9	0.00045155550000000003
77.0	0.00048521150000000005
77.1	0.00046767809999999994
77.2	0.0004746002
77.3	0.0004633137
77.4	0.00048782430000000003
77.5	0.0004789799
77.6	0.00047596450000000006
77.7	0.0005043347
77.8	0.00047262369999999995
77.9	0.00042979629999999997
78.0	0.0005174349
78.1	0.0005142799
78.2	0.0005181553
78.3	0.0004920564
78.4	0.00042537799999999996
78.5	0.0005166595
78.6	0.000530194
78.7	0.0004768326
78.8	0.0005207063
78.9	0.0005071333
79.0	0.0005193187
79.1	0.00046793409999999996
79.2	0.0005226124
79.3	0.00048090270000000003
79.4	0.0005070717
79.5	0.00046506639999999996
79.6	0.0005191249
79.7	0.0004808478
79.8	0.0005290542
79.9	0.0005436505
80.0	0.0004955609
80.1	0.00043024640000000004
80.2	0.0004684999
80.3	0.0003838693
80.4	0.00041937869999999995
80.5	0.00045249270000000005
80.6	0.0005076064
80.7	0.000494305
80.8	0.00047073979999999997
80.9	0.0004884672999999999
81.0	0.0004890728000000001
81.1	0.0004925916999999999
81.2	0.0005324733
81.3	0.0005072109
81.4	0.0005005986
81.5	0.00045632210000000003
81.6	0.0004494308
81.7	0.0005436972
81.8	0.0004945055000000001
81.9	0.0005180864
82.0	0.0004986604000000001
82.1	0.0005021719
82.2	0.0005326432
82.3	0.0005040248999999999
82.4	0.0005289378
82.5	0.0005072104
82.6	0.0004662133
82.7	0.0004556326
82.8	0.0004887622000000001
82.9	0.0004618339
83.0	0.0004940256
83.1	0.00047527470000000005
83.2	0.00048103360000000006
83.3	0.0004992112999999999
83.4	0.00048045270000000005
83.5	0.0004645311
83.6	0.00046114379999999996
83.7	0.0004840259
83.8	0.0005079313
83.9	0.00048591719999999995
84.0	0.00048084819999999993
84.1	0.00046636809999999997
84.2	0.0005143036
84.3	0.0004841424
84.4	0.0004805612
84.5	0.0005014050999999999
84.6	0.0005385499
84.7	0.0004936921
84.8	0.0004666321
84.9	0.000485359
85.0	0.00047850729999999997
85.1	0.0004994984
85.2	0.0005088235
85.3	0.00045802749999999996
85.4	0.0004946528
85.5	0.0004946923
85.6	0.0005147058999999999
85.7	0.0004720263
85.8	0.00048555300000000006
85.9	0.0005114348999999999
86.0	0.00047931309999999996
86.1	0.000523667
86.2	0.0005116833999999999
86.3	0.0004963203000000001
86.4	0.0005192485999999999
86.5	0.00049032
86.6	0.0005020791
86.7	0.0004645384
86.8	0.0005249157000000001
86.9	0.0005227674999999999
87.0	0.0004983117
87.1	0.0005504793
87.2	0.000556146
87.3	0.0005079241999999999
87.4	0.0005470768000000001
87.5	0.0004962429
87.6	0.0005192801
87.7	0.0005013967999999999
87.8	0.0005304423
87.9	0.0005570061
88.0	0.0005244115
88.1	0.0005079007000000001
88.2	0.0005044202
88.3	0.0005316984000000001
88.4	0.0005776792
88.5	0.0004998314
88.6	0.00040176789999999996
88.7	0.000490716
88.8	0.0005071258
88.9	0.0005210321000000001
89.0	0.0005380379
89.1	0.0005011415
89.2	0.0004581677
89.3	0.0005405032
89.4	0.000519792
89.5	0.0005654634999999999
89.6	0.0005287522
89.7	0.00046889469999999994
89.8	0.0005322173
89.9	0.0005393016
90.0	0.0005085126
90.1	0.0005135127000000001
90.2	0.0005168843999999999
90.3	0.0005349378
90.4	0.000502017
90.5	0.00046393460000000004
90.6	0.0005211085999999999
90.7	0.0004971954999999999
90.8	0.0004918934999999999
90.9	0.0005215897000000001
91.0	0.000514706
91.1	0.0005036216000000001
91.2	0.0004995141
91.3	0.0005074198999999999
91.4	0.0005349530000000001
91.5	0.00047794140000000004
91.6	0.0005147302
91.7	0.0004731506000000001
91.8	0.000496273
91.9	0.0005385960999999999
92.0	0.000521721
92.1	0.0005089548000000001
92.2	0.0005445493000000001
92.3	0.00048644449999999995
92.4	0.0005038467
92.5	0.0005405423000000001
92.6	0.0005274572999999999
92.7	0.0004915377
92.8	0.0005687183000000001
92.9	0.000518489
93.0	0.000490553
93.1	0.0005019862999999999
93.2	0.0005453868
93.3	0.0005704786999999999
93.4	0.000509885
93.5	0.0005395812
93.6	0.00048700990000000003
93.7	0.0005355191
93.8	0.0005219694
93.9	0.0005028385
94.0	0.00046058529999999995
94.1	0.0005542781
94.2	0.0005027920000000001
94.3	0.000483848
94.4	0.0005510069
94.5	0.0005300775000000001
94.6	0.000518753
94.7	0.0005353408
94.8	0.00048825070000000004
94.9	0.0004853203
95.0	0.0005525882
95.1	0.0005366822
95.2	0.0005642696
95.3	0.0005436895
95.4	0.0005054668
95.5	0.0006021429
95.6	0.0005451617
95.7	0.0005498593999999999
95.8	0.0005204889
95.9	0.0005333647
96.0	0.0005001953
96.1	0.0005044205
96.2	0.000526775
96.3	0.0005069858999999999
96.4	0.0005078386
96.5	0.0005362709
96.6	0.0005251858999999999
96.7	0.0005519602000000001
96.8	0.0005169619
96.9	0.0004876691
97.0	0.0005004362999999999
97.1	0.0004916541
97.2	0.0005216598
97.3	0.0004933274
97.4	0.00045897360000000004
97.5	0.0005008233
97.6	0.0005335037
97.7	0.0005079632999999999
97.8	0.00055865
97.9	0.0005219847000000001
98.0	0.00044926129999999995
98.1	0.0005177911999999999
98.2	0.0005372317999999999
98.3	0.0005309771
98.4	0.0004949632
98.5	0.0005203335
98.6	0.0004904527
98.7	0.0005352631
98.8	0.0005313252999999999
98.9	0.0004961487999999999
99.0	0.0005103808
99.1	0.0005645799
99.2	0.0005288678
99.3	0.0005455656
99.4	0.0005215588
99.5	0.0005357436
99.6	0.0005291632999999999
99.7	0.0005279069
99.8	0.0005190556
99.9	0.0005210086
100.0	0.0005013353
100.1	0.000530109
100.2	0.0004959873
100.3	0.0005144501999999999
100.4	0.0005535726
100.5	0.0005364026
100.6	0.0005113884
100.7	0.0004971420999999999
100.8	0.0005216589
100.9	0.0005427979
101.0	0.0005482004999999999
101.1	0.0005367365000000001
101.2	0.0005029243
101.3	0.0005332166
101.4	0.0005088468
101.5	0.0005287675
101.6	0.0005446272000000001
101.7	0.0005208691
101.8	0.0005164275
101.9	0.0005386506
102.0	0.0005390464
102.1	0.000521667
102.2	0.0005750901
102.3	0.0005405504
102.4	0.0005146673
102.5	0.00044489659999999995
102.6	0.0005260233
102.7	0.0005361856
102.8	0.0005216668999999999
102.9	0.0005022493
103.0	0.0005404340999999999
103.1	0.0004289905
103.2	0.00046994180000000003
103.3	0.0005015674
103.4	0.0005339925
103.5	0.0005411772000000001
103.6	0.0005452005
103.7	0.0004893122999999999
103.8	0.0004596556
103.9	0.0005212487
104.0	0.0004928088
104.1	0.00048656039999999995
104.2	0.0005087842
104.3	0.00048377770000000004
104.4	0.0004933822
104.5	0.0005232797
104.6	0.0005175664
104.7	0.000477995
104.8	0.0005142642
104.9	0.0004787158
105.0	0.000466469
105.1	0.0004874757
105.2	0.0004965369
105.3	0.0005093346
105.4	0.0005161561000000001
105.5	0.0005249621
105.6	0.00052259
105.7	0.00047187950000000003
105.8	0.0005087148999999999
105.9	0.0004984207000000001
106.0	0.0005144045
106.1	0.0005104745000000001
106.2	0.0004695001
106.3	0.00047874749999999997
106.4	0.0005123655
106.5	0.00047899510000000005
106.6	0.0005389608000000001
106.7	0.0005014595000000001
106.8	0.0005362485
106.9	0.0005183188
107.0	0.0005093274000000001
107.1	0.0005157376
107.2	0.0005298912
107.3	0.00048688590000000003
107.4	0.0005103266000000001
107.5	0.0004925522999999999
107.6	0.0005058547
107.7	0.0005227366
107.8	0.0005183959
107.9	0.0005279925
108.0	0.0005372556
108.1	0.0005111251999999999
108.2	0.0004608336
108.3	0.0005140941
108.4	0.000540627
108.5	0.0005139160999999999
108.6	0.0005482706
108.7	0.0005252949
108.8	0.0005630055
108.9	0.0005360858
109.0	0.0005092335000000001
109.1	0.0005540915
109.2	0.0005799115
109.3	0.000535201
109.4	0.0004471907
109.5	0.0005385965999999999
109.6	0.0005454956
109.7	0.0005328376
109.8	0.0005509681
109.9	0.0005285197
110.0	0.000523225
110.1	0.00047558510000000003
110.2	0.0005352173
110.3	0.0005233026
110.4	0.0005375188999999999
110.5	0.0005041252
110.6	0.0005133033
110.7	0.0005361237
110.8	0.00047739859999999996
110.9	0.0005188764000000001
111.0	0.0005093429
111.1	0.0005251943
111.2	0.0004992112999999999
111.3	0.00044539300000000004
111.4	0.0005392321
111.5	0.000517846
111.6	0.0005023429999999999
111.7	0.0005040252
111.8	0.0005102416
111.9	0.0005381928000000001
112.0	0.0004969241
112.1	0.0005188376
112.2	0.0005387981999999999
112.3	0.0005099548
112.4	0.0005094591999999999
112.5	0.0004725771
112.6	0.000515412
112.7	0.0005561456000000001
112.8	0.0004828788
112.9	0.0004951878999999999
113.0	0.0005669818000000001
113.1	0.0005277058
113.2	0.0004947464
113.3	0.0005038308
113.4	0.0005115598
113.5	0.000511645
113.6	0.0005185203999999999
113.7	0.0005013582
113.8	0.000524729
113.9	0.0005074196
114.0	0.000513683
114.1	0.0005052808
114.2	0.0005459837
114.3	0.0006109489
114.4	0.0004976223
114.5	0.0005125517
114.6	0.0005378371
114.7	0.0005536807
114.8	0.0005065744
114.9	0.0005098069999999999
115.0	0.000530651
115.1	0.000489506
115.2	0.0005180164
115.3	0.000533744
115.4	0.0005181558
115.5	0.0005200853
115.6	0.000507575
115.7	0.00042291350000000003
115.8	0.0005056137
115.9	0.0005242795000000001
116.0	0.0005421776
116.1	0.00046992640000000004
116.2	0.0005648047
116.3	0.0005155126999999999
116.4	0.0004776314
116.5	0.0005520147
116.6	0.0005168772
116.7	0.0004883822
116.8	0.0005251170999999999
116.9	0.0005398365999999999
117.0	0.0005310155000000001
117.1	0.0004941260000000001
117.2	0.0004893279
117.3	0.0005205432999999999
117.4	0.0005381314
117.5	0.0004900492000000001
117.6	0.0005265741
117.7	0.0004806619
117.8	0.0005091716
117.9	0.0004924365
118.0	0.0005338761
118.1	0.0005520217
118.2	0.0005124350000000001
118.3	0.0005102415
118.4	0.0005577111
118.5	0.0005236831000000001
118.6	0.0005527431999999999
118.7	0.0005489596999999999
118.8	0.0005145518999999999
118.9	0.00048746800000000007
119.0	0.0004995521
119.1	0.0005061721000000001
119.2	0.0005447591
119.3	0.0005426973000000001
119.4	0.0005111872
119.5	0.0004845372
119.6	0.0005147534000000001
119.7	0.0004919871
119.8	0.0005616803
119.9	0.0005074279
120.0	0.0004721277
120.1	0.0005146826
120.2	0.0005500454
120.3	0.0005294812999999999
120.4	0.0004926997999999999
120.5	0.0005552004
120.6	0.0005167451000000001
120.7	0.0004879799
120.8	0.0004700663
120.9	0.0005229699
121.0	0.0004967079
121.1	0.0005489374
121.2	0.0005363252999999999
121.3	0.0005007456999999999
121.4	0.0004715768
121.5	0.0004964752
121.6	0.0005531616
121.7	0.0005109627
121.8	0.0005262481
121.9	0.0005508289
122.0	0.0005261478000000001
122.1	0.0005033276
122.2	0.0005054586000000001
122.3	0.0005295892
122.4	0.0005143726
122.5	0.000539496
122.6	0.000497723
122.7	0.0005135127000000001
122.8	0.0005240544000000001
122.9	0.0005293800999999999
123.0	0.00047831339999999993
123.1	0.0005283958
123.2	0.0005362473
123.3	0.0004460127
123.4	0.0005386821
123.5	0.0005070789999999999
123.6	0.0005028234
123.7	0.0005101718000000001
123.8	0.0005194272
123.9	0.0005450691
124.0	0.00048421200000000003
124.1	0.0005233332
124.2	0.0005266744
124.3	0.0005219306
124.4	0.0005126523
124.5	0.0004784365
124.6	0.0005119005
124.7	0.0005157289999999999
124.8	0.000504645
124.9	0.0005679589
125.0	0.0005233726
125.1	0.0005263881000000001
125.2	0.0004938241
125.3	0.0005146366
125.4	0.0005416511
125.5	0.000507614
125.6	0.000496212
125.7	0.0005067614
125.8	0.0004830575
125.9	0.0005584868
126.0	0.0005061727000000001
126.1	0.0004902664
126.2	0.0004649489
126.3	0.00048494029999999994
126.4	0.00045253110000000003
126.5	0.00047741399999999995
126.6	0.0005168149000000001
126.7	0.0005417201
126.8	0.0005181943
126.9	0.0004866232
127.0	0.0004723447
127.1	0.000455865
127.2	0.0004715693
127.3	0.0005075982
127.4	0.0005099937
127.5	0.0005155048999999999
127.6	0.0005354263
127.7	0.0004915843
127.8	0.0004876303
127.9	0.0005019234
128.0	0.0005272562
128.1	0.0005378140000000001
128.2	0.0005146523000000001
128.3	0.0005474102
128.4	0.0004746546
128.5	0.0005115979
128.6	0.000507296
128.7	0.0005390773999999999
128.8	0.0005684085999999999
128.9	0.0005141169
129.0	0.00043085909999999994
129.1	0.0005286121
129.2	0.0005184581000000001
129.3	0.0005401461000000001
129.4	0.0005036844
129.5	0.000540123
129.6	0.0005155437000000001
129.7	0.0005308841000000001
129.8	0.0005702848
129.9	0.0005288765
130.0	0.0004740193
130.1	0.0005347666000000001
130.2	0.0005168771
130.3	0.0005016453000000001
130.4	0.0005734008
130.5	0.0004989011
130.6	0.0004985524999999999
130.7	0.0005380461
130.8	0.00046081009999999995
130.9	0.0004571445
131.0	0.0005358062000000001
131.1	0.0005588742
131.2	0.0005070014000000001
131.3	0.0005069699
131.4	0.000503529
131.5	0.0004993044
131.6	0.0005266593
131.7	0.00045641519999999996
131.8	0.00048025920000000004
131.9	0.0005214502
132.0	0.0005537506
132.1	0.0005009858
132.2	0.0005211093
132.3	0.0004813518
132.4	0.00047808009999999996
132.5	0.0005053346000000001
132.6	0.0004962808
132.7	0.0004568493
132.8	0.0004846384
132.9	0.00047206529999999997
133.0	0.0005326976
133.1	0.0005190322000000001
133.2	0.0005570605
133.3	0.0004975141
133.4	0.00045600419999999994
133.5	0.0005134042
133.6	0.0005287987999999999
133.7	0.0005106907
133.8	0.0004887771000000001
133.9	0.0005131021000000001
134.0	0.0004982031
134.1	0.0004972418999999999
134.2	0.0005358296
134.3	0.00048308829999999995
134.4	0.0005316586
134.5	0.0004975214
134.6	0.00048573139999999996
134.7	0.0005035213
134.8	0.0005454877999999999
134.9	0.0005020560000000001
135.0	0.0004916616
135.1	0.0005023740999999999
135.2	0.0005403408999999999
135.3	0.0004775767
135.4	0.00048017389999999995
135.5	0.0005480535
135.6	0.0005203109
135.7	0.0005047300999999999
135.8	0.0005562545999999999
135.9	0.0004820567
136.0	0.0004978001999999999
136.1	0.0004900716999999999
136.2	0.00045436159999999996
136.3	0.0004886612
136.4	0.0005368757
136.5	0.0005050553
136.6	0.0005281547000000001
136.7	0.0005540845
136.8	0.0004870028
136.9	0.0004919174000000001
137.0	0.0005230238000000001
137.1	0.0005362170000000001
137.2	0.0004898863
137.3	0.0003694129
137.4	0.00035663009999999996
137.5	0.0004205796
137.6	0.0003927287
137.7	0.0003824349
137.8	0.0004219596
137.9	0.0004590428
138.0	0.0005332245000000001
138.1	0.0004981344
138.2	0.0005117145999999999
138.3	0.0005637655999999999
138.4	0.0005083038
138.5	0.0004992416999999999
138.6	0.00047696469999999994
138.7	0.0005002728
138.8	0.0004917389000000001
138.9	0.0004894134999999999
139.0	0.000486716
139.1	0.0005034974
139.2	0.0005158921
139.3	0.0004931568000000001
139.4	0.00045419050000000005
139.5	0.000467911
139.6	0.00044185850000000006
139.7	0.0004955525
139.8	0.0005278138000000001
139.9	0.0004961262
140.0	0.0004966071
140.1	0.0004989937999999999
140.2	0.00044926050000000005
140.3	0.0004689491
140.4	0.0004666704
140.5	0.000529248
140.6	0.0005073427
140.7	0.00047733629999999997
140.8	0.0005332634
140.9	0.00047748439999999994
141.0	0.0005260541
141.1	0.00047970079999999995
141.2	0.0004936067
141.3	0.0005298061
141.4	0.0005076915
141.5	0.0004910485
141.6	0.00048046069999999996
141.7	0.00047582490000000005
141.8	0.0005209853
141.9	0.0004931415000000001
142.0	0.0005285585
142.1	0.0005148383
142.2	0.0004642058
142.3	0.0005274730000000001
142.4	0.0005444879000000001
142.5	0.0005106994
142.6	0.0005245973
142.7	0.0004900337
142.8	0.0004932889
142.9	0.0004985371
143.0	0.0005000328
143.1	0.0005069937
143.2	0.0005077299
143.3	0.0004810962
143.4	0.00044904389999999997
143.5	0.0005192873
143.6	0.0004922275
143.7	0.0005168692000000001
143.8	0.0005152176999999999
143.9	0.000516063
144.0	0.0004909639
144.1	0.0004834522
144.2	0.0005027928
144.3	0.0005086216
144.4	0.0005079474
144.5	0.00045326830000000005
144.6	0.00047617339999999996
144.7	0.0004210612
144.8	0.0004464545
144.9	0.00037642709999999996
145.0	0.0002772006
145.1	0.00026970469999999997
145.2	0.0002541866999999999
145.3	0.00029425389999999994
145.4	0.00020603450000000008
145.5	0.00015928540000000003
145.6	0.0001447045
145.7	0.00014066570000000002
145.8	0.0001658664
145.9	0.00016232399999999993
146.0	0.00015041749999999997
146.1	0.000154347
146.2	0.00018398860000000004
146.3	0.00014204629999999994
146.4	0.0005147525
146.5	0.0005122642
146.6	0.0005200629
146.7	0.0005364265
146.8	0.0005147685
146.9	0.00048731330000000006
147.0	0.0005168220999999999
147.1	0.0005023591
147.2	0.0005136752
147.3	0.0004905061
147.4	0.0004946062
147.5	0.0005073351000000001
147.6	0.0005363488
147.7	0.0004906067
147.8	0.000501994
147.9	0.0005082261999999999
148.0	0.000515815
148.1	0.0004709027
148.2	0.0005089625999999999
148.3	0.0005256753
148.4	0.00046228280000000006
148.5	0.0004645079
148.6	0.0004965527
148.7	0.0005299074
148.8	0.0004966068
148.9	0.0005627427
149.0	0.0005189154
149.1	0.0005217288999999999
149.2	0.000503514
149.3	0.0004643684
149.4	0.0004854293
149.5	0.0005069696999999999
149.6	0.0005123892
149.7	0.0004883127
149.8	0.00048670059999999995
149.9	0.0004920250000000001
150.0	0.0005125361
150.1	0.0005256827
150.2	0.0005222019
150.3	0.0004387574
150.4	0.0004876309
150.5	0.0004853827
150.6	0.0005393403
150.7	0.0004818242
150.8	0.0005006295
150.9	0.0005442164000000001
151.0	0.0004489506
151.1	0.0005156055
151.2	0.0005144660999999999
151.3	0.0005162722
151.4	0.00048495669999999995
151.5	0.00048177049999999997
151.6	0.00041500689999999997
151.7	0.0005371085000000001
151.8	0.000515567
151.9	0.0004908162
152.0	0.0005226438
152.1	0.0005239924
152.2	0.00044103619999999997
152.3	0.00048077860000000005
152.4	0.00048230470000000004
152.5	0.00045591919999999996
152.6	0.00045750059999999994
152.7	0.00044686559999999995
152.8	0.00035657629999999994
152.9	0.00037997750000000005
153.0	0.00040227110000000003
153.1	0.0003151448
153.2	0.0004919637
153.3	0.0005118229
153.4	0.0005430223999999999
153.5	0.0005002814999999999
153.6	0.0004960481
153.7	0.0005208384000000001
153.8	0.0005159848
153.9	0.0005338602
154.0	0.0004923352000000001
154.1	0.0004959242
154.2	0.0004559351
154.3	0.0004785534
154.4	0.0005189464
154.5	0.0005113421
154.6	0.0004911569999999999
154.7	0.00047217380000000005
154.8	0.000515443
154.9	0.0005222796
155.0	0.0004977536
155.1	0.0005060398000000001
155.2	0.000477189
155.3	0.0005534096
155.4	0.0004526252
155.5	0.00048184769999999995
155.6	0.0004939092
155.7	0.0005059165
155.8	0.0005347821000000001
155.9	0.0005292014999999999
156.0	0.00047850689999999994
156.1	0.0004933121999999999
156.2	0.0004944908
156.3	0.0005479216
156.4	0.0005110862000000001
156.5	0.0005333568000000001
156.6	0.0005118068999999999
156.7	0.0004953119999999999
156.8	0.00048482410000000005
156.9	0.0005230156
157.0	0.0005117763
157.1	0.0004351759
157.2	0.00045348540000000003
157.3	0.0005074429
157.4	0.00047787089999999996
157.5	0.0005129471
157.6	0.00048083169999999995
157.7	0.0005273028000000001
157.8	0.00045894189999999996
157.9	0.0004627328
158.0	0.0005243027
158.1	0.0004840729
158.2	0.0005071956
158.3	0.00047050719999999996
158.4	0.0004583916
158.5	0.00048823559999999994
158.6	0.0005108841000000001
158.7	0.0005256127
158.8	0.0005453403
158.9	0.0005318915
159.0	0.0005009865000000001
159.1	0.00044197450000000004
159.2	0.0004701121
159.3	0.00048270800000000004
159.4	0.00048745980000000004
159.5	0.00046305040000000003
159.6	0.0005331703
159.7	0.00046601929999999996
159.8	0.00048077100000000006
159.9	0.0004831733
160.0	0.000540132
160.1	0.0005243489000000001
160.2	0.0005340307
160.3	0.00045202780000000003
160.4	0.0005382713
160.5	0.0005125136
160.6	0.0005193186
160.7	0.0005077686
160.8	0.0005305347000000001
160.9	0.0005236209
161.0	0.0004612447
161.1	0.0004965754999999999
161.2	0.0004918781
161.3	0.00046842189999999993
161.4	0.0004632755
161.5	0.0005309843000000001
161.6	0.00045888809999999994
161.7	0.00053786
161.8	0.0005008779
161.9	0.00046895720000000006
162.0	0.0004393777
162.1	0.0005282796
162.2	0.0004907773000000001
162.3	0.0004812745
162.4	0.00045979479999999997
162.5	0.0005021023
162.6	0.0005050636
162.7	0.0004591359
162.8	0.00045465549999999994
162.9	0.00044316079999999995
163.0	0.00048759169999999997
163.1	0.0004626865
163.2	0.0004976068000000001
163.3	0.0004748015
163.4	0.0005135825
163.5	0.00045222979999999996
163.6	0.00047736709999999995
163.7	0.0005083654
163.8	0.0005090629999999999
163.9	0.0004741976
164.0	0.0005022270000000001
164.1	0.0005431701
164.2	0.0004857471
164.3	0.00048399500000000003
164.4	0.0005051490000000001
164.5	0.0005150164
164.6	0.0005236284000000001
164.7	0.00047031410000000003
164.8	0.0004369515
164.9	0.0004489581
165.0	0.00047116620000000004
165.1	0.0004620111999999999
165.2	0.0005241172
165.3	0.0004929013999999999
165.4	0.0005247527000000001
165.5	0.0004794915
165.6	0.0005052883000000001
165.7	0.0004993736
165.8	0.0004987468000000001
165.9	0.0005062735000000001
166.0	0.000440501
166.1	0.0004897311
166.2	0.00047820489999999996
166.3	0.0004922354000000001
166.4	0.0004766849
166.5	0.0005192879999999999
166.6	0.0004975603000000001
166.7	0.0004744377
166.8	0.0004600973
166.9	0.0005125284
167.0	0.0004944207
167.1	0.0004896220000000001
167.2	0.0004878940999999999
167.3	0.0004520278
167.4	0.0004536865
167.5	0.0005091246999999999
167.6	0.0005345574
167.7	0.0005106296000000001
167.8	0.0005094047
167.9	0.0005154271
168.0	0.00046638419999999993
168.1	0.0005104203
168.2	0.00048239089999999995
168.3	0.000499514
168.4	0.0004773211
168.5	0.0004872889
168.6	0.0004455084
168.7	0.000509358
168.8	0.0004979322
168.9	0.00046521350000000003
169.0	0.000498165
169.1	0.0004675847
169.2	0.0005044507999999999
169.3	0.00046738309999999996
169.4	0.000499397
169.5	0.00046591830000000006
169.6	0.00047047630000000005
169.7	0.0004977774
169.8	0.00047064670000000004
169.9	0.0005101952
170.0	0.00048127440000000004
170.1	0.0004978316
170.2	0.0005148463
170.3	0.0005075596999999999
170.4	0.0004708021
170.5	0.0004979864999999999
170.6	0.0004643525
170.7	0.00047209629999999997
170.8	0.00046325239999999996
170.9	0.0005101561
171.0	0.0005411387999999999
171.1	0.00045641529999999994
171.2	0.0005065667
171.3	0.00048662309999999997
171.4	0.0005626963
171.5	0.0004882815000000001
171.6	0.0005538044
171.7	0.000499235
171.8	0.0004924668
171.9	0.00046382559999999995
172.0	0.0005230313000000001
172.1	0.0005010012
172.2	0.0004779101
172.3	0.0004836308
172.4	0.0004848242
172.5	0.0005384653
172.6	0.0005689819
172.7	0.00047005020000000003
172.8	0.0005193189
172.9	0.0004892121000000001
173.0	0.00048600229999999997
173.1	0.00045849319999999994
173.2	0.0005106526
173.3	0.0004886144
173.4	0.00048584799999999993
173.5	0.00045521429999999995
173.6	0.0005004047
173.7	0.0004749487
173.8	0.00047108850000000005
173.9	0.000494188
174.0	0.00047567780000000004
174.1	0.0004901265
174.2	0.0005174736
174.3	0.0005159228
174.4	0.0005482006
174.5	0.00041283629999999997
174.6	0.0005428443999999999
174.7	0.0005444025
174.8	0.000480437
174.9	0.00045892649999999997
175.0	0.0005246675
175.1	0.0004545001000000001
175.2	0.0004884908999999999
175.3	0.0005212875
175.4	0.0004915601000000001
175.5	0.00046211989999999997
175.6	0.0004723134
175.7	0.0004931725
175.8	0.0005118383
175.9	0.00047794849999999997
176.0	0.0004830652
176.1	0.00045839890000000003
176.2	0.0004846383
176.3	0.0005218997000000001
176.4	0.0004884290000000001
176.5	0.0004860419
176.6	0.0004930957000000001
176.7	0.0004754995
176.8	0.0004892048000000001
176.9	0.0004478272
177.0	0.0004778942
177.1	0.0005489984
177.2	0.0004971572000000001
177.3	0.0004655465
177.4	0.0005145128
177.5	0.00048608019999999997
177.6	0.0005429223
177.7	0.00047578679999999996
177.8	0.00045187270000000005
177.9	0.0004916687
178.0	0.00047360010000000005
178.1	0.0004549033
178.2	0.0004738252
178.3	0.0004544929
178.4	0.0005269841
178.5	0.0005119784000000001
178.6	0.0004651898
178.7	0.0004953816
178.8	0.0004914442
178.9	0.000524861
179.0	0.00048562290000000004
179.1	0.0004895762000000001
179.2	0.00045305130000000004
179.3	0.00047290330000000004
179.4	0.0005100325000000001
179.5	0.00046849969999999996
179.6	0.0005020095
179.7	0.0005382097
179.8	0.0005057916999999999
179.9	0.00046415130000000004
180.0	0.0004824608
180.1	0.0004756628
180.2	0.0004935368
180.3	0.00048513409999999995
180.4	0.0004909019999999999
180.5	0.0005018625
180.6	0.00047086409999999996
180.7	0.0004822587
180.8	0.0004729644
180.9	0.0005010716000000001
181.0	0.00047684769999999994
181.1	0.00044851579999999997
181.2	0.0004800655
181.3	0.0004938160999999999
181.4	0.00046743020000000003
181.5	0.00047852229999999994
181.6	0.00049725
181.7	0.00047454640000000003
181.8	0.0004826154
181.9	0.00043499049999999996
182.0	0.0004831268
182.1	0.0005221941
182.2	0.0005020868
182.3	0.0005091639000000001
182.4	0.0005190082999999999
182.5	0.0005081102
182.6	0.0004870795
182.7	0.0004736927
182.8	0.0005420144
182.9	0.00043980379999999995
183.0	0.0005354264
183.1	0.0004560662
183.2	0.0004946916
183.3	0.0004736231
183.4	0.0004951255999999999
183.5	0.0005272787
183.6	0.00047441449999999994
183.7	0.0004883432999999999
183.8	0.0005309302000000001
183.9	0.00047399569999999997
184.0	0.0005254427
184.1	0.0005022032
184.2	0.00046652339999999997
184.3	0.0005099392999999999
184.4	0.0004922892
184.5	0.0004804451
184.6	0.000527993
184.7	0.0004831271
184.8	0.0004599035
184.9	0.0004813671
185.0	0.0005021488
185.1	0.0005321477
185.2	0.0005324653999999999
185.3	0.0004640035
185.4	0.0004956606
185.5	0.00048178600000000005
185.6	0.0005126528
185.7	0.00048647549999999995
185.8	0.0004785997
185.9	0.000507203
186.0	0.0004255484
186.1	0.0004769647
186.2	0.0004840647
186.3	0.0005128309
186.4	0.0004915921
186.5	0.0005020019
186.6	0.0004340755
186.7	0.00046729050000000004
186.8	0.0004759025
186.9	0.0004849326
187.0	0.0004772433
187.1	0.00047925100000000004
187.2	0.0004916301999999999
187.3	0.0004656631
187.4	0.0004598257
187.5	0.0005046219999999999
187.6	0.0004664838
187.7	0.0005125049
187.8	0.0004892739999999999
187.9	0.0005087924999999999
188.0	0.00044602789999999997
188.1	0.0004728249
188.2	0.00046212879999999997
188.3	0.0004896995
188.4	0.0005232176000000001
188.5	0.0004166968
188.6	0.0004727324
188.7	0.00047654559999999997
188.8	0.0004811658
188.9	0.0005001102
189.0	0.0005064515
189.1	0.0005025833
189.2	0.0004445317
189.3	0.0004642215
189.4	0.0005161172
189.5	0.00048142220000000003
189.6	0.0005173103999999999
189.7	0.0005090864999999999
189.8	0.0004451134
189.9	0.0004783214
190.0	0.0005370852
190.1	0.0005099003000000001
190.2	0.0004882508
190.3	0.0005178454
190.4	0.0004935057
190.5	0.0004836698
190.6	0.0004844911
190.7	0.00046842259999999996
190.8	0.0005197374000000001
190.9	0.0005092647
191.0	0.00047906520000000005
191.1	0.00047281739999999997
191.2	0.00044943100000000003
191.3	0.0004926687
191.4	0.0005138613999999999
191.5	0.00046796489999999995
191.6	0.0004854988
191.7	0.00048756840000000005
191.8	0.00044754020000000003
191.9	0.000486863
192.0	0.0005070326
192.1	0.0004786231
192.2	0.0005249852
192.3	0.0005535487000000001
192.4	0.0004809646
192.5	0.0005122728
192.6	0.0004938007
192.7	0.0004949322999999999
192.8	0.00046144569999999997
192.9	0.0004413696
193.0	0.0004841578
193.1	0.0004984288
193.2	0.0004988544000000001
193.3	0.0005197291000000001
193.4	0.0004861189
193.5	0.0004919866999999999
193.6	0.00045312879999999996
193.7	0.0004858555
193.8	0.0004683366
193.9	0.0004919631
194.0	0.000483282
194.1	0.0004879255
194.2	0.0005019861999999999
194.3	0.0005349304
194.4	0.0004728873
194.5	0.0005378833
194.6	0.00046265509999999995
194.7	0.0004691514
194.8	0.00047438330000000004
194.9	0.0005185436
195.0	0.0004847315
195.1	0.000517257
195.2	0.0005018393
195.3	0.0004664378
195.4	0.000478507
195.5	0.00045653120000000005
195.6	0.0004953195999999999
195.7	0.0005014361000000001
195.8	0.0004849712
195.9	0.0004620813
196.0	0.0005353797
196.1	0.0004587489
196.2	0.0005063345000000001
196.3	0.0004836774
196.4	0.0005030869000000001
196.5	0.0005183491
196.6	0.000500157
196.7	0.0004883276
196.8	0.000411899
196.9	0.00046351590000000005
197.0	0.0004659182
197.1	0.0004681899
197.2	0.0004984668
197.3	0.00045257060000000005
197.4	0.0005020169000000001
197.5	0.0004612063
197.6	0.0004981569999999999
197.7	0.0005124357000000001
197.8	0.000474895
197.9	0.0004618407
198.0	0.0004531133
198.1	0.000488134
198.2	0.00047846779999999995
198.3	0.0004774375
198.4	0.00045407429999999994
198.5	0.0004506332
198.6	0.0004943125000000001
198.7	0.0005030252000000001
198.8	0.0004908703999999999
198.9	0.00048776190000000006
199.0	0.0004983434
199.1	0.000505405
199.2	0.000447447
199.3	0.00044433039999999997
199.4	0.00046758520000000003
199.5	0.0005380073
199.6	0.0005054277
199.7	0.00047681700000000004
199.8	0.0005040865999999999
199.9	0.0004776003
200.0	0.00048788670000000006
200.1	0.0004802044
200.2	0.0004786389
200.3	0.0005319769
200.4	0.000467167
200.5	0.0004769174
200.6	0.0004538189
200.7	0.0004524314
200.8	0.0004918319
200.9	0.00047388700000000004
201.0	0.00046121320000000004
201.1	0.00042344869999999996
201.2	0.0005111722
201.3	0.00045912869999999997
201.4	0.0005031802999999999
201.5	0.0005213882000000001
201.6	0.00045796560000000005
201.7	0.00045347720000000005
201.8	0.0004569425
201.9	0.0005412318
202.0	0.0004933509
202.1	0.0004989006
202.2	0.0004942963
202.3	0.00045571739999999993
202.4	0.00046156960000000004
202.5	0.00047192590000000003
202.6	0.0005086445000000001
202.7	0.0004469276
202.8	0.0004988937000000001
202.9	0.00048050670000000003
203.0	0.0004784144
203.1	0.00048715779999999995
203.2	0.000488956
203.3	0.0004883355
203.4	0.0004644152
203.5	0.0004525084
203.6	0.0004956609000000001
203.7	0.0004944359
203.8	0.0005142955000000001
203.9	0.0004549505
204.0	0.0004826771
204.1	0.00047769290000000003
204.2	0.0004799483
204.3	0.0004525474
204.4	0.00048212710000000003
204.5	0.0005107687999999999
204.6	0.0004673523
204.7	0.0004816154
204.8	0.00048274669999999996
204.9	0.00046174839999999997
205.0	0.0004932267
205.1	0.0004929794000000001
205.2	0.0005780901
205.3	0.0004800424999999999
205.4	0.0004571444
205.5	0.0004633066
205.6	0.0004459506
205.7	0.00044192779999999995
205.8	0.0005631372
205.9	0.0005056689
206.0	0.00048126659999999993
206.1	0.0005241479999999999
206.2	0.0004468882
206.3	0.0004234645
206.4	0.0005004903
206.5	0.00045541490000000005
206.6	0.000461074
206.7	0.00042918389999999996
206.8	0.00046495010000000003
206.9	0.0005029555
207.0	0.0004819797
207.1	0.0004689959
207.2	0.00048095649999999995
207.3	0.00047443790000000006
207.4	0.0004469201
207.5	0.00046908850000000005
207.6	0.00044950879999999994
207.7	0.0004821504
207.8	0.00045659300000000004
207.9	0.0004418423
208.0	0.000476825
208.1	0.0004531753
208.2	0.00045801970000000007
208.3	0.00043237779999999996
208.4	0.00048532029999999996
208.5	0.0004835062
208.6	0.0005121097
208.7	0.0004691589
208.8	0.00043835419999999997
208.9	0.00047178669999999994
209.0	0.0004639264
209.1	0.00044829959999999997
209.2	0.00044666380000000003
209.3	0.00045654680000000006
209.4	0.0005182262
209.5	0.0004919640999999999
209.6	0.0005063963
209.7	0.000490018
209.8	0.0005099004999999999
209.9	0.0005247135000000001
210.0	0.0005055833
210.1	0.0005266434
210.2	0.0004986535999999999
210.3	0.0005050634
210.4	0.0005621145
210.5	0.0005070093
210.6	0.00045370969999999997
210.7	0.0005220397
210.8	0.0005081873
210.9	0.0004909246
211.0	0.0005062964
211.1	0.0004652443
211.2	0.00044055580000000003
211.3	0.00046225950000000003
211.4	0.0005044747
211.5	0.0005214891
211.6	0.00044905119999999997
211.7	0.0004916612000000001
211.8	0.00044171019999999996
211.9	0.0004875453
212.0	0.00043505919999999997
212.1	0.0004745615
212.2	0.00048056850000000007
212.3	0.0004791971
212.4	0.0004989706
212.5	0.0005251552000000001
212.6	0.0004892811999999999
212.7	0.0004891343999999999
212.8	0.00043202880000000005
212.9	0.0004841347
213.0	0.000446246
213.1	0.00048719620000000003
213.2	0.00047694830000000004
213.3	0.00048173979999999996
213.4	0.0005161404
213.5	0.0005266357
213.6	0.0004672283
213.7	0.0005061879
213.8	0.00047378629999999996
213.9	0.00048388680000000005
214.0	0.0004888321
214.1	0.0005004828000000001
214.2	0.00043531580000000003
214.3	0.00045111340000000003
214.4	0.0005056519000000001
214.5	0.00048668450000000004
214.6	0.0005210932999999999
214.7	0.0005179081999999999
214.8	0.00047126730000000003
214.9	0.00046939890000000003
215.0	0.0004898087
215.1	0.00047438320000000006
215.2	0.00044919880000000005
215.3	0.0005383483
215.4	0.00048469219999999996
215.5	0.0004674687
215.6	0.0004873986
215.7	0.0004420823
215.8	0.0005319991
215.9	0.0004889171
216.0	0.00047179380000000003
216.1	0.00046839889999999995
216.2	0.0005054354
216.3	0.0004850258
216.4	0.00047000359999999997
216.5	0.0004931957999999999
216.6	0.0005225117
216.7	0.00046951579999999994
216.8	0.00046259329999999996
216.9	0.0004880798
217.0	0.0004846769999999999
217.1	0.00048292500000000004
217.2	0.0005245276000000001
217.3	0.0005537507
217.4	0.0005295354
217.5	0.00048045269999999994
217.6	0.0003623048
217.7	0.00041778189999999997
217.8	0.00042511519999999996
217.9	0.00042419960000000004
218.0	0.000428378
218.1	0.00048147590000000007
218.2	0.0004933668
218.3	0.0004692442
218.4	0.00028068090000000004
218.5	0.00024590020000000003
218.6	0.00044596609999999993
218.7	0.0005000168999999999
218.8	0.0004906301
218.9	0.0004905142999999999
219.0	0.00046198910000000003
219.1	0.0005116904999999999
219.2	0.00045319830000000003
219.3	0.0004865533
219.4	0.00045383459999999995
219.5	0.0004838094
219.6	0.00046736060000000004
219.7	0.0004485785
219.8	0.00046126049999999997
219.9	0.00048079400000000005
220.0	0.0005097921
220.1	0.000447633
220.2	0.0004529269
220.3	0.00043802129999999997
220.4	0.0004728098
220.5	0.0004644226
220.6	0.0004590823
220.7	0.0004901335
220.8	0.000495126
220.9	0.0004881342
221.0	0.0004611516
221.1	0.00046565490000000006
221.2	0.0004323861
221.3	0.0004915682
221.4	0.000499607
221.5	0.000460144
221.6	0.00047901089999999996
221.7	0.0004637715
221.8	0.00046866219999999997
221.9	0.0004427265
222.0	0.00046201139999999994
222.1	0.00043656360000000004
222.2	0.00045752400000000006
222.3	0.0005017303
222.4	0.00045806680000000003
222.5	0.00044797369999999997
222.6	0.00048673170000000003
222.7	0.00045084879999999995
222.8	0.0004985371
222.9	0.00044850099999999997
223.0	0.00046396530000000004
223.1	0.00046354699999999997
223.2	0.00044654790000000003
223.3	0.00047470879999999996
223.4	0.0004450209
223.5	0.0005167289
223.6	0.0004583838
223.7	0.00044376509999999997
223.8	0.00042384350000000004
223.9	0.0004468659
224.0	0.0004761119
224.1	0.0004810806
224.2	0.0005296045000000001
224.3	0.0004615389
224.4	0.00045781059999999994
224.5	0.0005063272999999999
224.6	0.0004893828000000001
224.7	0.0004863829
224.8	0.0004884990000000001
224.9	0.00047727459999999996
225.0	0.0004710341
225.1	0.0005253883
225.2	0.0005045598
225.3	0.000520264
225.4	0.0005675793
225.5	0.0005432319
225.6	0.0005021957
225.7	0.0004894133000000001
225.8	0.00046977099999999996
225.9	0.0004488339
226.0	0.0004465395
226.1	0.0004703447
226.2	0.0004491289
226.3	0.0004975991999999999
226.4	0.0004784371
226.5	0.00045085750000000005
226.6	0.0005300234
226.7	0.0004747166
226.8	0.00044819900000000004
226.9	0.00045274839999999997
227.0	0.00046591060000000003
227.1	0.0005043349
227.2	0.0004944362
227.3	0.00045284199999999996
227.4	0.00046698810000000003
227.5	0.0005209623
227.6	0.00048638299999999995
227.7	0.00046005849999999996
227.8	0.0004651748
227.9	0.00046476410000000003
228.0	0.0005303177999999999
228.1	0.0004735616
228.2	0.000456167
228.3	0.00042035539999999994
228.4	0.00044998139999999993
228.5	0.000438509
228.6	0.00039874440000000006
228.7	0.00042395199999999996
228.8	0.0004440982
228.9	0.0004751739
229.0	0.0004726467
229.1	0.00042799069999999997
229.2	0.0004878011
229.3	0.00044795830000000003
229.4	0.0005007078
229.5	0.0004808245
229.6	0.0004452217
229.7	0.0004552291
229.8	0.00043733899999999997
229.9	0.00046615100000000004
230.0	0.0004576631
230.1	0.0004267432
230.2	0.0004550429
230.3	0.00048097980000000003
230.4	0.0004439583
230.5	0.00043222259999999994
230.6	0.0004536709
230.7	0.0004963978
230.8	0.0004769725
230.9	0.0004436713
231.0	0.00048394070000000005
231.1	0.0004499968
231.2	0.00046276360000000003
231.3	0.0004516639
231.4	0.0004619418
231.5	0.0004589189
231.6	0.0004697947
231.7	0.0004659263
231.8	0.0004801887
231.9	0.000409581
232.0	0.00045915140000000006
232.1	0.0005013195
232.2	0.0004654224
232.3	0.0005184504999999999
232.4	0.00044008270000000003
232.5	0.0004686625
232.6	0.00048190239999999996
232.7	0.0005045134
232.8	0.0004949634000000001
232.9	0.0004765459
233.0	0.0004927233
233.1	0.00048103409999999996
233.2	0.00048342849999999995
233.3	0.000500676
233.4	0.00047804219999999993
233.5	0.0005198614
233.6	0.0004841508
233.7	0.0004741814
233.8	0.0004550586
233.9	0.0004916148000000001
234.0	0.000459113
234.1	0.0004763984
234.2	0.00043974189999999993
234.3	0.00045274089999999996
234.4	0.0004888862000000001
234.5	0.0004535393
234.6	0.0004457029
234.7	0.0004959871000000001
234.8	0.00047653029999999996
234.9	0.0004369975
235.0	0.00048449119999999994
235.1	0.0004834916999999999
235.2	0.00047937530000000003
235.3	0.000474531
235.4	0.0004208202
235.5	0.0004498264
235.6	0.0005264495
235.7	0.00046767059999999993
235.8	0.00048500310000000005
235.9	0.00048232120000000003
236.0	0.00043781169999999994
236.1	0.00047891819999999996
236.2	0.0004872351
236.3	0.00048732779999999997
236.4	0.0004460519
236.5	0.00043915249999999995
236.6	0.00041943289999999995
236.7	0.00044204339999999996
236.8	0.0005092956
236.9	0.00047983279999999997
237.0	0.00046169369999999997
237.1	0.00044194330000000003
237.2	0.0004229836
237.3	0.00043901269999999993
237.4	0.00041216219999999995
237.5	0.0004739493
237.6	0.0004641588
237.7	0.00045821349999999997
237.8	0.00044323050000000003
237.9	0.00042816859999999997
238.0	0.00042375000000000003
238.1	0.000491282
238.2	0.0004525161
238.3	0.0004204253
238.4	0.0004621278
238.5	0.0004876226
238.6	0.0004848396
238.7	0.0004100232
238.8	0.0005245114
238.9	0.00043455560000000003
239.0	0.0004906152000000001
239.1	0.00043036319999999997
239.2	0.00044922939999999996
239.3	0.00045428389999999997
239.4	0.0004442762
239.5	0.0004592448
239.6	0.00042730819999999996
239.7	0.00045160879999999994
239.8	0.00045664800000000004
239.9	0.00046484089999999993
240.0	0.00041062719999999996
240.1	0.0004164098
240.2	0.0005422859000000001
240.3	0.00039899229999999997
240.4	0.00043645470000000004
240.5	0.0004114483
240.6	0.0004904755
240.7	0.00045346220000000003
240.8	0.0005025991
240.9	0.00046941490000000007
241.0	0.00048458400000000003
241.1	0.00041827000000000005
241.2	0.00045109740000000005
241.3	0.00046064010000000004
241.4	0.0004905296
241.5	0.0004776309
241.6	0.0004667792
241.7	0.00043019169999999993
241.8	0.0004541208
241.9	0.0005408599
242.0	0.00047452249999999996
242.1	0.0004714763
242.2	0.00044541590000000004
242.3	0.0004350366
242.4	0.00045764439999999997
242.5	0.00044387550000000005
242.6	0.00045927859999999996
242.7	0.00047562730000000005
242.8	0.0004608893
242.9	0.00045635170000000004
243.0	0.0004805605
243.1	0.00044177640000000003
243.2	0.0005058529999999999
243.3	0.0004306553
243.4	0.00045885299999999995
243.5	0.0004603165
243.6	0.00045004729999999996
243.7	0.0004346594
243.8	0.00046823110000000003
243.9	0.0004617025
244.0	0.0004626938
244.1	0.00045474850000000005
244.2	0.0004605258
244.3	0.00046545840000000006
244.4	0.00047152260000000003
244.5	0.000470802
244.6	0.0004478171
244.7	0.00045593269999999995
244.8	0.00041964270000000004
244.9	0.00045597149999999996
245.0	0.00044968340000000007
245.1	0.0004608894999999999
245.2	0.000474287
245.3	0.00046569090000000003
245.4	0.0004943993000000001
245.5	0.00048191550000000003
245.6	0.00046356139999999995
245.7	0.00045460079999999994
245.8	0.0004559875
245.9	0.0004536645
246.0	0.00043992569999999994
246.1	0.00046020800000000004
246.2	0.0004602158
246.3	0.0004814047
246.4	0.00046717780000000005
246.5	0.00042118419999999997
246.6	0.00043301799999999997
246.7	0.00047506149999999994
246.8	0.0004293236999999999
246.9	0.000448994
247.0	0.0005314098
247.1	0.0004562506
247.2	0.00047738509999999996
247.3	0.00046065729999999994
247.4	0.00048392890000000004
247.5	0.00046515649999999994
247.6	0.00048090080000000004
247.7	0.0004918049000000001
247.8	0.0004541983999999999
247.9	0.00042521089999999996
248.0	0.00047319519999999994
248.1	0.0004705081999999999
248.2	0.0005138917000000001
248.3	0.0004863301
248.4	0.00048260480000000003
248.5	0.00042807660000000004
248.6	0.0004926568999999999
248.7	0.0005346623
248.8	0.0004788177
248.9	0.00046639569999999995
249.0	0.0004404677
249.1	0.0004982251000000001
249.2	0.00045763669999999995
249.3	0.00044494360000000004
249.4	0.0004638323
249.5	0.0005022367
249.6	0.00048344119999999994
249.7	0.0004961805999999999
249.8	0.00044840540000000006
249.9	0.0004741089
250.0	0.0004316159
250.1	0.00043484499999999995
250.2	0.0005507081
250.3	0.00046146260000000004
250.4	0.00042707780000000005
250.5	0.0004630269
250.6	0.0004842464
250.7	0.0005334697
250.8	0.00049021
250.9	0.00046482360000000005
251.0	0.000510616
251.1	0.0004454861
251.2	0.00044633770000000007
251.3	0.0004814352
251.4	0.00046077349999999994
251.5	0.000486144
251.6	0.000488684
251.7	0.00045340079999999996
251.8	0.00047525540000000003
251.9	0.0004547094999999999
252.0	0.0005170206
252.1	0.00045704080000000003
252.2	0.00047270759999999993
252.3	0.00044146720000000003
252.4	0.00048134200000000005
252.5	0.00043295580000000006
252.6	0.0004605567
252.7	0.0004501789
252.8	0.0004381987
252.9	0.0004909534000000001
253.0	0.00044493610000000003
253.1	0.00046340660000000007
253.2	0.00043082619999999994
253.3	0.000451
253.4	0.0005452877999999999
253.5	0.0004475772
253.6	0.00046796019999999997
253.7	0.0004475695
253.8	0.00047524750000000005
253.9	0.0004907594
254.0	0.0004956232
254.1	0.00042775159999999997
254.2	0.0004990999999999999
254.3	0.0004248782
254.4	0.00043501550000000003
254.5	0.0004704926
254.6	0.0004915494000000001
254.7	0.0004772687
254.8	0.0004533852
254.9	0.0004505434
255.0	0.0005521643000000001
255.1	0.0004397632
255.2	0.00045869
255.3	0.0005086490999999999
255.4	0.0004439989
255.5	0.0004542215
255.6	0.0004505044
255.7	0.0004973422999999999
255.8	0.0004919988000000001
255.9	0.0004697488
256.0	0.0004483825
256.1	0.00045823289999999997
256.2	0.00046556719999999997
256.3	0.0004824733
256.4	0.00045283540000000004
256.5	0.0005077891999999999
256.6	0.0005051019
256.7	0.00044969130000000005
256.8	0.0005166102000000001
256.9	0.0004938417999999999
257.0	0.0005152472
257.1	0.0005276769
257.2	0.00046480800000000004
257.3	0.00044596609999999993
257.4	0.0004242744
257.5	0.00046486220000000004
257.6	0.0004940198
257.7	0.0004859506
257.8	0.00045187510000000005
257.9	0.0004420785
258.0	0.0004982249
258.1	0.0004387874
258.2	0.0004587907
258.3	0.0004565992
258.4	0.0004978766000000001
258.5	0.00045021799999999995
258.6	0.0004652112
258.7	0.0005289002
258.8	0.00044183850000000007
258.9	0.00047808970000000003
259.0	0.0005292412
259.1	0.00045169709999999996
259.2	0.0004704768
259.3	0.00046053319999999996
259.4	0.0004499234
259.5	0.0005081221
259.6	0.0004653192
259.7	0.0005192896
259.8	0.00046730189999999997
259.9	0.0004573352
260.0	0.00045549170000000006
260.1	0.0004528662
260.2	0.00043539560000000003
260.3	0.00048279070000000005
260.4	0.0004590155
260.5	0.0004873907
260.6	0.00045866689999999997
260.7	0.0004918049999999999
260.8	0.00045211510000000004
260.9	0.0005365674000000001
261.0	0.0004927575999999999
261.1	0.0004652569
261.2	0.00047301740000000003
261.3	0.0004796308
261.4	0.00048598900000000004
261.5	0.0005392009
261.6	0.00048756090000000004
261.7	0.0004557468
261.8	0.0004891723
261.9	0.00044725200000000003
262.0	0.0004664961
262.1	0.0005015707
262.2	0.0004898767
262.3	0.0005111426
262.4	0.00048245770000000007
262.5	0.0004708256
262.6	0.0004596273
262.7	0.00045332310000000003
262.8	0.000515983
262.9	0.000461091
263.0	0.0004993325999999999
263.1	0.0004634222
263.2	0.0004814042
263.3	0.0004392752
263.4	0.00048370429999999994
263.5	0.00055963
263.6	0.00046675220000000003
263.7	0.0004744807
263.8	0.0004919293
263.9	0.0004968082999999999
264.0	0.00047982440000000003
264.1	0.0004786008
264.2	0.00047992540000000005
264.3	0.00045498070000000003
264.4	0.00047694370000000004
264.5	0.0004535402
264.6	0.00043119
264.7	0.0005160682
264.8	0.0004681302
264.9	0.0004914953000000001
265.0	0.00045475569999999996
265.1	0.0004586902
265.2	0.0004823027
265.3	0.00047644019999999997
265.4	0.0005149219000000001
265.5	0.0004136262
265.6	0.00044823540000000004
265.7	0.00043251420000000007
265.8	0.00043308759999999996
265.9	0.0004918826999999999
266.0	0.0005434906
266.1	0.00045865110000000006
266.2	0.0004860973
266.3	0.0004397556
266.4	0.0004679447
266.5	0.00041525210000000005
266.6	0.0005632928
266.7	0.00048756910000000007
266.8	0.0004436197
266.9	0.0004729165
267.0	0.0004645138
267.1	0.0005187943
267.2	0.0005018574
267.3	0.000464847
267.4	0.00046579190000000005
267.5	0.0004961339
267.6	0.0004460666
267.7	0.0005610783999999999
267.8	0.0004967925
267.9	0.0005100120999999999
268.0	0.0004400337
268.1	0.0004829298999999999
268.2	0.0004884206
268.3	0.00044503660000000004
268.4	0.0005121647999999999
268.5	0.00048678690000000005
268.6	0.00044476600000000003
268.7	0.0004720026
268.8	0.0004572189
268.9	0.0004618188
269.0	0.00045141059999999995
269.1	0.0004934003
269.2	0.00045460879999999996
269.3	0.00047767149999999994
269.4	0.0004374863
269.5	0.0004680996
269.6	0.0004948484999999999
269.7	0.0005257407
269.8	0.0005062638
269.9	0.0004725217
270.0	0.000481025
270.1	0.0004661249
270.2	0.0005029023
270.3	0.0004581248
270.4	0.0005180505999999999
270.5	0.00047198739999999997
270.6	0.00043129799999999994
270.7	0.0004545782
270.8	0.00046782860000000004
270.9	0.00044008819999999995
271.0	0.0004838748
271.1	0.00045370309999999994
271.2	0.0004900468
271.3	0.00043457459999999995
271.4	0.0004224236
271.5	0.00045505800000000005
271.6	0.000490721
271.7	0.0004918129
271.8	0.0005124897999999999
271.9	0.0004264972
272.0	0.0004514491
272.1	0.00045296690000000005
272.2	0.0004604712
272.3	0.0004808158
272.4	0.000461904
272.5	0.0004925715
272.6	0.0004945621000000001
272.7	0.0005048696
272.8	0.0004408861
272.9	0.0005298683
273.0	0.0004986664
273.1	0.0004583958
273.2	0.0004924171
273.3	0.00043768739999999995
273.4	0.0004664960999999999
273.5	0.0004994487
273.6	0.00044600489999999994
273.7	0.0004872508
273.8	0.0004198907
273.9	0.0003995233
274.0	0.00046746440000000004
274.1	0.0004926493
274.2	0.0004710659
274.3	0.0004659627
274.4	0.0004698184
274.5	0.0004576523
274.6	0.0004326152
274.7	0.00043831429999999997
274.8	0.0004977525
274.9	0.00044083170000000006
275.0	0.0005185618
275.1	0.0004886222
275.2	0.00045188309999999996
275.3	0.0004423031
275.4	0.00047964620000000004
275.5	0.0005226117999999999
275.6	0.0004223075
275.7	0.00046758019999999995
275.8	0.0004549963
275.9	0.0004659931
276.0	0.0005143176999999999
276.1	0.00046794520000000006
276.2	0.0004433951999999999
276.3	0.0004836578
276.4	0.00041908559999999996
276.5	0.00045693259999999994
276.6	0.0005037083
276.7	0.0004994877000000001
276.8	0.0004531456
276.9	0.00042173410000000003
277.0	0.0004563979
277.1	0.00044667850000000006
277.2	0.00045819489999999997
277.3	0.0004797082
277.4	0.00046314299999999995
277.5	0.00046504820000000004
277.6	0.0004759368
277.7	0.0004871198
277.8	0.0004512323
277.9	0.00046497120000000007
278.0	0.00045228609999999997
278.1	0.00040875479999999994
278.2	0.00046997350000000006
278.3	0.00047232009999999996
278.4	0.0005144416
278.5	0.0004516665
278.6	0.00043616229999999997
278.7	0.000462539
278.8	0.0004695864
278.9	0.00044910310000000005
279.0	0.0004371689
279.1	0.0004892957
279.2	0.0004933380000000001
279.3	0.0004841148
279.4	0.0004496368
279.5	0.00044324030000000007
279.6	0.0004570329
279.7	0.0004644907
279.8	0.0004547485
279.9	0.00043912019999999994
280.0	0.0004530058
280.1	0.00047362900000000004
280.2	0.00046614019999999994
280.3	0.00046744870000000005
280.4	0.00047805870000000003
280.5	0.0005062559
280.6	0.0005339652
280.7	0.00042414250000000003
280.8	0.00041322289999999996
280.9	0.00046390190000000005
281.0	0.0004925793
281.1	0.0004876851999999999
281.2	0.00045901570000000003
281.3	0.0004726689
281.4	0.0004327774
281.5	0.00047335799999999995
281.6	0.0004660936
281.7	0.00047111989999999997
281.8	0.00047427190000000005
281.9	0.0004519605
282.0	0.0004482426
282.1	0.00045395829999999996
282.2	0.00044119579999999997
282.3	0.0004418696
282.4	0.0004715225
282.5	0.00044938130000000005
282.6	0.0004305552
282.7	0.0004910307
282.8	0.0004495132
282.9	0.0004277362
283.0	0.0004620357
283.1	0.0005214583
283.2	0.00046769659999999996
283.3	0.00046452170000000004
283.4	0.0004767886
283.5	0.0004903722000000001
283.6	0.0004574355
283.7	0.0005132879000000001
283.8	0.0004461672
283.9	0.00044911049999999997
284.0	0.0004554687000000001
284.1	0.0004748218999999999
284.2	0.0005089585
284.3	0.0004918049000000001
284.4	0.00045910819999999997
284.5	0.0004391359
284.6	0.00044025879999999996
284.7	0.0004657534
284.8	0.0004670307
284.9	0.00048800259999999995
285.0	0.000514581
285.1	0.0004262722
285.2	0.0004920063999999999
285.3	0.00047190979999999996
285.4	0.00046528840000000004
285.5	0.00046979570000000003
285.6	0.00048284470000000004
285.7	0.0004704923
285.8	0.00047670370000000006
285.9	0.00043943009999999997
286.0	0.00047528630000000005
286.1	0.000472359
286.2	0.0004808313
286.3	0.00045654539999999996
286.4	0.00046893609999999996
286.5	0.0004823803
286.6	0.0004911701
286.7	0.0004654046
286.8	0.0005077198000000001
286.9	0.00045810140000000007
287.0	0.00045415170000000004
287.1	0.00045778400000000003
287.2	0.00048257359999999996
287.3	0.0004572965
287.4	0.0004993478000000001
287.5	0.0004665586
287.6	0.0004375094
287.7	0.00043286999999999997
287.8	0.0004731411
287.9	0.0004421484
288.0	0.00048035110000000004
288.1	0.0005070303
288.2	0.00048060670000000003
288.3	0.00046446740000000007
288.4	0.0004421791
288.5	0.00045961149999999997
288.6	0.00039287880000000004
288.7	0.00044321689999999995
288.8	0.000521009
288.9	0.0004550196
289.0	0.00046968730000000004
289.1	0.0004521382
289.2	0.00044767000000000006
289.3	0.00046043239999999996
289.4	0.00045291280000000003
289.5	0.00040312420000000005
289.6	0.0004550352
289.7	0.000468936
289.8	0.00043373059999999994
289.9	0.00045301330000000004
290.0	0.0004495362
290.1	0.0004545547
290.2	0.00044126540000000007
290.3	0.00043861649999999997
290.4	0.00044702720000000003
290.5	0.00048654640000000006
290.6	0.0004161114
290.7	0.0004397631
290.8	0.0004376952
290.9	0.0005393164
291.0	0.0004967303
291.1	0.0004609125
291.2	0.00048665519999999997
291.3	0.00046930020000000004
291.4	0.0005142943
291.5	0.00046483899999999993
291.6	0.0005062716
291.7	0.00047866289999999996
291.8	0.0004924631999999999
291.9	0.0005334000000000001
292.0	0.0005006875
292.1	0.0004978763000000001
292.2	0.0004645218
292.3	0.0005143411
292.4	0.0005100271
292.5	0.0004983796
292.6	0.0005387746000000001
292.7	0.00048598150000000003
292.8	0.0005217761999999999
292.9	0.0005310769
293.0	0.0004548026
293.1	0.0005064652000000001
293.2	0.0004917356000000001
293.3	0.00046236100000000005
293.4	0.0004471823
293.5	0.00044589639999999996
293.6	0.0004710113
293.7	0.0005030733
293.8	0.0005143796999999999
293.9	0.0004839522
294.0	0.0005168425
294.1	0.0004892492
294.2	0.0004686493
294.3	0.0004825891
294.4	0.0005277774
294.5	0.0004939578999999999
294.6	0.00048687940000000004
294.7	0.00044226430000000004
294.8	0.00048496669999999995
294.9	0.0004943606000000001
295.0	0.0005497563999999999
295.1	0.00044515330000000005
295.2	0.0005288769
295.3	0.0004470426
295.4	0.0004677513
295.5	0.0005238124
295.6	0.0004934854
295.7	0.0004859346
295.8	0.0004729166
295.9	0.0004371377
296.0	0.00048660880000000003
296.1	0.00044178420000000004
296.2	0.00041900810000000004
296.3	0.00039912869999999997
296.4	0.0004777881
296.5	0.0005252992
296.6	0.00046884300000000004
296.7	0.000469734
296.8	0.00047925910000000003
296.9	0.0004778962000000001
297.0	0.00048570250000000003
297.1	0.00041842729999999996
297.2	0.00042686069999999996
297.3	0.0005024382999999999
297.4	0.00043751719999999997
297.5	0.00047015919999999996
297.6	0.0004671393
297.7	0.00048144330000000007
297.8	0.0005013692999999999
297.9	0.000499991
298.0	0.0004625235
298.1	0.0004381909
298.2	0.00042315119999999993
298.3	0.0004358602
298.4	0.0004502644
298.5	0.0004449749
298.6	0.0005004941
298.7	0.0004751857
298.8	0.000504854
298.9	0.00047161569999999996
299.0	0.0004944922000000001
299.1	0.0004982329999999999
299.2	0.00044215559999999994
299.3	0.0005105772
299.4	0.0005113437
299.5	0.0004453311
299.6	0.00047961520000000004
299.7	0.0004923009000000001
299.8	0.0004978534000000001
299.9	0.0004895048
300.0	0.0005110651
300.1	0.0005090593
300.2	0.0005070999999999999
300.3	0.00048154320000000003
300.4	0.0005223105
300.5	0.0004924942000000001
300.6	0.00047932890000000004
300.7	0.0005182598
300.8	0.00045515089999999996
300.9	0.0005122733
301.0	0.0004949645
301.1	0.0005019192
301.2	0.0005595295
301.3	0.0004887381999999999
301.4	0.0004950264
301.5	0.000450342
301.6	0.0004923395
301.7	0.000500494
301.8	0.00047096500000000006
301.9	0.0005156191
302.0	0.00048231810000000006
302.1	0.0005244861
302.2	0.0004893423
302.3	0.0004885215
302.4	0.0005340194999999999
302.5	0.00048472670000000007
302.6	0.0005152005
302.7	0.000455019
302.8	0.0004786007
302.9	0.00048818830000000007
303.0	0.00046437439999999996
303.1	0.0005446758
303.2	0.0005354985000000001
303.3	0.0005198397
303.4	0.0005031347
303.5	0.0004608044
303.6	0.0004628722
303.7	0.00044835940000000004
303.8	0.0005421512000000001
303.9	0.00044260500000000005
304.0	0.0004368203
304.1	0.00048331700000000003
304.2	0.0004502955
304.3	0.00045443089999999995
304.4	0.0004785622
304.5	0.00042615609999999994
304.6	0.00045643660000000005
304.7	0.00046387880000000004
304.8	0.0005107167
304.9	0.0004893429
305.0	0.0005024924
305.1	0.0004908139
305.2	0.00047678080000000005
305.3	0.00046027010000000007
305.4	0.0004879561
305.5	0.00047626209999999995
305.6	0.000504808
305.7	0.000549098
305.8	0.0004975593000000001
305.9	0.0004546244
306.0	0.0004739391000000001
306.1	0.0004731644
306.2	0.0006111686
306.3	0.0005170746
306.4	0.00047588259999999994
306.5	0.0005264067999999999
306.6	0.0005732132999999999
306.7	0.0005125829
306.8	0.0005041032
306.9	0.000538426
307.0	0.0005066588
307.1	0.0004891487
307.2	0.0005193672
307.3	0.0004921846000000001
307.4	0.0004949957
307.5	0.0004898767
307.6	0.0005092839
307.7	0.0005000994000000001
307.8	0.0004625547
307.9	0.0004920216
308.0	0.0005055901
308.1	0.0005548669
308.2	0.0004946008
308.3	0.0005678854
308.4	0.00046440539999999996
308.5	0.000541121
308.6	0.0005116693000000001
308.7	0.0005439323
308.8	0.0004822721
308.9	0.0005129857999999999
309.0	0.0005092683999999999
309.1	0.0005080992
309.2	0.0004925176
309.3	0.0005064652000000001
309.4	0.0004899466
309.5	0.00048779349999999994
309.6	0.0005028948000000001
309.7	0.0004995106
309.8	0.0004976367
309.9	0.0005302557
310.0	0.0005226585
310.1	0.0005095470000000001
310.2	0.00047733069999999995
310.3	0.0005374503
310.4	0.0005173069
310.5	0.0005170362000000001
310.6	0.0005393012
310.7	0.0004688044
310.8	0.0004902175
310.9	0.0005291407
311.0	0.0005219692999999999
311.1	0.0005110108000000001
311.2	0.000534887
311.3	0.0005236808
311.4	0.0005131021
311.5	0.00045374139999999994
311.6	0.000533532
311.7	0.00047366
311.8	0.0005030107
311.9	0.0004971328
312.0	0.00046599319999999996
312.1	0.0004640107
312.2	0.0005015552
312.3	0.0004939348
312.4	0.0005595681000000001
312.5	0.0005703402
312.6	0.0005098800999999999
312.7	0.0005280485
312.8	0.0004761458
312.9	0.00046886650000000003
313.0	0.0005189719999999999
313.1	0.0004895437999999999
313.2	0.0005341587999999999
313.3	0.00046219069999999993
313.4	0.0004829145
313.5	0.0005405403
313.6	0.0004942597
313.7	0.0005390762000000001
313.8	0.0005242694
313.9	0.0005157582999999999
314.0	0.0005184686
314.1	0.0005167572
314.2	0.0005122966
314.3	0.0004922466
314.4	0.000523983
314.5	0.0005408962
314.6	0.0005117316
314.7	0.00048322419999999994
314.8	0.0004937566
314.9	0.0005184146999999999
315.0	0.0005686445
315.1	0.0004962581
315.2	0.0004929514000000001
315.3	0.0004853151
315.4	0.0005175318000000001
315.5	0.0005232701
315.6	0.0005124201
315.7	0.0004911002
315.8	0.0005623715
315.9	0.0004923006
316.0	0.0005431654000000001
316.1	0.0005005484
316.2	0.0004917586
316.3	0.000530589
316.4	0.0005266082000000001
316.5	0.0005150692
316.6	0.00048549380000000004
316.7	0.0005895309000000001
316.8	0.0005393243
316.9	0.0005987157
317.0	0.0005141631
317.1	0.0004688277
317.2	0.0005144421
317.3	0.00047293190000000004
317.4	0.0005014936
317.5	0.0005126528
317.6	0.0005213964
317.7	0.0005116846
317.8	0.0005013926999999999
317.9	0.0005441878000000001
318.0	0.00048358820000000003
318.1	0.0004995339
318.2	0.0005258878999999999
318.3	0.0005032514
318.4	0.0004982562
318.5	0.0005028098
318.6	0.0004933695
318.7	0.0005151696
318.8	0.000539185
318.9	0.0005197388
319.0	0.00046108309999999997
319.1	0.0005096634
319.2	0.0005112202
319.3	0.0005219774
319.4	0.0005290555
319.5	0.0004806996
319.6	0.0005476879
319.7	0.0005508172000000001
319.8	0.0005380076
319.9	0.0005114754
320.0	0.0005206060000000001
320.1	0.0004891178999999999
320.2	0.000520513
320.3	0.0005195761
320.4	0.0005219381
320.5	0.0005257253
320.6	0.0005106003
320.7	0.0005401995
320.8	0.0004959018
320.9	0.0004898222
321.0	0.0005390303
321.1	0.0005144728
321.2	0.0005427089
321.3	0.0005264298
321.4	0.000472537
321.5	0.0005635101000000001
321.6	0.0004985272
321.7	0.0004996499
321.8	0.0005420735
321.9	0.0004969320000000001
322.0	0.0004742173
322.1	0.0005441567999999999
322.2	0.0005678462
322.3	0.0005129937
322.4	0.0004765174
322.5	0.0005257486
322.6	0.0005447608999999999
322.7	0.0005080372999999999
322.8	0.0004964826
322.9	0.0005097177
323.0	0.0004855166
323.1	0.0005109954999999999
323.2	0.0004886611
323.3	0.0004883974
323.4	0.0005014003
323.5	0.0005569661
323.6	0.0005409042000000001
323.7	0.0005400677
323.8	0.0005428943
323.9	0.00046432019999999996
324.0	0.00046564419999999994
324.1	0.0004991002
324.2	0.00046258549999999996
324.3	0.0005014158999999999
324.4	0.0005060081
324.5	0.0005013461
324.6	0.0004855087
324.7	0.0005102058
324.8	0.00044618260000000003
324.9	0.0005012765999999999
325.0	0.0005320059
325.1	0.0005199016999999999
325.2	0.0005098339
325.3	0.0005068676
325.4	0.0004924172
325.5	0.0004898767
325.6	0.0005033594
325.7	0.0005059697999999999
325.8	0.0005203273
325.9	0.0005184613
326.0	0.0005031891999999999
326.1	0.0004956771
326.2	0.0005302788
326.3	0.0005121804
326.4	0.0004694858
326.5	0.0004980471
326.6	0.0004784535
326.7	0.0004879402
326.8	0.0004742873
326.9	0.0005010288
327.0	0.0005366912
327.1	0.0005165323
327.2	0.00048786279999999993
327.3	0.0005179574
327.4	0.00047186319999999995
327.5	0.0005242462
327.6	0.0005082461
327.7	0.00048776220000000005
327.8	0.0005900344
327.9	0.00048387459999999996
328.0	0.0004767422
328.1	0.0005313868000000001
328.2	0.0005400911
328.3	0.00045018689999999997
328.4	0.0005022522
328.5	0.0005401995
328.6	0.00048164430000000003
328.7	0.0004942443
328.8	0.0004942675
328.9	0.0004941901000000001
329.0	0.0004941981
329.1	0.0005008346999999999
329.2	0.000484262
329.3	0.0005451019
329.4	0.0005473241999999999
329.5	0.0005224654000000001
329.6	0.00047218060000000004
329.7	0.0005118937
329.8	0.000510508
329.9	0.0004906198
330.0	0.0004911695
330.1	0.0005312704000000001
330.2	0.0004911313
330.3	0.0005138377000000001
330.4	0.0005013769
330.5	0.00047297070000000004
330.6	0.0004935863
330.7	0.0005153556000000001
330.8	0.00047685830000000003
330.9	0.0005121264
331.0	0.0004979231
331.1	0.0005536123999999999
331.2	0.0005146041
331.3	0.0005198632
331.4	0.0004924012
331.5	0.0005240059
331.6	0.00048561749999999994
331.7	0.0004772919
331.8	0.0005220311
331.9	0.00045785359999999997
332.0	0.000525307
332.1	0.0005272741
332.2	0.000495778
332.3	0.0004890949
332.4	0.0005220308
332.5	0.0005073172
332.6	0.0005155956
332.7	0.0005540078
332.8	0.0005223639
332.9	0.0004970246
333.0	0.0005137062999999999
333.1	0.00048792489999999997
333.2	0.0005220391
333.3	0.0004914486999999999
333.4	0.000506465
333.5	0.0005192665
333.6	0.0005032125
333.7	0.0005157040999999999
333.8	0.0004857337
333.9	0.0005117463000000001
334.0	0.0005532019
334.1	0.0005336786
334.2	0.00048457959999999994
334.3	0.0004923700999999999
334.4	0.0005487569
334.5	0.0005307821000000001
334.6	0.0004958088
334.7	0.0005072238000000001
334.8	0.00048728260000000006
334.9	0.0005410902
335.0	0.0005241295999999999
335.1	0.0005183061
335.2	0.0005350029
335.3	0.0005093384
335.4	0.0005143024
335.5	0.0005654458
335.6	0.0005058069
335.7	0.0005267007
335.8	0.0005205518999999999
335.9	0.000517764
336.0	0.0005076656
336.1	0.0005011366999999999
336.2	0.00046760409999999997
336.3	0.0005155489000000001
336.4	0.0005330979
336.5	0.0005184763
336.6	0.0005466116
336.7	0.0005081997999999999
336.8	0.0005078588
336.9	0.0005053579
337.0	0.0005697751
337.1	0.0004781129
337.2	0.0004966993
337.3	0.0005007884
337.4	0.0004980237
337.5	0.0004979304000000001
337.6	0.00052952
337.7	0.0005323929999999999
337.8	0.0004954371
337.9	0.0005178028
338.0	0.0004905579000000001
338.1	0.0005140157
338.2	0.0005006182
338.3	0.0005012298999999999
338.4	0.00049862
338.5	0.0004976443000000001
338.6	0.0005400911
338.7	0.0005314867
338.8	0.0005046218000000001
338.9	0.0005218224
339.0	0.0005103064
339.1	0.0005197693000000001
339.2	0.00048186149999999994
339.3	0.0004765251
339.4	0.0005319284999999999
339.5	0.0004737067
339.6	0.0005106703000000001
339.7	0.00047715269999999997
339.8	0.0005444665
339.9	0.0004956071
340.0	0.0005116151
340.1	0.0005131406
340.2	0.0004953599
340.3	0.000538705
340.4	0.0005205133
340.5	0.00048395209999999993
340.6	0.0004964905
340.7	0.0005523891
340.8	0.0004943065999999999
340.9	0.0004948719999999999
341.0	0.0005049318
341.1	0.0004949182000000001
341.2	0.0005031199999999999
341.3	0.0005293730000000001
341.4	0.0004948177
341.5	0.0005047300000000001
341.6	0.0005331986
341.7	0.0004938265
341.8	0.000556478
341.9	0.0004968076
342.0	0.0004990076
342.1	0.0005652679
342.2	0.0005188015999999999
342.3	0.0005204439
342.4	0.0004923937000000001
342.5	0.0004929436
342.6	0.0005185774
342.7	0.0005064571999999999
342.8	0.0004963277
342.9	0.00047386929999999997
343.0	0.00047398490000000003
343.1	0.0005016325000000001
343.2	0.0005001846000000001
343.3	0.0005096248
343.4	0.0005248811
343.5	0.000513009
343.6	0.0005424297
343.7	0.0004888237
343.8	0.0005135436
343.9	0.0005498334
344.0	0.0005437542
344.1	0.0005004244000000001
344.2	0.0005553476
344.3	0.0005395802000000001
344.4	0.0005122502
344.5	0.0005268014000000001
344.6	0.0005261436
344.7	0.0005041030999999999
344.8	0.0005688689
344.9	0.0005161457
345.0	0.0005279322999999999
345.1	0.000592195
345.2	0.0005416087999999999
345.3	0.0005546813
345.4	0.0005004555
345.5	0.0005300157
345.6	0.0005576397
345.7	0.0005261048000000001
345.8	0.0005184689000000001
345.9	0.0005533107
346.0	0.0005160759
346.1	0.0005021205
346.2	0.0005002462
346.3	0.0005020119
346.4	0.0005403465
346.5	0.0005143412
346.6	0.0005320138000000001
346.7	0.0004798556
346.8	0.00048778560000000006
346.9	0.0005478742
347.0	0.0005302633999999999
347.1	0.0005352973
347.2	0.0005101201
347.3	0.0005405093999999999
347.4	0.0005196924
347.5	0.0004943994
347.6	0.0005196383
347.7	0.0005027321999999999
347.8	0.0005074332999999999
347.9	0.000524626
348.0	0.0005111966
348.1	0.0004957624
348.2	0.0005052647000000001
348.3	0.0005302092000000001
348.4	0.0005289934999999999
348.5	0.0004893187000000001
348.6	0.0005295510000000001
348.7	0.00048735239999999995
348.8	0.0005394407
348.9	0.0005432970999999999
349.0	0.0005166878
349.1	0.0005100198
349.2	0.0004930675
349.3	0.0005433902
349.4	0.0005303720000000001
349.5	0.00054497
349.6	0.0005232933
349.7	0.0004994870999999999
349.8	0.0004892492
349.9	0.0005310687
