0.0	0.0004832702
0.1	0.0004116691
0.2	0.00042027530000000006
0.3	0.00045113919999999994
0.4	0.00043713240000000004
0.5	0.00044916959999999996
0.6	0.0004664749
0.7	0.0004768889
0.8	0.00042615439999999996
0.9	0.00038568729999999995
1.0	0.0003922157
1.1	0.00046542410000000007
1.2	0.0004582161
1.3	0.0004276994
1.4	0.00043507009999999995
1.5	0.0004256907
1.6	0.0004768038
1.7	0.00039104900000000003
1.8	0.0004421777
1.9	0.0004456698
2.0	0.0004310068
2.1	0.00034376069999999994
2.2	0.0003862671
2.3	0.000480219
2.4	0.0004632764
2.5	0.0004260235
2.6	0.0003952599
2.7	0.00046711569999999996
2.8	0.0004141413
2.9	0.00037305590000000005
3.0	0.00039261
3.1	0.0004466741
3.2	0.00038733340000000004
3.3	0.0004169922
3.4	0.000410618
3.5	0.0004105181
3.6	0.0005017502000000001
3.7	0.00035694019999999994
3.8	0.00040971439999999996
3.9	0.0004084551
4.0	0.0004701133
4.1	0.00041710019999999996
4.2	0.0004062147
4.3	0.0004036883
4.4	0.00042984750000000003
4.5	0.00044596300000000007
4.6	0.00044694429999999995
4.7	0.00047168970000000004
4.8	0.0004598074
4.9	0.00044299640000000005
5.0	0.00045069909999999997
5.1	0.00047024480000000003
5.2	0.0004566553
5.3	0.0004259462
5.4	0.00039206909999999997
5.5	0.00044167539999999996
5.6	0.00041147600000000003
5.7	0.00045182720000000004
5.8	0.0004928501
5.9	0.00043263620000000004
6.0	0.00040935110000000005
6.1	0.0004310218
6.2	0.00044332890000000003
6.3	0.0004557362
6.4	0.0004085632
6.5	0.0004968209999999999
6.6	0.0004515178
6.7	0.0004274062
6.8	0.000414373
6.9	0.0004481184
7.0	0.00041734730000000004
7.1	0.0004159334
7.2	0.0004640952
7.3	0.00037252330000000003
7.4	0.00044089510000000005
7.5	0.00044628029999999996
7.6	0.0004639251
7.7	0.0004381061
7.8	0.0004342743
7.9	0.0004139169
8.0	0.000440053
8.1	0.0004401225
8.2	0.0004755603
8.3	0.00041720060000000005
8.4	0.00045022
8.5	0.0004284489
8.6	0.00042266250000000003
8.7	0.00041050249999999993
8.8	0.0004069023
8.9	0.00048695549999999997
9.0	0.00047647989999999996
9.1	0.00045376600000000003
9.2	0.00045736590000000003
9.3	0.00041843660000000005
9.4	0.00040629969999999996
9.5	0.00046135229999999994
9.6	0.0004102551
9.7	0.0005174565999999999
9.8	0.00042756829999999996
9.9	0.0004128667
10.0	0.00045765969999999993
10.1	0.0004663202
10.2	0.000456717
10.3	0.00046329160000000005
10.4	0.0004629362
10.5	0.0004154079
10.6	0.00039073229999999997
10.7	0.0004421776
10.8	0.00048032680000000005
10.9	0.0004617077
11.0	0.0004296621
11.1	0.00043871649999999997
11.2	0.00041083479999999995
11.3	0.0004622023
11.4	0.00043255909999999993
11.5	0.0004536121
11.6	0.0004392808
11.7	0.0005044616
11.8	0.00046162279999999997
11.9	0.0004198656
12.0	0.00047562189999999995
12.1	0.0004312537
12.2	0.00044945499999999997
12.3	0.0004904781
12.4	0.0004448197
12.5	0.0003755671
12.6	0.0004610587
12.7	0.0004522362
12.8	0.000506424
12.9	0.00044376889999999997
13.0	0.00043625219999999994
13.1	0.0003417753
13.2	0.00047613919999999995
13.3	0.00045262289999999995
13.4	0.00044485069999999997
13.5	0.0005177887
13.6	0.00033333880000000003
13.7	0.0003935291
13.8	0.0003617768
13.9	0.0004489535
14.0	0.0004479333
14.1	0.00045924390000000006
14.2	0.0004342975999999999
14.3	0.00041913990000000005
14.4	0.00042623989999999995
14.5	0.00041053359999999997
14.6	0.00041434980000000006
14.7	0.00046241919999999995
14.8	0.00047294859999999993
14.9	0.0004428188
15.0	0.0004244007
15.1	0.00048428239999999997
15.2	0.0004744399
15.3	0.0004486442
15.4	0.00044461100000000003
15.5	0.00045151779999999997
15.6	0.00046832910000000006
15.7	0.0005479725
15.8	0.00045680199999999997
15.9	0.00043181769999999994
16.0	0.0004852482
16.1	0.0005249578
16.2	0.00044045479999999996
16.3	0.00043916439999999995
16.4	0.00044670479999999997
16.5	0.00046952619999999996
16.6	0.00047518919999999995
16.7	0.000477669
16.8	0.00045464670000000003
16.9	0.00046949560000000005
17.0	0.00042489560000000005
17.1	0.0004887015
17.2	0.00047104849999999996
17.3	0.0005175492
17.4	0.0005066558999999999
17.5	0.00044899139999999996
17.6	0.000521404
17.7	0.00045150229999999994
17.8	0.0004778239
17.9	0.00048283760000000005
18.0	0.0004667527
18.1	0.0004336095
18.2	0.000448775
18.3	0.0005095611
18.4	0.0004717898
18.5	0.0004528699
18.6	0.0004788052
18.7	0.0004553108
18.8	0.00045891890000000004
18.9	0.00042626270000000003
19.0	0.0004758303
19.1	0.0004936149
19.2	0.0005031250999999999
19.3	0.00046830559999999996
19.4	0.00044721480000000003
19.5	0.0004104792
19.6	0.0005070497000000001
19.7	0.0004219208
19.8	0.0005179817000000001
19.9	0.0005164056
20.0	0.00039953220000000004
20.1	0.0004457779
20.2	0.0004733891
20.3	0.0004381373
20.4	0.0004999112
20.5	0.0004392185
20.6	0.0004074817
20.7	0.0004163352
20.8	0.00046885410000000003
20.9	0.0004967515
21.0	0.0004578146
21.1	0.0004586949
21.2	0.0004645355
21.3	0.0004811609
21.4	0.0004514558
21.5	0.00048512470000000005
21.6	0.0004933215999999999
21.7	0.00046958840000000003
21.8	0.0004736054
21.9	0.00044201529999999997
22.0	0.00043136929999999996
22.1	0.0005102558
22.2	0.00046832129999999994
22.3	0.0005210873
22.4	0.0004763481
22.5	0.00041880730000000004
22.6	0.00041153
22.7	0.0004840893
22.8	0.00046825930000000005
22.9	0.000495307
23.0	0.00045224440000000006
23.1	0.00043544850000000007
23.2	0.0004309754
23.3	0.00040504820000000004
23.4	0.00048099140000000003
23.5	0.00048547989999999996
23.6	0.00046538539999999994
23.7	0.0004627203
23.8	0.00044227779999999993
23.9	0.0004466972
24.0	0.0003883379
24.1	0.0004541523
24.2	0.0004590349
24.3	0.00047474109999999997
24.4	0.00043619789999999997
24.5	0.0004921317999999999
24.6	0.00045925159999999997
24.7	0.0004759621
24.8	0.0004439465
24.9	0.000479392
25.0	0.0004800641
25.1	0.00044109579999999997
25.2	0.0004862759
25.3	0.0005192025
25.4	0.00043942689999999996
25.5	0.000507761
25.6	0.0005011476000000001
25.7	0.0004189234
25.8	0.00040755889999999996
25.9	0.0004813313
26.0	0.00048435179999999995
26.1	0.00045548880000000004
26.2	0.0005102329000000001
26.3	0.0005047863
26.4	0.00045864840000000006
26.5	0.000539096
26.6	0.00045885779999999996
26.7	0.0004751119
26.8	0.00048426700000000003
26.9	0.00048456840000000003
27.0	0.0004613141
27.1	0.0004519195
27.2	0.000468924
27.3	0.00047732959999999996
27.4	0.0005167684999999999
27.5	0.0005177575
27.6	0.000434421
27.7	0.00048175640000000004
27.8	0.00045184249999999994
27.9	0.00044492779999999997
28.0	0.0004217122
28.1	0.0004760548
28.2	0.00047460240000000005
28.3	0.0004644278
28.4	0.0004615539
28.5	0.00047991730000000005
28.6	0.00048819139999999994
28.7	0.0004955078999999999
28.8	0.00045051339999999996
28.9	0.0004840273
29.0	0.00040451479999999997
29.1	0.0004934448000000001
29.2	0.00043130759999999996
29.3	0.00043554110000000004
29.4	0.0004632921
29.5	0.0003016561
29.6	0.00042674190000000005
29.7	0.0004879518
29.8	0.0005191483
29.9	0.0004387471
30.0	0.00044945509999999995
30.1	0.0004376965
30.2	0.0004706076
30.3	0.00045879549999999997
30.4	0.0004352009
30.5	0.0004349074
30.6	0.0004646438
30.7	0.0004507765
30.8	0.0004021199
30.9	0.0004924638
31.0	0.00048167870000000005
31.1	0.0004149448
31.2	0.0005121259999999999
31.3	0.0004929661999999999
31.4	0.0004529007
31.5	0.0004592047
31.6	0.0005276536999999999
31.7	0.000490262
31.8	0.0004534491
31.9	0.0004342124
32.0	0.0004598923
32.1	0.00048820699999999994
32.2	0.0004699823
32.3	0.00046179279999999993
32.4	0.00047790089999999994
32.5	0.0004889873000000001
32.6	0.0004918847000000001
32.7	0.0004630294
32.8	0.0004466194
32.9	0.00045613770000000004
33.0	0.0003585707
33.1	0.00037300970000000007
33.2	0.0004818486
33.3	0.00044926149999999996
33.4	0.0004351012
33.5	0.00046733990000000003
33.6	0.0005048018
33.7	0.0004916836999999999
33.8	0.0004842746
33.9	0.00042660279999999994
34.0	0.0004629906
34.1	0.0004768116
34.2	0.00046784239999999997
34.3	0.00045437589999999995
34.4	0.0004496791
34.5	0.00044708309999999995
34.6	0.0004614297
34.7	0.00046561780000000004
34.8	0.0004901384999999999
34.9	0.0004539901
35.0	0.0004377509
35.1	0.0004499491
35.2	0.0004661424
35.3	0.00043061250000000004
35.4	0.00047393009999999994
35.5	0.00047977069999999994
35.6	0.0004307206
35.7	0.0004760703
35.8	0.00041740140000000005
35.9	0.0004865379
36.0	0.0004269732
36.1	0.0004876355
36.2	0.00035634579999999994
36.3	0.0004686687
36.4	0.0005321346
36.5	0.0004713651
36.6	0.0004617157
36.7	0.0004873571
36.8	0.0004675329
36.9	0.0004761239
37.0	0.0004567406
37.1	0.00038458310000000006
37.2	0.0004409492
37.3	0.0003932588
37.4	0.0004654393
37.5	0.0004061992
37.6	0.0004834171
37.7	0.0004080305
37.8	0.00045046709999999995
37.9	0.00044215459999999993
38.0	0.00041152990000000003
38.1	0.00046822099999999995
38.2	0.0004682829
38.3	0.00044131220000000003
38.4	0.0004897522
38.5	0.00043624399999999997
38.6	0.00042506529999999996
38.7	0.0004823587
38.8	0.0004485978
38.9	0.0004903238
39.0	0.0005245484
39.1	0.0004873338
39.2	0.00045687159999999996
39.3	0.00045053679999999997
39.4	0.00043714839999999997
39.5	0.00040962940000000003
39.6	0.0004972846000000001
39.7	0.00047724439999999996
39.8	0.00041093460000000005
39.9	0.00045900420000000007
40.0	0.00041447349999999995
40.1	0.00039753090000000003
40.2	0.00043721019999999996
40.3	0.0004738834
40.4	0.0004668685
40.5	0.0003551943
40.6	0.00047111000000000006
40.7	0.0004817023
40.8	0.00046561739999999996
40.9	0.00045528820000000005
41.0	0.00042389869999999994
41.1	0.0003789509
41.2	0.00047297949999999995
41.3	0.00043523979999999997
41.4	0.000440238
41.5	0.000453712
41.6	0.0004324975
41.7	0.00041461260000000006
41.8	0.0003996323000000001
41.9	0.00044617170000000006
42.0	0.0004685688
42.1	0.00042671109999999995
42.2	0.00048423600000000003
42.3	0.0004705461
42.4	0.0004100389
42.5	0.0004765646
42.6	0.0004445412
42.7	0.00044832700000000005
42.8	0.0005067254000000001
42.9	0.0004436148
43.0	0.00047830299999999996
43.1	0.00044566199999999994
43.2	0.00045883390000000005
43.3	0.000430002
43.4	0.0005119168
43.5	0.0005148992
43.6	0.00046944150000000003
43.7	0.0004292914
43.8	0.0004051408
43.9	0.0004328995
44.0	0.00039374600000000005
44.1	0.00047508880000000003
44.2	0.00047206010000000004
44.3	0.0004240996
44.4	0.0004175015
44.5	0.0004861599
44.6	0.0005084791999999999
44.7	0.00048413549999999997
44.8	0.00043078199999999994
44.9	0.00042840289999999996
45.0	0.00046710040000000005
45.1	0.0004200668
45.2	0.0004956085
45.3	0.00045331040000000004
45.4	0.0004691555000000001
45.5	0.00047222260000000005
45.6	0.0004479873
45.7	0.000519944
45.8	0.00046696909999999995
45.9	0.0004935064
46.0	0.00042298689999999996
46.1	0.0004658953
46.2	0.00041832090000000006
46.3	0.0004168761
46.4	0.00044481189999999996
46.5	0.00042431570000000005
46.6	0.0005194883
46.7	0.0005041685000000001
46.8	0.00042846439999999996
46.9	0.000432984
47.0	0.0004682977
47.1	0.00043144680000000004
47.2	0.0004601013
47.3	0.00043360189999999997
47.4	0.00048503209999999997
47.5	0.0004578141
47.6	0.00046194739999999996
47.7	0.0004027689
47.8	0.00041265749999999993
47.9	0.0004611209
48.0	0.0004921858
48.1	0.0004328217
48.2	0.000481246
48.3	0.00036526120000000004
48.4	0.00046420330000000005
48.5	0.0004166052
48.6	0.0005611447
48.7	0.00048303880000000003
48.8	0.00046592599999999997
48.9	0.0004413739
49.0	0.0004710949
49.1	0.00042169699999999996
49.2	0.00045750509999999996
49.3	0.000421311
49.4	0.0004491616
49.5	0.0004367232
49.6	0.0003994238
49.7	0.0004427953
49.8	0.0004697042
49.9	0.00042134160000000003
50.0	0.0003936839
50.1	0.00045783740000000003
50.2	0.00041103579999999997
50.3	0.0005048093
50.4	0.00043733420000000007
50.5	0.0004279159
50.6	0.0003914357
50.7	0.0004285571
50.8	0.00044644950000000003
50.9	0.0004436378
51.0	0.0004407559
51.1	0.000416003
51.2	0.00041645140000000006
51.3	0.00040091480000000005
51.4	0.00036360790000000004
51.5	0.00036724649999999995
51.6	0.00035762060000000005
51.7	0.0003655004
51.8	0.00040897270000000004
51.9	0.00032827050000000003
52.0	0.000288692
52.1	0.0002519719
52.2	0.00022351819999999998
52.3	0.0002583688
52.4	0.0003593202
52.5	0.0001567535
52.6	0.0003839805
52.7	0.0004022052
52.8	0.00040813850000000006
52.9	0.0003546691
53.0	0.00044155960000000005
53.1	0.00039556840000000003
53.2	0.0004716122
53.3	0.0003756057
53.4	0.00040657759999999997
53.5	0.0003756673
53.6	0.0003475307
53.7	0.0003714185
53.8	0.00042330389999999996
53.9	0.0003877428
54.0	0.00040305509999999996
54.1	0.00042107109999999995
54.2	0.0003662268
54.3	0.0003930655
54.4	0.00038187890000000003
54.5	0.0003626339
54.6	0.00042844900000000007
54.7	0.0004148593
54.8	0.0004049321
54.9	0.0004016257
55.0	0.00039727590000000003
55.1	0.00044135130000000003
55.2	0.0003740761
55.3	0.000454376
55.4	0.0004461022
55.5	0.00041254990000000005
55.6	0.00037453169999999996
55.7	0.00037785360000000003
55.8	0.00033863830000000004
55.9	0.0005028387
56.0	0.00041194709999999994
56.1	0.00041237230000000004
56.2	0.00042633240000000005
56.3	0.0004021277
56.4	0.00038320760000000003
56.5	0.0004434751
56.6	0.0004419224
56.7	0.00039924629999999996
56.8	0.0004209552
56.9	0.0003797157
57.0	0.0004146047
57.1	0.0004008146
57.2	0.0004184826
57.3	0.00040884129999999995
57.4	0.0004112675
57.5	0.00045103880000000007
57.6	0.0004168529
57.7	0.00045466980000000005
57.8	0.00045010419999999996
57.9	0.0004535962
58.0	0.00038576519999999995
58.1	0.000416312
58.2	0.0003868544
58.3	0.0004297702
58.4	0.00040222040000000004
58.5	0.00039855070000000003
58.6	0.00040482390000000005
58.7	0.0003592044
58.8	0.0002718117000000001
58.9	0.00029131140000000007
59.0	0.00016783230000000002
59.1	0.0001596427
59.2	0.00017730350000000003
59.3	0.0004115226
59.4	0.0003704062
59.5	0.00037748290000000004
59.6	0.00018965690000000005
59.7	0.00043697869999999994
59.8	0.00039307310000000006
59.9	0.00036546939999999997
60.0	0.00042834099999999994
60.1	0.00038116830000000003
60.2	0.0003564304
60.3	0.00038697779999999994
60.4	0.00039307359999999996
60.5	0.0003351307
60.6	0.00033934140000000003
60.7	0.00037031369999999996
60.8	0.0004294615
60.9	0.0003128504
61.0	0.0003226229
61.1	0.00032132520000000003
61.2	0.00040619129999999997
61.3	0.0003312758
61.4	0.00040203529999999996
61.5	0.0003287492
61.6	0.00036431839999999995
61.7	0.00039907599999999994
61.8	0.00041916310000000005
61.9	0.00039838109999999993
62.0	0.00042494159999999996
62.1	0.0004282021
62.2	0.00041445029999999996
62.3	0.0004247486
62.4	0.00041682970000000004
62.5	0.00041509899999999994
62.6	0.00044067090000000003
62.7	0.0003837559
62.8	0.0003904389
62.9	0.0004819565
63.0	0.0004049711
63.1	0.00036288929999999997
63.2	0.00046292910000000003
63.3	0.0004295772
63.4	0.0004203677
63.5	0.0004009917
63.6	0.0004577909
63.7	0.0004345757
63.8	0.0004957703999999999
63.9	0.00039577730000000004
64.0	0.00036690659999999995
64.1	0.00040287739999999997
64.2	0.00039920769999999997
64.3	0.000399887
64.4	0.0004601939
64.5	0.0004754364
64.6	0.0003993541
64.7	0.00034999520000000004
64.8	0.0004026917
64.9	0.0003695491
65.0	0.0004295305
65.1	0.00034990179999999996
65.2	0.0004288508
65.3	0.00032869539999999997
65.4	0.0003084692
65.5	0.00036923980000000005
65.6	0.00027392819999999996
65.7	0.00021864330000000002
65.8	0.00021101849999999994
65.9	0.00019702740000000004
66.0	0.00017681739999999993
66.1	0.00018503759999999997
66.2	0.00019540460000000003
66.3	0.00018337599999999996
66.4	0.00028510709999999997
66.5	0.0003728861
66.6	0.0003731026
66.7	0.0003329908000000001
66.8	0.00033657579999999993
66.9	0.00037290169999999994
67.0	0.00036867609999999994
67.1	0.0003806892
67.2	0.00036186139999999997
67.3	0.00040055919999999994
67.4	0.0003889168
67.5	0.0004479254
67.6	0.00045056770000000005
67.7	0.0004691243
67.8	0.0003704213
67.9	0.00044998840000000004
68.0	0.00037788469999999996
68.1	0.0003986667
68.2	0.0004402616
68.3	0.00043408909999999995
68.4	0.000487334
68.5	0.00044527539999999994
68.6	0.0004057591
68.7	0.00045727370000000003
68.8	0.00041583289999999997
68.9	0.00044002220000000005
69.0	0.000420654
69.1	0.00045579060000000007
69.2	0.00041444229999999994
69.3	0.0004261313
69.4	0.0004208317
69.5	0.0004537969
69.6	0.0004572269
69.7	0.00044973310000000005
69.8	0.00043878619999999994
69.9	0.00040908079999999993
70.0	0.00045204300000000006
70.1	0.0004169916
70.2	0.00047433169999999995
70.3	0.0004087023
70.4	0.0004950522
70.5	0.0003934904
70.6	0.000514304
70.7	0.0004656246
70.8	0.0004742389
70.9	0.0004674327
71.0	0.0004801414
71.1	0.0004384077
71.2	0.0004657642
71.3	0.00044263360000000004
71.4	0.0004235896
71.5	0.0004279701
71.6	0.0004603251
71.7	0.00039739189999999996
71.8	0.00043842290000000003
71.9	0.00041706900000000006
72.0	0.0004721766
72.1	0.0004595988
72.2	0.00047642519999999995
72.3	0.00047920689999999996
72.4	0.00043323919999999994
72.5	0.0004598002
72.6	0.000359266
72.7	0.00041990430000000007
72.8	0.00041134439999999993
72.9	0.0004997876
73.0	0.00040232839999999995
73.1	0.00040517939999999995
73.2	0.00044746179999999997
73.3	0.0004265257
73.4	0.0004466275
73.5	0.0003998484
73.6	0.0004741772
73.7	0.00042481020000000003
73.8	0.0004061531
73.9	0.00044472719999999997
74.0	0.0004543609
74.1	0.00040044369999999997
74.2	0.00047991779999999995
74.3	0.0004246712
74.4	0.0004239371
74.5	0.0005037977000000001
74.6	0.00044321290000000005
74.7	0.0004264406
74.8	0.0004832394
74.9	0.00044836569999999996
75.0	0.000452955
75.1	0.00046281240000000003
75.2	0.000452955
75.3	0.0004529084
75.4	0.00048249029999999996
75.5	0.0004776384
75.6	0.00046774930000000004
75.7	0.0004357036
75.8	0.00047845699999999995
75.9	0.0004407407
76.0	0.0004780787
76.1	0.0004113062
76.2	0.0005097001999999999
76.3	0.00046783450000000004
76.4	0.000428758
76.5	0.0004659571
76.6	0.0004976402
76.7	0.00047386810000000004
76.8	0.0004884692999999999
76.9	0.00044988
77.0	0.0004352786
77.1	0.0005108663999999999
77.2	0.0004394656
77.3	0.00047186710000000003
77.4	0.00047696610000000003
77.5	0.00044922340000000003
77.6	0.0004887632
77.7	0.0004942175000000001
77.8	0.0004540053
77.9	0.0004478866
78.0	0.0005084021999999999
78.1	0.00045404420000000003
78.2	0.00041510660000000003
78.3	0.0004226394
78.4	0.0004354484
78.5	0.0004496174
78.6	0.00040501719999999993
78.7	0.0003821572
78.8	0.0004444255
78.9	0.00047463299999999997
79.0	0.00044172980000000003
79.1	0.0004896129
79.2	0.0005437619
79.3	0.00042050709999999996
79.4	0.0004825134
79.5	0.000482513
79.6	0.00044811050000000005
79.7	0.00048745779999999995
79.8	0.0005272292
79.9	0.00046271980000000006
80.0	0.0004619475
80.1	0.00044991099999999994
80.2	0.0004284185
80.3	0.0005033571
80.4	0.0004900227
80.5	0.00045911209999999994
80.6	0.00044835050000000004
80.7	0.00045371230000000004
80.8	0.000426147
80.9	0.00045552720000000007
81.0	0.00044920800000000004
81.1	0.0004340198
81.2	0.00042148790000000005
81.3	0.0004788284
81.4	0.0004620015
81.5	0.0004179039
81.6	0.0004792604
81.7	0.0005184144
81.8	0.00046516909999999996
81.9	0.0004538278
82.0	0.0004623957
82.1	0.00040974519999999995
82.2	0.0004266569
82.3	0.00045851739999999995
82.4	0.00045253770000000006
82.5	0.0004558598
82.6	0.000426603
82.7	0.00041502980000000003
82.8	0.00044171419999999997
82.9	0.0004914596000000001
83.0	0.0004226087
83.1	0.00044057049999999995
83.2	0.0004620327
83.3	0.0004100001
83.4	0.000371256
83.5	0.00043277530000000004
83.6	0.00040881019999999997
83.7	0.0004061455
83.8	0.00046393289999999994
83.9	0.0004494857
84.0	0.00037646350000000007
84.1	0.000452476
84.2	0.0004339578
84.3	0.00041707679999999995
84.4	0.00046101279999999996
84.5	0.00043958150000000004
84.6	0.00045441500000000006
84.7	0.00043134589999999995
84.8	0.0003876888
84.9	0.000477893
85.0	0.00039537569999999997
85.1	0.0004521667
85.2	0.0004272133
85.3	0.0004078139
85.4	0.000449741
85.5	0.0004093976
85.6	0.0004790291
85.7	0.00044970259999999995
85.8	0.00045472419999999995
85.9	0.00045903479999999993
86.0	0.00047362109999999995
86.1	0.00046998980000000003
86.2	0.0005151773
86.3	0.0004461024
86.4	0.00041000020000000006
86.5	0.000447168
86.6	0.00042158889999999996
86.7	0.0005078226
86.8	0.0005068566
86.9	0.0004428496
87.0	0.00042032170000000005
87.1	0.0005019278
87.2	0.00043867
87.3	0.00044073299999999996
87.4	0.0004830156
87.5	0.0004090808
87.6	0.0003887162
87.7	0.00046617340000000004
87.8	0.00044868260000000004
87.9	0.00043177890000000005
88.0	0.0004572736
88.1	0.00044017650000000003
88.2	0.0004552728
88.3	0.0004359122
88.4	0.0004479641
88.5	0.0004666601
88.6	0.0004424716
88.7	0.0005267502
88.8	0.000433602
88.9	0.0004742778
89.0	0.00047544430000000004
89.1	0.00045330990000000003
89.2	0.0004571035999999999
89.3	0.0004897368
89.4	0.0004269581
89.5	0.0004982426999999999
89.6	0.00046917099999999994
89.7	0.00046175399999999993
89.8	0.0004917297
89.9	0.0004540059
90.0	0.00048082130000000003
90.1	0.0005032563
90.2	0.0004480183
90.3	0.00046808940000000007
90.4	0.00045513350000000004
90.5	0.0005078766
90.6	0.00050192
90.7	0.00043707110000000006
90.8	0.00045814660000000003
90.9	0.0004408181
91.0	0.0004548707
91.1	0.00044203100000000006
91.2	0.00042752229999999994
91.3	0.00046890839999999995
91.4	0.0004957937
91.5	0.00048440569999999995
91.6	0.0004741002
91.7	0.0004585094
91.8	0.0004370556
91.9	0.0004967514000000001
92.0	0.0005045624
92.1	0.000425135
92.2	0.0005004136999999999
92.3	0.0004390331
92.4	0.0004154932
92.5	0.0004495864
92.6	0.00047596210000000006
92.7	0.00045228250000000004
92.8	0.0004413588
92.9	0.0004987525
93.0	0.00046883079999999994
93.1	0.00047691940000000005
93.2	0.0005037204
93.3	0.0005285042
93.4	0.00048340160000000004
93.5	0.00043428980000000003
93.6	0.00046435
93.7	0.0004467354999999999
93.8	0.00038545580000000004
93.9	0.00045925089999999995
94.0	0.0005057600000000001
94.1	0.0005204152
94.2	0.00046039449999999994
94.3	0.0004991774999999999
94.4	0.00048668539999999997
94.5	0.00046944139999999994
94.6	0.0004511933
94.7	0.0004916294999999999
94.8	0.0004953378
94.9	0.00045615349999999995
95.0	0.00041750209999999997
95.1	0.0004914983
95.2	0.0004972999
95.3	0.0004915987
95.4	0.0004926182
95.5	0.0004707002
95.6	0.0005355881
95.7	0.00046411820000000003
95.8	0.00048402779999999994
95.9	0.0004913668000000001
96.0	0.00047103320000000006
96.1	0.00043887900000000004
96.2	0.0004722147
96.3	0.00046582549999999996
96.4	0.0004904089
96.5	0.0004684137
96.6	0.0004928885000000001
96.7	0.0004718285
96.8	0.00045635420000000003
96.9	0.00045616909999999996
97.0	0.0004994634
97.1	0.0004808138
97.2	0.0004884003
97.3	0.00047056919999999996
97.4	0.0004833244
97.5	0.0004688856
97.6	0.00047851139999999996
97.7	0.0004627976
97.8	0.0004283794
97.9	0.000475297
98.0	0.0005256224
98.1	0.0004546775
98.2	0.00048395789999999996
98.3	0.000479315
98.4	0.0004708779
98.5	0.00039634119999999994
98.6	0.00040925859999999995
98.7	0.00041142949999999995
98.8	0.0004964657
98.9	0.0004916371999999999
99.0	0.0004908649
99.1	0.0004562536
99.2	0.0004650842
99.3	0.00047125700000000005
99.4	0.0004633688
99.5	0.00047939209999999996
99.6	0.0005003439
99.7	0.000487133
99.8	0.0005239843999999999
99.9	0.0004689931
100.0	0.0004875656
100.1	0.0005324518
100.2	0.00046876139999999997
100.3	0.0005146292
100.4	0.00045486340000000004
100.5	0.00047802439999999994
100.6	0.0005338347
100.7	0.0004548866
100.8	0.0004698432
100.9	0.0004404163
101.0	0.00046455080000000004
101.1	0.0004566244
101.2	0.00047511240000000006
101.3	0.0004784805
101.4	0.0005061384000000001
101.5	0.0004607809
101.6	0.0004640027
101.7	0.0004380749
101.8	0.0004940707
101.9	0.00046708489999999997
102.0	0.0004892887999999999
102.1	0.00047490350000000005
102.2	0.0004288584
102.3	0.00046931009999999994
102.4	0.0004613836
102.5	0.00043587349999999993
102.6	0.00043873969999999997
102.7	0.0005032798
102.8	0.0004512784
102.9	0.0004639022
103.0	0.00043613630000000005
103.1	0.00042977030000000005
103.2	0.0004912665
103.3	0.00047977069999999994
103.4	0.00048200340000000003
103.5	0.000420685
103.6	0.00044430239999999996
103.7	0.0004405863
103.8	0.0004487833
103.9	0.00046661399999999996
104.0	0.0004783026
104.1	0.0004510234
104.2	0.0004280008
104.3	0.00038297569999999994
104.4	0.0005010392
104.5	0.00044099570000000004
104.6	0.0004333857
104.7	0.00044342929999999995
104.8	0.0004283177
104.9	0.00038350910000000006
105.0	0.0004348225
105.1	0.0004534261
105.2	0.00044335960000000004
105.3	0.00042737520000000003
105.4	0.00041791899999999994
105.5	0.00042039899999999996
105.6	0.0004634156
105.7	0.000466691
105.8	0.0004287585
105.9	0.0004310991
106.0	0.0004472144
106.1	0.0004276222
106.2	0.0004689162
106.3	0.00047054590000000004
106.4	0.000424432
106.5	0.0004963264
106.6	0.0004575592
106.7	0.00042854140000000003
106.8	0.00044595529999999993
106.9	0.0004823358
107.0	0.00038864629999999997
107.1	0.0004193483
107.2	0.00044205370000000005
107.3	0.0004328607
107.4	0.0004512938
107.5	0.0004438544
107.6	0.0004690707
107.7	0.0004541446
107.8	0.0004605571
107.9	0.0004596142
108.0	0.00043754209999999995
108.1	0.00043797469999999996
108.2	0.000424316
108.3	0.0004958867
108.4	0.0004753208
108.5	0.00047358989999999994
108.6	0.000427615
108.7	0.00045326420000000006
108.8	0.0004474851
108.9	0.00043309199999999994
109.0	0.0004855571
109.1	0.0005174482
109.2	0.0004809913999999999
109.3	0.0003843046
109.4	0.0004674327
109.5	0.00045969960000000003
109.6	0.0003415511000000001
109.7	0.0004544847
109.8	0.00046419579999999993
109.9	0.0004961949
110.0	0.00047781589999999996
110.1	0.00044322830000000004
110.2	0.0004774914
110.3	0.0005197425999999999
110.4	0.0004360592
110.5	0.00044577779999999996
110.6	0.00043542529999999997
110.7	0.00045486260000000004
110.8	0.00047538990000000003
110.9	0.0004491381
111.0	0.0004206462
111.1	0.00039700539999999994
111.2	0.0003821647
111.3	0.0003907868
111.4	0.00044043190000000006
111.5	0.0004037271
111.6	0.000397415
111.7	0.0003900757
111.8	0.0004031164
111.9	0.0004508306
112.0	0.00048443680000000004
112.1	0.00047388350000000004
112.2	0.0004912429999999999
112.3	0.0004604794
112.4	0.00048273710000000004
112.5	0.000507552
112.6	0.00045390480000000004
112.7	0.0004857963
112.8	0.0004954613999999999
112.9	0.00048394999999999997
113.0	0.000477453
113.1	0.00047672670000000004
113.2	0.00045179590000000004
113.3	0.00045702669999999994
113.4	0.00043731019999999996
113.5	0.000501928
113.6	0.00046299050000000005
113.7	0.00047203699999999997
113.8	0.0005048557
113.9	0.0004892886
114.0	0.0004545543000000001
114.1	0.0005060766
114.2	0.0004918532
114.3	0.00048204990000000005
114.4	0.00044841200000000003
114.5	0.0004458551
114.6	0.00047262450000000006
114.7	0.0004490765
114.8	0.00048577319999999996
114.9	0.0004550177
115.0	0.00043576549999999997
115.1	0.00048138520000000004
115.2	0.0004499578
115.3	0.0005016034
115.4	0.00044230129999999997
115.5	0.00045168000000000004
115.6	0.0004481647
115.7	0.00047950019999999996
115.8	0.0004478637
115.9	0.0004450204
116.0	0.00047500400000000006
116.1	0.0004649525
116.2	0.00048294570000000005
116.3	0.00043238130000000007
116.4	0.0004911271000000001
116.5	0.0004539513
116.6	0.0004821806
116.7	0.0004787432
116.8	0.00042254680000000005
116.9	0.00048117639999999996
117.0	0.0004883691
117.1	0.00046920180000000004
117.2	0.00047300280000000004
117.3	0.0004096372
117.4	0.00047787759999999997
117.5	0.00044119670000000006
117.6	0.00043883980000000006
117.7	0.0004569569
117.8	0.0004708629
117.9	0.0004361285
118.0	0.00043397309999999997
118.1	0.00040373469999999996
118.2	0.0004767264
118.3	0.00042391410000000004
118.4	0.00040350309999999997
118.5	0.00045808430000000003
118.6	0.00046297549999999997
118.7	0.000476974
118.8	0.0004982888
118.9	0.00045614529999999997
119.0	0.0004649145
119.1	0.0004704224
119.2	0.0004707241
119.3	0.0004742545
119.4	0.0004330535
119.5	0.00048555710000000005
119.6	0.0004408103
119.7	0.0004887479
119.8	0.0004735131
119.9	0.0004481109
120.0	0.0004916061
120.1	0.00042054610000000003
120.2	0.0004770666
120.3	0.0004528855
120.4	0.00042706620000000005
120.5	0.00046965780000000006
120.6	0.0004475393
120.7	0.0004644662
120.8	0.00046907849999999995
120.9	0.0004964042
121.0	0.00045561250000000005
121.1	0.0005004984
121.2	0.0004448044
121.3	0.0004998573
121.4	0.00043751090000000004
121.5	0.0004484816
121.6	0.0004119087
121.7	0.00045194269999999996
121.8	0.00047312650000000004
121.9	0.00045799979999999995
122.0	0.00046267350000000004
122.1	0.0004999578
122.2	0.00044028469999999996
122.3	0.0005033341000000001
122.4	0.00044087170000000004
122.5	0.00043070529999999997
122.6	0.00047174379999999995
122.7	0.00046845259999999994
122.8	0.00047779290000000003
122.9	0.00036387060000000007
123.0	0.0004395741
123.1	0.0004780088
123.2	0.00044655030000000003
123.3	0.0003992696
123.4	0.00043871649999999997
123.5	0.0004917610000000001
123.6	0.0004751817
123.7	0.00048503139999999995
123.8	0.00047138830000000004
123.9	0.0004714191
124.0	0.00048448309999999994
124.1	0.0005231348
124.2	0.00044821149999999996
124.3	0.0004422701
124.4	0.0004259924
124.5	0.00044682829999999997
124.6	0.00043463749999999993
124.7	0.00035990730000000007
124.8	0.00036801159999999994
124.9	0.0003506981
125.0	0.00039600890000000003
125.1	0.0004516492
125.2	0.00042682639999999997
125.3	0.00044084090000000005
125.4	0.0004762323
125.5	0.00044426389999999995
125.6	0.0004709866
125.7	0.0005053652999999999
125.8	0.0004754518
125.9	0.00042358950000000005
126.0	0.000450969
126.1	0.0004364145
126.2	0.00042867339999999994
126.3	0.00044609410000000005
126.4	0.00047221480000000004
126.5	0.0004623953
126.6	0.0004981498000000001
126.7	0.0004713111
126.8	0.00046143769999999995
126.9	0.00047016779999999996
127.0	0.00043955830000000004
127.1	0.000489304
127.2	0.00047276320000000003
127.3	0.00042989419999999996
127.4	0.000471813
127.5	0.0004537275
127.6	0.0004183054
127.7	0.0004557746
127.8	0.0004098226
127.9	0.00044945550000000003
128.0	0.00047640240000000004
128.1	0.0004285649
128.2	0.0004224694
128.3	0.0004500272
128.4	0.00045302449999999996
128.5	0.0004744166
128.6	0.0004840968
128.7	0.00042764569999999996
128.8	0.0004841046999999999
128.9	0.0004635468
129.0	0.000533819
129.1	0.00046285890000000006
129.2	0.00044958620000000004
129.3	0.00042810170000000004
129.4	0.0004228096999999999
129.5	0.0004524991
129.6	0.00048181759999999993
129.7	0.0004456235
129.8	0.0004412044
129.9	0.0005137869000000001
130.0	0.0004664674
130.1	0.00042773820000000006
130.2	0.0004307669999999999
130.3	0.00041403329999999995
130.4	0.00045280769999999997
130.5	0.0003662652
130.6	0.00040889560000000004
130.7	0.0003583463
130.8	0.0004296543
130.9	0.0004337101
131.0	0.00031007660000000005
131.1	0.00036198520000000007
131.2	0.0002732098
131.3	0.0002385833
131.4	0.00022052059999999997
131.5	0.0002223209
131.6	0.00014119390000000005
131.7	0.0001744915000000001
131.8	0.0001528829
131.9	0.00016058529999999998
132.0	0.00020486889999999996
132.1	0.00017860170000000004
132.2	0.00015958889999999999
132.3	0.00014491760000000004
132.4	0.00015717879999999995
132.5	0.00017282240000000002
132.6	0.0002922071
132.7	0.00029868130000000007
132.8	0.0003712333
132.9	0.00040251390000000005
133.0	0.00036301320000000004
133.1	0.0004026376
133.2	0.0003894346
133.3	0.0004086326
133.4	0.00041073399999999995
133.5	0.0004727709
133.6	0.0004601864
133.7	0.0004350082
133.8	0.0004341583
133.9	0.00047078580000000004
134.0	0.00048320110000000003
134.1	0.00045205840000000006
134.2	0.0004383843
134.3	0.00042011300000000006
134.4	0.0004044379
134.5	0.00041096609999999995
134.6	0.0004678888
134.7	0.00042769209999999995
134.8	0.0004772365
134.9	0.00044228609999999994
135.0	0.00046282779999999997
135.1	0.0004499884
135.2	0.00045742810000000005
135.3	0.00047111760000000005
135.4	0.00043296860000000003
135.5	0.0004432666
135.6	0.0004294845
135.7	0.00042767679999999994
135.8	0.00043761190000000006
135.9	0.00044929310000000006
136.0	0.0004457008
136.1	0.0004606035
136.2	0.00042374450000000005
136.3	0.0004735516
136.4	0.00040218189999999997
136.5	0.00047463279999999995
136.6	0.0004868238
136.7	0.000430079
136.8	0.00037238369999999997
136.9	0.00044390050000000006
137.0	0.00040894929999999997
137.1	0.00045806919999999993
137.2	0.0004420308
137.3	0.0004459322
137.4	0.0004340735
137.5	0.00046525439999999993
137.6	0.0004476552
137.7	0.0003783329
137.8	0.00040619900000000005
137.9	0.0003581224
138.0	0.00033533970000000006
138.1	0.00036981119999999996
138.2	0.00042688869999999996
138.3	0.0002722906
138.4	0.0003157861
138.5	0.0004425947
138.6	0.0003939849
138.7	0.00030945890000000007
138.8	0.0003713874
138.9	0.00040177219999999996
139.0	0.00045618410000000003
139.1	0.00043377979999999997
139.2	0.00048022629999999993
139.3	0.0004410804
139.4	0.0004335715
139.5	0.000429639
139.6	0.00044364500000000005
139.7	0.0004242077
139.8	0.0004646055
139.9	0.0005253135000000001
140.0	0.0004272206
140.1	0.00046756400000000007
140.2	0.00045755949999999997
140.3	0.00042668
140.4	0.0004669
140.5	0.00046307569999999993
140.6	0.0004758689
140.7	0.00042433159999999995
140.8	0.00047910619999999994
140.9	0.0004079526
141.0	0.0004570185
141.1	0.0004794612
141.2	0.00045844
141.3	0.00043176309999999997
141.4	0.00036574770000000006
141.5	0.00042954599999999994
141.6	0.00047183610000000003
141.7	0.0004535574
141.8	0.0004677653
141.9	0.00041375519999999993
142.0	0.0004105488
142.1	0.00045567420000000006
142.2	0.0005152233
142.3	0.00047004420000000004
142.4	0.00042964649999999995
142.5	0.00043422759999999996
142.6	0.0004100002
142.7	0.00043609730000000003
142.8	0.000448922
142.9	0.0004663665
143.0	0.0004678346
143.1	0.00041312909999999996
143.2	0.0004250653
143.3	0.0004170611
143.4	0.000453959
143.5	0.00046444270000000005
143.6	0.00045694150000000005
143.7	0.0004560606
143.8	0.0004181664
143.9	0.00047766169999999996
144.0	0.00044337529999999997
144.1	0.0004626737
144.2	0.0004905173
144.3	0.0004498031
144.4	0.00046019370000000004
144.5	0.0004310294
144.6	0.0004914361
144.7	0.00043469930000000003
144.8	0.0004288975
144.9	0.0004867702
145.0	0.00041923239999999993
145.1	0.0003945568
145.2	0.000463014
145.3	0.0004310219
145.4	0.0004104947
145.5	0.0004773294
145.6	0.00047294910000000005
145.7	0.00046312199999999995
145.8	0.0004481806
145.9	0.00048677769999999995
146.0	0.0004390643
146.1	0.0004367234
146.2	0.00044799499999999997
146.3	0.0004841044
146.4	0.0005504373000000001
146.5	0.0004396203
146.6	0.00048511740000000005
146.7	0.0004818798999999999
146.8	0.0005053502
146.9	0.0005260856999999999
147.0	0.0004491154
147.1	0.0004160344
147.2	0.00044627239999999997
147.3	0.00046570959999999996
147.4	0.0004696266
147.5	0.0004373338
147.6	0.0003952983
147.7	0.00037431540000000004
147.8	0.0004487908
147.9	0.00047354360000000003
148.0	0.00039692039999999996
148.1	0.0004161422
148.2	0.0005076291
148.3	0.00042133359999999996
148.4	0.0004485513
148.5	0.00047970879999999997
148.6	0.0004369782
148.7	0.00044886830000000005
148.8	0.0004735979
148.9	0.0004560063
149.0	0.00041804259999999997
149.1	0.0004723077
149.2	0.000481269
149.3	0.00045640780000000004
149.4	0.00044688260000000005
149.5	0.0005208714
149.6	0.00047855
149.7	0.0004703225
149.8	0.0004040744
149.9	0.0004436066
150.0	0.0004295
150.1	0.0004972844999999999
150.2	0.00045898060000000004
150.3	0.00039367610000000006
150.4	0.0004282094
150.5	0.0004996099000000001
150.6	0.0004863682
150.7	0.0004980802
150.8	0.00044400839999999994
150.9	0.00045735039999999995
151.0	0.0004967053
151.1	0.00039002180000000005
151.2	0.00042232310000000004
151.3	0.00045480859999999995
151.4	0.00040569729999999994
151.5	0.0004958785999999999
151.6	0.00044631069999999997
151.7	0.0004374187
151.8	0.00043733350000000004
151.9	0.00048493109999999995
152.0	0.0004633687999999999
152.1	0.0004723925
152.2	0.00045915869999999995
152.3	0.00044844300000000003
152.4	0.00046745589999999996
152.5	0.00042955390000000003
152.6	0.0004830768
152.7	0.0004773139
152.8	0.0004375577
152.9	0.0005235442
153.0	0.0004630138
153.1	0.0004652538
153.2	0.0004368623
153.3	0.0005135857
153.4	0.0004210944
153.5	0.00044056289999999996
153.6	0.00048018
153.7	0.000423945
153.8	0.0005017733000000001
153.9	0.00046514620000000006
154.0	0.00046401030000000005
154.1	0.00043337
154.2	0.00046917849999999995
154.3	0.0004090654
154.4	0.00048568059999999993
154.5	0.0005460489
154.6	0.00048444450000000006
154.7	0.0005157180000000001
154.8	0.0004440546
154.9	0.0004171002
155.0	0.0004512939
155.1	0.0004919927
155.2	0.00045581349999999996
155.3	0.00047319599999999995
155.4	0.00043809080000000003
155.5	0.0004278617
155.6	0.0004869628000000001
155.7	0.0004557515
155.8	0.0004943802999999999
155.9	0.0004655091
156.0	0.0004318562
156.1	0.0004472763
156.2	0.0004302414
156.3	0.00040794530000000005
156.4	0.00046748709999999997
156.5	0.00042247700000000004
156.6	0.00046257350000000004
156.7	0.00045664820000000005
156.8	0.0004616463
156.9	0.0005150306000000001
157.0	0.00043826039999999997
157.1	0.0004772675
157.2	0.0004856727
157.3	0.0004824358
157.4	0.0004541064
157.5	0.0004490379
157.6	0.0005093826
157.7	0.0004387089
157.8	0.0004885702000000001
157.9	0.00046654459999999993
158.0	0.0004326132
158.1	0.00040453779999999995
158.2	0.00045221329999999997
158.3	0.00040989199999999997
158.4	0.00041329170000000006
158.5	0.0004265259
158.6	0.0004935916
158.7	0.00045227500000000003
158.8	0.00041607269999999994
158.9	0.0004644434
159.0	0.0004496867
159.1	0.00047158160000000004
159.2	0.00045386650000000004
159.3	0.00044760100000000005
159.4	0.00040964470000000005
159.5	0.0004494938
159.6	0.000430249
159.7	0.000450753
159.8	0.000445855
159.9	0.000421697
160.0	0.00045847110000000004
160.1	0.00042464
160.2	0.00047567600000000007
160.3	0.00045987710000000006
160.4	0.00044391589999999995
160.5	0.00042009760000000007
160.6	0.00046502979999999994
160.7	0.000488694
160.8	0.00043056619999999997
160.9	0.0004073423
161.0	0.00045878750000000006
161.1	0.0004533954000000001
161.2	0.0004433751
161.3	0.0004967049
161.4	0.00042854169999999997
161.5	0.00043414300000000006
161.6	0.0004444028
161.7	0.0003957848
161.8	0.000418962
161.9	0.0004363913
162.0	0.00043634450000000003
162.1	0.0004654629
162.2	0.00045139430000000003
162.3	0.00045055210000000004
162.4	0.0004027533
162.5	0.0005070966
162.6	0.00046143009999999996
162.7	0.0005266577000000001
162.8	0.00039959409999999995
162.9	0.0004693718
163.0	0.0004153464
163.1	0.00046635890000000003
163.2	0.0004830776
163.3	0.00040731170000000007
163.4	0.00045365779999999994
163.5	0.0004114917
163.6	0.0004238834
163.7	0.000413384
163.8	0.0004888407
163.9	0.0004907254
164.0	0.0004334478
164.1	0.0004777154
164.2	0.0004648988
164.3	0.00032258420000000007
164.4	0.00033727880000000005
164.5	0.000374416
164.6	0.00045456950000000005
164.7	0.00048245929999999996
164.8	0.00044974139999999995
164.9	0.00046489879999999994
165.0	0.0004640952
165.1	0.00046343029999999997
165.2	0.0004644196
165.3	0.00048786710000000004
165.4	0.00046403330000000003
165.5	0.0004722074
165.6	0.00048262139999999995
165.7	0.0004274144
165.8	0.00041249539999999995
165.9	0.00046910920000000007
166.0	0.0004812616
166.1	0.0004757375
166.2	0.00045001119999999996
166.3	0.00044186860000000003
166.4	0.0004447425
166.5	0.00044184549999999996
166.6	0.0004626816
166.7	0.0004460714
166.8	0.0004666677
166.9	0.00043881699999999993
167.0	0.0004765411
167.1	0.0004082078
167.2	0.0004623803
167.3	0.0004422547
167.4	0.0005009236
167.5	0.00044760869999999997
167.6	0.0004688775
167.7	0.00043719480000000007
167.8	0.0004406171
167.9	0.00043162450000000003
168.0	0.00046914029999999994
168.1	0.0004410882
168.2	0.00047227710000000004
168.3	0.00047041450000000006
168.4	0.000486608
168.5	0.0004647903
168.6	0.0004498805
168.7	0.0004683598
168.8	0.0004743397
168.9	0.0004618548
169.0	0.0004441242
169.1	0.00045435310000000004
169.2	0.0004962723
169.3	0.00044901500000000004
169.4	0.00043034199999999995
169.5	0.00045792999999999995
169.6	0.0004534109
169.7	0.00043350150000000004
169.8	0.0003863212
169.9	0.00046255029999999993
170.0	0.00046236429999999993
170.1	0.0004443563
170.2	0.0004380446
170.3	0.00043502360000000003
170.4	0.0004223926
170.5	0.00047087840000000007
170.6	0.00041075709999999996
170.7	0.0005356733000000001
170.8	0.00041188540000000005
170.9	0.00040863290000000006
171.0	0.00034832659999999997
171.1	0.0004252588
171.2	0.0004830622
171.3	0.0004625964
171.4	0.0004483348
171.5	0.000470307
171.6	0.0004663513
171.7	0.00046709249999999996
171.8	0.0004911967
171.9	0.00044746989999999996
172.0	0.0004354561
172.1	0.00047559079999999997
172.2	0.0004787815
172.3	0.00041791899999999994
172.4	0.0004784419
172.5	0.00047429290000000005
172.6	0.00048334770000000004
172.7	0.00047329650000000007
172.8	0.00042138029999999995
172.9	0.00041706880000000004
173.0	0.0004455381
173.1	0.00042449329999999996
173.2	0.00041964169999999997
173.3	0.0004858742
173.4	0.00045294719999999994
173.5	0.0004672707
173.6	0.00045628439999999997
173.7	0.0005100476
173.8	0.0004828607
173.9	0.00044036979999999997
174.0	0.00038036470000000003
174.1	0.0004735979
174.2	0.0004670312
174.3	0.0004605489
174.4	0.0004954535
174.5	0.0004742544
174.6	0.0004972226000000001
174.7	0.00044787939999999996
174.8	0.00045653180000000004
174.9	0.0004653239999999999
175.0	0.00048374949999999996
175.1	0.0004544616
175.2	0.00044653480000000006
175.3	0.0004806438
175.4	0.00040694829999999996
175.5	0.00046098939999999995
175.6	0.00042885119999999996
175.7	0.0004574742
175.8	0.0004299013
175.9	0.00044595530000000004
176.0	0.0004434063
176.1	0.0004964813
176.2	0.0004360279
176.3	0.00045874899999999994
176.4	0.0004451519
176.5	0.0004133684
176.6	0.0004101702
176.7	0.00046302180000000004
176.8	0.0004399601
176.9	0.000452136
177.0	0.0004297472
177.1	0.0004877512
177.2	0.0004952991
177.3	0.0004030007
177.4	0.0004243852
177.5	0.0004190007
177.6	0.0004153466000000001
177.7	0.0004312845
177.8	0.0004693179
177.9	0.0004418536
178.0	0.00039647270000000006
178.1	0.00046800469999999997
178.2	0.00047188279999999997
178.3	0.0005092749
178.4	0.0004215658
178.5	0.0004647134
178.6	0.0004250344
178.7	0.0004680432
178.8	0.00046295159999999995
178.9	0.0004817641
179.0	0.0004496097
179.1	0.0004675336
179.2	0.00044328229999999997
179.3	0.00048350199999999997
179.4	0.0005128827999999999
179.5	0.00047660329999999997
179.6	0.0004970682
179.7	0.0005032489
179.8	0.0005013948999999999
179.9	0.00042904410000000004
180.0	0.00044590900000000003
180.1	0.0004390874
180.2	0.000486963
180.3	0.00041466650000000007
180.4	0.00042134150000000005
180.5	0.00044458799999999994
180.6	0.00041264240000000004
180.7	0.0005040755
180.8	0.00048476899999999997
180.9	0.00046992040000000006
181.0	0.0004654706
181.1	0.0003970905
181.2	0.0004574361
181.3	0.00042994020000000003
181.4	0.000494511
181.5	0.00048636080000000003
181.6	0.0004802262
181.7	0.0004411427
181.8	0.0004072342
181.9	0.00044230900000000005
182.0	0.0004054501
182.1	0.00047825630000000003
182.2	0.0004839731
182.3	0.00045231369999999994
182.4	0.00045973830000000006
182.5	0.0004398753
182.6	0.0004455843
182.7	0.0004407638
182.8	0.00044179909999999997
182.9	0.0004589811
183.0	0.00044452619999999995
183.1	0.00043115309999999996
183.2	0.0004767649
183.3	0.000462357
183.4	0.00046198589999999997
183.5	0.00044441019999999997
183.6	0.0003972912
183.7	0.00041992799999999997
183.8	0.0004640956
183.9	0.00045348
184.0	0.00046306780000000006
184.1	0.0004907799000000001
184.2	0.0004026298
184.3	0.00042196689999999995
184.4	0.0004542838
184.5	0.0004052182
184.6	0.0004908183
184.7	0.0004738145
184.8	0.0004979488
184.9	0.00047203720000000003
185.0	0.0004494323
185.1	0.00044114249999999995
185.2	0.00044976439999999993
185.3	0.0004730492
185.4	0.00038786619999999996
185.5	0.0004307825
185.6	0.0004301487
185.7	0.00044784809999999997
185.8	0.0004439852
185.9	0.0005183063
186.0	0.0004607345
186.1	0.0004270665
186.2	0.0005058291
186.3	0.0004177181
186.4	0.00044879849999999993
186.5	0.00043327719999999994
186.6	0.00046242610000000003
186.7	0.00042644829999999995
186.8	0.00041533099999999996
186.9	0.0004203602
187.0	0.0005106495999999999
187.1	0.00041025520000000006
187.2	0.0004269115
187.3	0.00044152060000000003
187.4	0.00044151279999999997
187.5	0.00042414590000000005
187.6	0.0004618547
187.7	0.00044287279999999997
187.8	0.0004474463
187.9	0.000527901
188.0	0.0004214809
188.1	0.00043351699999999996
188.2	0.00038074309999999994
188.3	0.0004003816
188.4	0.00043174790000000005
188.5	0.00040836249999999996
188.6	0.0004106881
188.7	0.0004110276
188.8	0.000490965
188.9	0.0004507996
189.0	0.000478318
189.1	0.00037966980000000007
189.2	0.0004610513
189.3	0.0004544072
189.4	0.000448922
189.5	0.000465949
189.6	0.0004078289
189.7	0.00040757470000000003
189.8	0.0004293297
189.9	0.0004111822
190.0	0.00040738890000000005
190.1	0.00033567979999999997
190.2	0.0003245312
190.3	0.00025972849999999993
190.4	0.0002788492
190.5	0.00030923440000000006
190.6	0.00036820449999999997
190.7	0.00033786600000000003
190.8	0.0003626652
190.9	0.0004044534
191.0	0.00045744350000000004
191.1	0.00045096949999999997
191.2	0.00043007919999999995
191.3	0.00046598839999999994
191.4	0.00044048579999999996
191.5	0.00038212580000000003
191.6	0.0004767188
191.7	0.00043333149999999997
191.8	0.000456393
191.9	0.00043194079999999996
192.0	0.00039976369999999994
192.1	0.0004963963
192.2	0.00039372229999999994
192.3	0.0004600086
192.4	0.0004381683
192.5	0.00048340940000000005
192.6	0.00045015810000000007
192.7	0.00040438400000000004
192.8	0.00039558430000000003
192.9	0.0004109041
193.0	0.00042631639999999996
193.1	0.00045107000000000003
193.2	0.00041560880000000004
193.3	0.00044282679999999995
193.4	0.0004282872
193.5	0.0004191779
193.6	0.00048511670000000003
193.7	0.00043637589999999995
193.8	0.0004341586
193.9	0.0004585481
194.0	0.0004088336
194.1	0.0004099073
194.2	0.00035384239999999996
194.3	0.0004247717
194.4	0.00040802990000000006
194.5	0.000418599
194.6	0.00042682719999999997
194.7	0.0003984736
194.8	0.0004281788
194.9	0.0004533181
195.0	0.00046017059999999997
195.1	0.0004603405
195.2	0.0004117541
195.3	0.000432196
195.4	0.0004614609
195.5	0.00045485529999999993
195.6	0.0004197033
195.7	0.00044225479999999995
195.8	0.0004450824
195.9	0.00035555019999999996
196.0	0.0003891024
196.1	0.00044717620000000004
196.2	0.0004423783
196.3	0.00038384860000000004
196.4	0.0004129206
196.5	0.00039866690000000003
196.6	0.0003578522
196.7	0.0003501808
196.8	0.0003629899
196.9	0.00033759579999999994
197.0	0.0002485880999999999
197.1	0.00024587639999999994
197.2	0.00020164689999999997
197.3	0.00022608330000000007
197.4	0.00020820639999999998
197.5	0.00020303789999999997
197.6	0.00018132079999999995
197.7	0.000181182
197.8	0.0001767238
197.9	0.00015444329999999998
198.0	0.0001678166000000001
198.1	0.00030744219999999996
198.2	0.000290793
198.3	0.0003498176
198.4	0.00028333009999999997
198.5	0.0003478859
198.6	0.00038584219999999997
198.7	0.000404036
198.8	0.0004522982
198.9	0.0004032635
199.0	0.00040317059999999994
199.1	0.0004528624
199.2	0.00040908869999999996
199.3	0.00043686219999999995
199.4	0.0004746796
199.5	0.00041956459999999997
199.6	0.000405697
199.7	0.0004401608
199.8	0.00046248830000000004
199.9	0.0003978165
200.0	0.00044943960000000003
200.1	0.00046692289999999997
200.2	0.00043049589999999996
200.3	0.00044328249999999993
200.4	0.0003926173
200.5	0.0004130517
200.6	0.00046999749999999995
200.7	0.00041598730000000003
200.8	0.00038764990000000004
200.9	0.0003893573
201.0	0.00042724360000000004
201.1	0.00035941279999999993
201.2	0.00038836870000000007
201.3	0.000465455
201.4	0.0004298318
201.5	0.0004735128
201.6	0.0004268498
201.7	0.0004165519
201.8	0.0004240685
201.9	0.0004225626
202.0	0.0004850012
202.1	0.0004504287
202.2	0.00037817870000000003
202.3	0.0004560299
202.4	0.00039792530000000003
202.5	0.00041156060000000004
202.6	0.0004976244
202.7	0.0003876967
202.8	0.00040116180000000003
202.9	0.00040579760000000005
203.0	0.00038252
203.1	0.00041540809999999996
203.2	0.00046786550000000004
203.3	0.0003964725
203.4	0.0003506595
203.5	0.0003869776
203.6	0.00039136579999999997
203.7	0.00041252629999999997
203.8	0.000373172
203.9	0.00029614719999999993
204.0	0.0003753896
204.1	0.0003569793999999999
204.2	0.00038961210000000004
204.3	0.00038872390000000003
204.4	0.0004167678
204.5	0.00039655020000000003
204.6	0.00037803140000000005
204.7	0.00043120729999999996
204.8	0.00037543570000000005
204.9	0.000440223
205.0	0.0003879278
205.1	0.0004355798
205.2	0.00045059070000000003
205.3	0.00040925099999999996
205.4	0.0004415053
205.5	0.0004722687
205.6	0.0004217817
205.7	0.0004320262
205.8	0.00042157290000000003
205.9	0.0004464268
206.0	0.00044436359999999996
206.1	0.00040964490000000006
206.2	0.0004305197
206.3	0.0004963191
206.4	0.00043319310000000005
206.5	0.0004495555
206.6	0.0004461253
206.7	0.0004126422
206.8	0.0004209707
206.9	0.00042484860000000006
207.0	0.0004484279
207.1	0.0004077444
207.2	0.000425227
207.3	0.00043327780000000003
207.4	0.0004351009
207.5	0.00043356350000000004
207.6	0.000499865
207.7	0.0004361823
207.8	0.00042470180000000004
207.9	0.00039056999999999997
208.0	0.0004070721
208.1	0.000428171
208.2	0.00045945210000000004
208.3	0.0004264944
208.4	0.00041120520000000006
208.5	0.0004351705
208.6	0.0004224772
208.7	0.00042780799999999995
208.8	0.00041508370000000003
208.9	0.0004176178
209.0	0.00048806010000000005
209.1	0.000419194
209.2	0.0004644118
209.3	0.0004987371
209.4	0.0004697116
209.5	0.00048822249999999997
209.6	0.0004120709
209.7	0.0004324587
209.8	0.0003935986
209.9	0.0004495631
210.0	0.00042447070000000006
210.1	0.0004623031
210.2	0.00047363669999999996
210.3	0.000503133
210.4	0.0004106419
210.5	0.00043001689999999995
210.6	0.0003988523
210.7	0.0003623638
210.8	0.0004073811
210.9	0.00042508110000000004
211.0	0.0003883687
211.1	0.00040904229999999997
211.2	0.0004157017
211.3	0.00040159470000000004
211.4	0.00045932890000000004
211.5	0.000398458
211.6	0.0004434138
211.7	0.0004529086
211.8	0.00044646540000000003
211.9	0.00042966220000000005
212.0	0.0004022666
212.1	0.00041235679999999995
212.2	0.0004449435
212.3	0.0004307203
212.4	0.0004370167
212.5	0.0004421855
212.6	0.00040141730000000004
212.7	0.0004759159
212.8	0.0004620017
212.9	0.00039207669999999996
213.0	0.00042278609999999995
213.1	0.00040937449999999995
213.2	0.000426703
213.3	0.00043150059999999996
213.4	0.0005495561999999999
213.5	0.00045165689999999997
213.6	0.00043658379999999994
213.7	0.0003843278
213.8	0.0004397286
213.9	0.00042717419999999996
214.0	0.0004196341
214.1	0.00048568849999999997
214.2	0.00040410530000000003
214.3	0.00039691279999999997
214.4	0.00038976710000000004
214.5	0.000413523
214.6	0.00040572009999999996
214.7	0.0004024678
214.8	0.0004142264
214.9	0.0003911109
215.0	0.0003625415
215.1	0.0004445958
215.2	0.0004295228
215.3	0.00048668500000000005
215.4	0.0004077367
215.5	0.00041403329999999995
215.6	0.0003734116
215.7	0.0004011238
215.8	0.0004711565
215.9	0.0004465114
216.0	0.0004549402
216.1	0.0004057278
216.2	0.0004270973
216.3	0.0004947040999999999
216.4	0.0004454147
216.5	0.00044947849999999996
216.6	0.0004604565
216.7	0.0004937308
216.8	0.00045746640000000004
216.9	0.00045154130000000007
217.0	0.00045120100000000003
217.1	0.00038452109999999995
217.2	0.00043285279999999996
217.3	0.00043766599999999997
217.4	0.00044481980000000005
217.5	0.0004813001
217.6	0.0004149451
217.7	0.0004528004
217.8	0.0004478405
217.9	0.0005000585
218.0	0.0003763395
218.1	0.0004193021
218.2	0.0004245861
218.3	0.000454832
218.4	0.00039410840000000003
218.5	0.0004545854999999999
218.6	0.00045580589999999997
218.7	0.0004181201
218.8	0.00039824960000000003
218.9	0.00041529980000000005
219.0	0.0004016564
219.1	0.00048784420000000004
219.2	0.0004292063
219.3	0.0004246792
219.4	0.00043893309999999995
219.5	0.000439582
219.6	0.0004596759
219.7	0.0004331154
219.8	0.00045267660000000004
219.9	0.00041389430000000004
220.0	0.000439265
220.1	0.0004338572
220.2	0.00040480129999999993
220.3	0.0003996246
220.4	0.00041525359999999996
220.5	0.0004936999
220.6	0.0004172704
220.7	0.00043091369999999997
220.8	0.0003557274
220.9	0.0003696261
221.0	0.00045099260000000004
221.1	0.00047342790000000004
221.2	0.0003990452
221.3	0.0003675867
221.4	0.0004135696
221.5	0.00042473319999999996
221.6	0.0004235742
221.7	0.0004652154
221.8	0.0004494088
221.9	0.00036897680000000003
222.0	0.0004125653
222.1	0.00038301419999999995
222.2	0.00041366980000000003
222.3	0.0004524064
222.4	0.00044425599999999997
222.5	0.00047138849999999995
222.6	0.0004599232
222.7	0.00040699509999999993
222.8	0.0004300715
222.9	0.0003992537
223.0	0.00038527850000000003
223.1	0.0004279238
223.2	0.000390215
223.3	0.0003927645
223.4	0.00039606339999999997
223.5	0.00039903759999999997
223.6	0.00044166750000000003
223.7	0.00041854479999999997
223.8	0.00042522770000000005
223.9	0.0004295691
224.0	0.0004108424
224.1	0.00040716499999999997
224.2	0.00045319439999999994
224.3	0.0004596067
224.4	0.0004133222
224.5	0.0004122172999999999
224.6	0.0004561607
224.7	0.00044083379999999996
224.8	0.0003886698
224.9	0.00045532710000000003
225.0	0.0004303184
225.1	0.00042231489999999995
225.2	0.00043867010000000003
225.3	0.00045739719999999997
225.4	0.00046392559999999995
225.5	0.0004575287
225.6	0.0004417061
225.7	0.00042182039999999997
225.8	0.0004202676
225.9	0.00040986129999999996
226.0	0.00038772679999999997
226.1	0.0004299555
226.2	0.00045631560000000004
226.3	0.00042433120000000003
226.4	0.00043025720000000004
226.5	0.0004723151
226.6	0.00042789309999999997
226.7	0.0004231802
226.8	0.0004668145
226.9	0.0004282096
227.0	0.0004586409999999999
227.1	0.00041640460000000003
227.2	0.0004145042
227.3	0.00043614399999999996
227.4	0.00042124109999999997
227.5	0.00043646070000000003
227.6	0.0004308131
227.7	0.00041709249999999994
227.8	0.00043176330000000004
227.9	0.00041156060000000004
228.0	0.0004642111
228.1	0.0004466354
228.2	0.00047518910000000003
228.3	0.00047041499999999996
228.4	0.0004158949
228.5	0.0003811217000000001
228.6	0.0004118392
228.7	0.00044242470000000004
228.8	0.00047972440000000003
228.9	0.0004018804
229.0	0.0004660959
229.1	0.00042543609999999994
229.2	0.0004199819000000001
229.3	0.00038693139999999995
229.4	0.00047485690000000004
229.5	0.0004473691
229.6	0.0005020206
229.7	0.0004473766000000001
229.8	0.0004111741
229.9	0.0004243005
230.0	0.00034701329999999996
230.1	0.00045069159999999996
230.2	0.0004021511
230.3	0.0003909874
230.4	0.0003714724
230.5	0.00042247690000000006
230.6	0.00041472080000000004
230.7	0.00042163500000000007
230.8	0.0004111436
230.9	0.0004756373
231.0	0.00047676519999999994
231.1	0.0003898056
231.2	0.0004300949
231.3	0.0004273673
231.4	0.0004916451
231.5	0.000392131
231.6	0.0004537275
231.7	0.0003945568
231.8	0.00044649600000000006
231.9	0.0004701521
232.0	0.0004827679
232.1	0.0004574123
232.2	0.0004285961
232.3	0.0004488678
232.4	0.0004084474
232.5	0.00045958340000000004
232.6	0.00045604539999999995
232.7	0.00046788870000000004
232.8	0.0004625115
232.9	0.00044073290000000003
233.0	0.0004349697
233.1	0.00046759510000000005
233.2	0.000457791
233.3	0.00044046220000000004
233.4	0.0004255595
233.5	0.0004283023
233.6	0.00045305559999999994
233.7	0.0004508767
233.8	0.00043092129999999996
233.9	0.00044867469999999995
234.0	0.00046538560000000006
234.1	0.000494998
234.2	0.00045602960000000004
234.3	0.0004352938
234.4	0.00043543300000000004
234.5	0.0004501737
234.6	0.0004769817
234.7	0.00044543779999999997
234.8	0.000454392
234.9	0.0004595836
235.0	0.00048537919999999994
235.1	0.0004360974
235.2	0.0004955307
235.3	0.00048070549999999995
235.4	0.00043633709999999995
235.5	0.00043741049999999996
235.6	0.00043099089999999995
235.7	0.0004638636
235.8	0.0004911504
235.9	0.0004494013
236.0	0.0004901694
236.1	0.0004920930000000001
236.2	0.0004811071
236.3	0.00042951519999999996
236.4	0.00045846309999999997
236.5	0.00046451989999999997
236.6	0.0004423322
236.7	0.0004298322
236.8	0.00044578570000000005
236.9	0.00046139110000000005
237.0	0.00044534499999999993
237.1	0.00044443360000000003
237.2	0.00045131690000000004
237.3	0.000484437
237.4	0.00046939460000000003
237.5	0.00044857429999999997
237.6	0.00046662950000000004
237.7	0.0004351474
237.8	0.0004967206
237.9	0.0004364529
238.0	0.000469287
238.1	0.00044936229999999996
238.2	0.00038509300000000003
238.3	0.00048666959999999995
238.4	0.00042534319999999997
238.5	0.0004956159999999999
238.6	0.0004469904
238.7	0.0004683056
238.8	0.0003836869
238.9	0.0004138631
239.0	0.0004516182
239.1	0.0004722924
239.2	0.00045414440000000005
239.3	0.0004238134
239.4	0.0004235974
239.5	0.0004531555
239.6	0.0004171083
239.7	0.00043481480000000006
239.8	0.0004549559
239.9	0.0004249885
240.0	0.0004313229
240.1	0.00041721570000000004
240.2	0.0004338262
240.3	0.0004972308
240.4	0.00039663510000000003
240.5	0.0004338336
240.6	0.00039596260000000007
240.7	0.0004331695
240.8	0.0004896206999999999
240.9	0.0004412195
241.0	0.00042003589999999995
241.1	0.0004576754
241.2	0.00043988320000000003
241.3	0.00037621579999999995
241.4	0.0004364217
241.5	0.00041354680000000004
241.6	0.0004122718
241.7	0.0004107423
241.8	0.00042576830000000003
241.9	0.0003549397
242.0	0.00043124579999999997
242.1	0.00041942590000000005
242.2	0.00043007909999999997
242.3	0.0004896515
242.4	0.00044237849999999995
242.5	0.00042286310000000003
242.6	0.0004317251
242.7	0.00045640080000000004
242.8	0.00040671679999999995
242.9	0.00047579179999999993
243.0	0.0004302025
243.1	0.0004136236
243.2	0.0005094759
243.3	0.0004393579
243.4	0.000426147
243.5	0.00046931790000000006
243.6	0.00044977970000000005
243.7	0.00044996489999999994
243.8	0.00047366750000000005
243.9	0.00045120139999999995
244.0	0.0004114989
244.1	0.00044600929999999997
244.2	0.0004602712
244.3	0.0004729178
244.4	0.000471574
244.5	0.00044066339999999997
244.6	0.0004391492
244.7	0.000407999
244.8	0.00046661420000000003
244.9	0.0004233193
245.0	0.0004581622
245.1	0.00042884339999999996
245.2	0.00045433800000000004
245.3	0.00040068300000000004
245.4	0.0004264171
245.5	0.0005266806000000001
245.6	0.00039122690000000003
245.7	0.00040713409999999995
245.8	0.00040854
245.9	0.00042395290000000005
246.0	0.0004417525
246.1	0.00043371799999999993
246.2	0.00041452759999999997
246.3	0.00044215430000000004
246.4	0.0004348689
246.5	0.000424463
246.6	0.00040786810000000007
246.7	0.0004291755
246.8	0.0003984506
246.9	0.0004559988
247.0	0.0004733893
247.1	0.00039869760000000004
247.2	0.00047889769999999996
247.3	0.00042700440000000006
247.4	0.00041099660000000005
247.5	0.00046270420000000005
247.6	0.0004478864
247.7	0.00042068460000000004
247.8	0.00040498600000000003
247.9	0.00044669699999999997
248.0	0.00042256239999999994
248.1	0.00043452939999999993
248.2	0.00046166940000000003
248.3	0.0004253743
248.4	0.00045864859999999996
248.5	0.00043401120000000006
248.6	0.00043581139999999995
248.7	0.00039739180000000003
248.8	0.0004115685
248.9	0.00044640330000000005
249.0	0.0004087177
249.1	0.0004358812
249.2	0.00041076519999999996
249.3	0.00041352310000000004
249.4	0.0003793527
249.5	0.00038221919999999995
249.6	0.000366134
249.7	0.00043645249999999994
249.8	0.0003973688
249.9	0.0003580605
250.0	0.00042053800000000003
250.1	0.0004115298
250.2	0.00041555469999999997
250.3	0.00044053189999999996
250.4	0.00040917370000000006
250.5	0.0003889324
250.6	0.00039413980000000006
250.7	0.0004195184
250.8	0.00042173540000000004
250.9	0.00043388030000000003
251.0	0.00040020379999999996
251.1	0.00046916339999999995
251.2	0.00038876229999999996
251.3	0.00043257470000000004
251.4	0.0004403774
251.5	0.0004450052
251.6	0.0005099161
251.7	0.000430234
251.8	0.0004492158
251.9	0.00047336590000000004
252.0	0.0004254595
252.1	0.0004671851
252.2	0.0004524296
252.3	0.00041098130000000004
252.4	0.00040281519999999996
252.5	0.00045458489999999994
252.6	0.00045929769999999997
252.7	0.00039958569999999996
252.8	0.0005153854999999999
252.9	0.00041710780000000006
253.0	0.0004054344
253.1	0.00039147440000000003
253.2	0.00043550299999999995
253.3	0.0003770351
253.4	0.00041958029999999996
253.5	0.0004122867
253.6	0.0004264943
253.7	0.0004358814
253.8	0.00046173149999999995
253.9	0.00047474900000000006
254.0	0.00045533449999999995
254.1	0.00041878449999999996
254.2	0.00045226729999999995
254.3	0.000395785
254.4	0.00039162090000000006
254.5	0.00043221119999999996
254.6	0.00042262389999999994
254.7	0.00043915710000000006
254.8	0.0004292759
254.9	0.0003982029
255.0	0.00042595379999999997
255.1	0.0004704766
255.2	0.00043289140000000005
255.3	0.00040236730000000004
255.4	0.00039827250000000003
255.5	0.0003592888999999999
255.6	0.0004027998
255.7	0.00042270130000000004
255.8	0.0004565861
255.9	0.00046350039999999996
256.0	0.00043517060000000006
256.1	0.00035430629999999997
256.2	0.0003736663
256.3	0.00036665189999999994
256.4	0.0003767026
256.5	0.00042521250000000007
256.6	0.00042561359999999997
256.7	0.00037844859999999997
256.8	0.0004448043
256.9	0.00044841219999999993
257.0	0.0003862898
257.1	0.00047403809999999996
257.2	0.0004572581
257.3	0.00045720419999999997
257.4	0.00039739190000000007
257.5	0.0004797089
257.6	0.0004580383
257.7	0.00044827310000000004
257.8	0.0004248875
257.9	0.00044353729999999997
258.0	0.0004047081
258.1	0.000414582
258.2	0.0004004281
258.3	0.0004638095
258.4	0.00045549699999999997
258.5	0.00043005580000000004
258.6	0.0004678808
258.7	0.00041881549999999996
258.8	0.00038787390000000004
258.9	0.0003945334
259.0	0.00043958210000000003
259.1	0.0004064618
259.2	0.00043319260000000004
259.3	0.0003988364
259.4	0.0004128897000000001
259.5	0.0004316164
259.6	0.000419889
259.7	0.0004026838
259.8	0.0004596139
259.9	0.00038622860000000006
260.0	0.0004040591
260.1	0.00043445180000000003
260.2	0.00044678959999999994
260.3	0.0004412655
260.4	0.000426077
260.5	0.0004866465
260.6	0.0004795387
260.7	0.00037059930000000004
260.8	0.0004164586
260.9	0.00043241269999999993
261.0	0.00044071000000000003
261.1	0.00035386620000000006
261.2	0.00043744180000000006
261.3	0.00041880739999999996
261.4	0.0004306277
261.5	0.0004434988
261.6	0.0004492314
261.7	0.00042127219999999995
261.8	0.00041737089999999995
261.9	0.00039335899999999997
262.0	0.0004180117
262.1	0.00037208259999999997
262.2	0.00041842139999999996
262.3	0.0004254514
262.4	0.0004422085
262.5	0.00039430210000000005
262.6	0.00039634889999999996
262.7	0.0003507604
262.8	0.0002998171
262.9	0.0002782702
263.0	0.00035571969999999997
263.1	0.0003500415999999999
263.2	0.00030412760000000005
263.3	0.00028234919999999995
263.4	0.0003314384
263.5	0.00045291570000000005
263.6	0.0004652235
263.7	0.00043755749999999994
263.8	0.0003981721
263.9	0.0004754981
264.0	0.0005041608000000001
264.1	0.0004558443
264.2	0.00046132130000000004
264.3	0.00038778129999999996
264.4	0.00043116080000000004
264.5	0.00043808309999999995
264.6	0.0004029082
264.7	0.00043916470000000005
264.8	0.00039188360000000003
264.9	0.0004030007
265.0	0.00039478070000000003
265.1	0.00040528759999999993
265.2	0.00036509880000000006
265.3	0.00044196899999999996
265.4	0.00045037429999999996
265.5	0.0003976857
265.6	0.00046735529999999997
265.7	0.000357566
265.8	0.000358655
265.9	0.0003840267
266.0	0.00041705359999999995
266.1	0.00045508699999999996
266.2	0.0003964418
266.3	0.0004357037
266.4	0.00034629450000000004
266.5	0.0004282019
266.6	0.0004432743
266.7	0.0004263171
266.8	0.0004276532
266.9	0.00043833800000000003
267.0	0.0003950587
267.1	0.00040526420000000003
267.2	0.00041797349999999993
267.3	0.0003925094
267.4	0.00045929720000000007
267.5	0.00039601670000000003
267.6	0.0004144039
267.7	0.0004606034
267.8	0.00043399590000000004
267.9	0.0004679192
268.0	0.00044191499999999997
268.1	0.00041014729999999997
268.2	0.0005104647
268.3	0.00043699390000000003
268.4	0.00041132110000000006
268.5	0.0004328373
268.6	0.000435356
268.7	0.0003999567
268.8	0.000406207
268.9	0.00041067229999999994
269.0	0.00042243879999999997
269.1	0.00043340950000000006
269.2	0.00040901139999999995
269.3	0.00041847510000000006
269.4	0.00036800329999999993
269.5	0.00035310839999999995
269.6	0.00033873110000000003
269.7	0.00034258649999999993
269.8	0.00038968160000000005
269.9	0.0003460243
270.0	0.0003076273
270.1	0.00031359179999999995
270.2	0.00038391840000000005
270.3	0.00042610050000000007
270.4	0.00048000200000000004
270.5	0.00041055649999999997
270.6	0.00041527670000000004
270.7	0.00043087519999999996
270.8	0.0003837716
270.9	0.0004368083
271.0	0.00037834040000000004
271.1	0.0004121944
271.2	0.000418236
271.3	0.00042182050000000006
271.4	0.0004409799
271.5	0.00040661639999999997
271.6	0.00041578700000000004
271.7	0.0003995397
271.8	0.0004308596
271.9	0.0004623182
272.0	0.00041930989999999996
272.1	0.00038132229999999996
272.2	0.00044986460000000006
272.3	0.00041818150000000006
272.4	0.0004317555
272.5	0.00047444010000000005
272.6	0.00035925819999999995
272.7	0.00045577440000000007
272.8	0.0004362289
272.9	0.0004273062
273.0	0.00043696249999999995
273.1	0.0004520121
273.2	0.0004073348
273.3	0.0003804264
273.4	0.00038645990000000006
273.5	0.0003876961
273.6	0.00045393619999999996
273.7	0.0004252661
273.8	0.0004054578
273.9	0.00046751739999999995
274.0	0.000391752
274.1	0.00043701710000000003
274.2	0.00044954749999999996
274.3	0.0004708477
274.4	0.0003798703
274.5	0.0004059211
274.6	0.000416266
274.7	0.0004077907
274.8	0.0004086791
274.9	0.0004244012
275.0	0.0004116302
275.1	0.00039469589999999996
275.2	0.00040441479999999997
275.3	0.0003960786
275.4	0.00040058270000000004
275.5	0.00037508800000000004
275.6	0.00041988139999999996
275.7	0.000414628
275.8	0.0003914899
275.9	0.00044383070000000006
276.0	0.00047439349999999994
276.1	0.00037236840000000007
276.2	0.00035463110000000003
276.3	0.0003963106
276.4	0.0003967585
276.5	0.00043504689999999995
276.6	0.00039757750000000004
276.7	0.0004128739
276.8	0.00045664779999999997
276.9	0.00036781799999999995
277.0	0.000407412
277.1	0.0003976703
277.2	0.00036948739999999997
277.3	0.0004546236
277.4	0.00039181419999999995
277.5	0.0004353713
277.6	0.0004643119
277.7	0.00039636470000000004
277.8	0.0004323739
277.9	0.0004117076
278.0	0.00044505159999999995
278.1	0.0004323277
278.2	0.00047291760000000004
278.3	0.00035315480000000006
278.4	0.0003853628
278.5	0.00042504220000000006
278.6	0.0004062687
278.7	0.00041414889999999996
278.8	0.0003949507
278.9	0.00044106520000000005
279.0	0.00043704020000000004
279.1	0.0004011312
279.2	0.0004248873
279.3	0.0004257531
279.4	0.0004028697
279.5	0.0004402384
279.6	0.00040178770000000004
279.7	0.00041852949999999996
279.8	0.00042624739999999996
279.9	0.00041403319999999997
280.0	0.000414458
280.1	0.0003906632
280.2	0.0004222684
280.3	0.0003767723
280.4	0.00041902350000000004
280.5	0.00040186509999999993
280.6	0.00041291290000000007
280.7	0.00039187550000000003
280.8	0.00037379020000000005
280.9	0.00038058880000000007
281.0	0.0003983577
281.1	0.0003711712
281.2	0.0004331925
281.3	0.0004185679
281.4	0.00043650689999999995
281.5	0.00044430180000000003
281.6	0.0004116845
281.7	0.00045076080000000003
281.8	0.00040640779999999996
281.9	0.0004368622
282.0	0.0003892339
282.1	0.0004684369
282.2	0.0003913815
282.3	0.00043447509999999996
282.4	0.00040718019999999995
282.5	0.0004387163
282.6	0.0004075821
282.7	0.0004000806
282.8	0.00043738779999999997
282.9	0.00038391059999999994
283.0	0.0004086559
283.1	0.0004115844
283.2	0.00044432529999999997
283.3	0.00043497720000000003
283.4	0.0003826283
283.5	0.0003640483
283.6	0.00043490040000000003
283.7	0.0003925173
283.8	0.00037019
283.9	0.0005020358999999999
284.0	0.0004144734
284.1	0.00042898970000000003
284.2	0.00046875369999999994
284.3	0.00039580809999999997
284.4	0.00035902600000000003
284.5	0.00039685120000000005
284.6	0.00036543109999999997
284.7	0.0004192865
284.8	0.0003701671
284.9	0.0004093668
285.0	0.00040942070000000004
285.1	0.0004553883
285.2	0.000392486
285.3	0.00039405470000000004
285.4	0.0004164361
285.5	0.0004256138
285.6	0.0003977396
285.7	0.00035734199999999997
285.8	0.00047470250000000003
285.9	0.0004626581999999999
286.0	0.00039959349999999996
286.1	0.00044584729999999997
286.2	0.00038497710000000003
286.3	0.00041175399999999996
286.4	0.00043058920000000006
286.5	0.0004123874
286.6	0.0003787191
286.7	0.00042379070000000003
286.8	0.0004174632
286.9	0.00042199059999999995
287.0	0.0003913274
287.1	0.00040821559999999995
287.2	0.00037180419999999995
287.3	0.0003967659
287.4	0.0004216427
287.5	0.0004072884
287.6	0.0004053181
287.7	0.00043217259999999997
287.8	0.00045981519999999993
287.9	0.00042231500000000004
288.0	0.00035331669999999997
288.1	0.00037912120000000007
288.2	0.0003986049
288.3	0.00046897050000000004
288.4	0.00042783090000000006
288.5	0.00041034019999999994
288.6	0.00038773480000000004
288.7	0.0004200668
288.8	0.00041152219999999995
288.9	0.0004099231
289.0	0.0004465965
289.1	0.0004577757
289.2	0.0003837098
289.3	0.0004148286
289.4	0.00044640320000000007
289.5	0.00043017989999999997
289.6	0.0003975773
289.7	0.0004272052
289.8	0.0003733343
289.9	0.0004017493
290.0	0.00040008089999999996
290.1	0.0003544455
290.2	0.0004084862
290.3	0.00038511579999999995
290.4	0.0004635699
290.5	0.0003824969
290.6	0.0004252892
290.7	0.00040922739999999994
290.8	0.0004133612
290.9	0.00042865789999999997
291.0	0.0003831769
291.1	0.00039580809999999997
291.2	0.00039808690000000006
291.3	0.000447972
291.4	0.0003910415000000001
291.5	0.0004008067
291.6	0.0004329303
291.7	0.00044099559999999995
291.8	0.00040671699999999996
291.9	0.00041023219999999997
292.0	0.000417394
292.1	0.00038510080000000004
292.2	0.00042832549999999997
292.3	0.00040028130000000005
292.4	0.0004056044
292.5	0.00041317549999999995
292.6	0.00044431739999999993
292.7	0.0004361517
292.8	0.00046314500000000004
292.9	0.000394719
293.0	0.0004005362
293.1	0.00041507629999999995
293.2	0.0004666986
293.3	0.0003653304
293.4	0.00046125210000000003
293.5	0.00038853859999999995
293.6	0.0004386541
293.7	0.00040351080000000005
293.8	0.0004257453
293.9	0.0004181352
294.0	0.0004558595
294.1	0.00042556720000000003
294.2	0.00043029559999999996
294.3	0.0004443952
294.4	0.0003859735000000001
294.5	0.0004309447
294.6	0.0003885847
294.7	0.0004605567
294.8	0.0003881751
294.9	0.0003703984
295.0	0.0003662576
295.1	0.00041343810000000006
295.2	0.00039448710000000004
295.3	0.00041773370000000007
295.4	0.0004471299
295.5	0.0004515877
295.6	0.0004299709
295.7	0.00037387480000000006
295.8	0.00038322339999999995
295.9	0.0004000652
296.0	0.00041253419999999995
296.1	0.00039817199999999997
296.2	0.0004010155
296.3	0.00040333320000000004
296.4	0.0003688073
296.5	0.0003537347
296.6	0.00045699550000000003
296.7	0.00040523320000000003
296.8	0.0003751806
296.9	0.0003952752
297.0	0.0004260156
297.1	0.00039595499999999997
297.2	0.00037103200000000003
297.3	0.00040384339999999995
297.4	0.00042900519999999995
297.5	0.00038404990000000006
297.6	0.00039577739999999996
297.7	0.000380125
297.8	0.000416822
297.9	0.00044580849999999997
298.0	0.0003833004
298.1	0.00045653150000000005
298.2	0.0003996168
298.3	0.0004012547
298.4	0.0003997175
298.5	0.0004116147999999999
298.6	0.0004338722
298.7	0.00037695809999999997
298.8	0.00041583319999999996
298.9	0.00041492179999999995
299.0	0.0004128045
299.1	0.0004083086
299.2	0.00044666629999999996
299.3	0.0004234971
299.4	0.0004291597
299.5	0.0003687609
299.6	0.00039455690000000004
299.7	0.0003847527
299.8	0.0003787498
299.9	0.000423018
300.0	0.0004015718
300.1	0.0003841738
300.2	0.0003828679
300.3	0.00037555909999999995
300.4	0.0003767184
300.5	0.0004037811
300.6	0.00039448689999999997
300.7	0.000412658
300.8	0.00036853680000000004
300.9	0.00040568170000000004
301.0	0.00037342720000000003
301.1	0.0004094128
301.2	0.00035702570000000004
301.3	0.0004610125
301.4	0.00042724399999999996
301.5	0.0004031472
301.6	0.0003988984
301.7	0.00041961890000000006
301.8	0.00037035250000000007
301.9	0.00044741530000000005
302.0	0.0003826521
302.1	0.0003789277
302.2	0.00037705000000000003
302.3	0.00041957999999999996
302.4	0.00040695630000000003
302.5	0.00041307470000000006
302.6	0.00038966619999999995
302.7	0.0004184598
302.8	0.00046155340000000005
302.9	0.0003908945
303.0	0.00038335480000000003
303.1	0.00037942929999999997
303.2	0.00040094549999999994
303.3	0.00042349720000000007
303.4	0.00034383759999999993
303.5	0.0004036885
303.6	0.00040026600000000003
303.7	0.0004554271
303.8	0.0003840111
303.9	0.0004393576
304.0	0.0004044533
304.1	0.0003611818
304.2	0.0004212948
304.3	0.0004384307
304.4	0.00038693939999999996
304.5	0.0004080461
304.6	0.0004010926
304.7	0.00042719
304.8	0.00045924350000000003
304.9	0.0003895583
305.0	0.00041820489999999996
305.1	0.00041525370000000005
305.2	0.0003932201
305.3	0.0003811914
305.4	0.0004208628
305.5	0.00044783279999999995
305.6	0.00040619209999999997
305.7	0.0004489686
305.8	0.00036415639999999995
305.9	0.00045331790000000005
306.0	0.000374918
306.1	0.00037858739999999997
306.2	0.0003735044
306.3	0.0004966202
306.4	0.0004398983
306.5	0.000410186
306.6	0.0004238985
306.7	0.00039086359999999996
306.8	0.0004026916
306.9	0.000371735
307.0	0.00040494710000000005
307.1	0.00039991819999999993
307.2	0.00040980700000000004
307.3	0.0004524992
307.4	0.00040983019999999993
307.5	0.00035377280000000003
307.6	0.00040227430000000004
307.7	0.0004207855
307.8	0.00038035720000000007
307.9	0.00042498800000000006
308.0	0.0004324972
308.1	0.00042261609999999993
308.2	0.0003688382
308.3	0.0004030012
308.4	0.00046258860000000004
308.5	0.00047268590000000007
308.6	0.000459784
308.7	0.0004195412
308.8	0.0004088877999999999
308.9	0.0004268811
309.0	0.0004562463
309.1	0.0004126347
309.2	0.00040451490000000006
309.3	0.0003728321
309.4	0.0004084322
309.5	0.00041160729999999997
309.6	0.00041638920000000004
309.7	0.00039047729999999996
309.8	0.00043708639999999997
309.9	0.0003815313
310.0	0.0003748331
310.1	0.0004383145
310.2	0.0004064619
310.3	0.0004077987
310.4	0.0003921154
310.5	0.00041538490000000007
310.6	0.00042770769999999996
310.7	0.00040349490000000005
310.8	0.0004025449
310.9	0.00043480710000000003
311.0	0.00039209209999999995
311.1	0.0003823656
311.2	0.0003999877999999999
311.3	0.0003552714
311.4	0.00037641700000000004
311.5	0.00039480399999999996
311.6	0.0004105178
311.7	0.00042032980000000005
311.8	0.00038472969999999996
311.9	0.00045280049999999996
312.0	0.00043674659999999994
312.1	0.00040344889999999997
312.2	0.0004496329
312.3	0.0004764793
312.4	0.00041686850000000004
312.5	0.0003801872
312.6	0.00042611609999999996
312.7	0.0005157876000000001
312.8	0.00038588090000000005
312.9	0.0003800093
313.0	0.0003728396
313.1	0.000395144
313.2	0.00042389839999999995
313.3	0.00042484890000000006
313.4	0.0004373644
313.5	0.00038995990000000003
313.6	0.00040673239999999995
313.7	0.00039607069999999996
313.8	0.00031736960000000006
313.9	0.0004254128
314.0	0.00038374859999999993
314.1	0.00040928949999999997
314.2	0.00038805940000000003
314.3	0.0003975853
314.4	0.0003869007
314.5	0.00038204879999999996
314.6	0.00041298219999999996
314.7	0.00033900180000000007
314.8	0.0003613135
314.9	0.00042378250000000005
315.0	0.0003649133
315.1	0.00039219249999999993
315.2	0.00039148210000000005
315.3	0.0004007063
315.4	0.00039544499999999997
315.5	0.0004441011
315.6	0.0004429887
315.7	0.000397639
315.8	0.00033673040000000007
315.9	0.000403457
316.0	0.0004082466
316.1	0.00034671960000000004
316.2	0.00043036530000000004
316.3	0.0003613133
316.4	0.0003988602
316.5	0.0003911883
316.6	0.00041764060000000003
316.7	0.0004240765
316.8	0.00040811520000000003
316.9	0.00040282340000000004
317.0	0.00038813700000000004
317.1	0.00043377979999999997
317.2	0.0004440631
317.3	0.00041008520000000004
317.4	0.00041425709999999994
317.5	0.0003835402
317.6	0.00041380119999999995
317.7	0.0004383149
317.8	0.0004173471
317.9	0.00043463759999999997
318.0	0.00043459129999999995
318.1	0.00035772859999999996
318.2	0.00043180970000000003
318.3	0.00039413919999999996
318.4	0.00044383089999999997
318.5	0.0004109656
318.6	0.00042253900000000004
318.7	0.0004091273
318.8	0.0004466119
318.9	0.00047376769999999996
319.0	0.00039773950000000004
319.1	0.0004308208
319.2	0.0004301642
319.3	0.0004078913
319.4	0.00043844649999999995
319.5	0.00045159499999999995
319.6	0.00040285430000000006
319.7	0.0004183285
319.8	0.00043649929999999996
319.9	0.0004148828
320.0	0.0004458629
320.1	0.00044935499999999997
320.2	0.0004037421
320.3	0.00043511639999999996
320.4	0.00044114999999999996
320.5	0.00040623
320.6	0.0003944485
320.7	0.0004159644
320.8	0.0003690617
320.9	0.00043334739999999997
321.0	0.0004387009
321.1	0.0004509775
321.2	0.00045759029999999995
321.3	0.0003827517
321.4	0.000385031
321.5	0.0003544453999999999
321.6	0.00029384500000000004
321.7	0.00025911839999999994
321.8	0.00021807180000000008
321.9	0.00023917040000000006
322.0	0.0003100532
322.1	0.00023423399999999994
322.2	0.00029797039999999997
322.3	0.00037185890000000007
322.4	0.00045081529999999997
322.5	0.000425042
322.6	0.0003676403
322.7	0.000526364
322.8	0.0004222918
322.9	0.00043718669999999997
323.0	0.00041659010000000003
323.1	0.00044891420000000003
323.2	0.00043524769999999996
323.3	0.00044632630000000003
323.4	0.00039835030000000005
323.5	0.0004439084
323.6	0.0004237439
323.7	0.0004138325
323.8	0.0004433286
323.9	0.00039159030000000003
324.0	0.0003846679
324.1	0.00040209670000000003
324.2	0.00039682819999999996
324.3	0.0004363446
324.4	0.00041447319999999996
324.5	0.0004003427
324.6	0.00042365139999999996
324.7	0.0003659019
324.8	0.00039408510000000005
324.9	0.00044641899999999993
325.0	0.00046418029999999996
325.1	0.00041271960000000007
325.2	0.00039572309999999993
325.3	0.0004068558
325.4	0.0004400378
325.5	0.00045861809999999997
325.6	0.00043405759999999994
325.7	0.00044126559999999997
325.8	0.0003819019
325.9	0.00039916869999999995
326.0	0.00043697019999999997
326.1	0.00043308429999999997
326.2	0.00045392040000000005
326.3	0.0004366072
326.4	0.0004074508
326.5	0.00045891949999999997
326.6	0.00042141839999999993
326.7	0.00046880779999999996
326.8	0.00042263950000000005
326.9	0.00038685449999999996
327.0	0.0004594134
327.1	0.00043749589999999997
327.2	0.0004391723
327.3	0.0004548864
327.4	0.0004968988
327.5	0.00041051
327.6	0.00044810330000000004
327.7	0.00041330699999999996
327.8	0.0004783104
327.9	0.00041660579999999996
328.0	0.00041368530000000006
328.1	0.0004034487
328.2	0.0003033087999999999
328.3	0.0002196168
328.4	0.00017658500000000004
328.5	0.0001835767
328.6	0.00018528430000000007
328.7	0.00020537880000000004
328.8	0.0001821091
328.9	0.00015989059999999998
329.0	0.00022796090000000001
329.1	0.0001905069
329.2	0.0002683733
329.3	0.00029469460000000006
329.4	0.00033186289999999997
329.5	0.0003498095
329.6	0.00044449530000000004
329.7	0.00048470759999999995
329.8	0.0004253356
329.9	0.00046197860000000003
330.0	0.00046395630000000006
330.1	0.00038772730000000003
330.2	0.0004133221
330.3	0.000426309
330.4	0.00042779239999999995
330.5	0.00043758840000000007
330.6	0.00043731020000000007
330.7	0.000487574
330.8	0.00044053219999999995
330.9	0.0004205612
331.0	0.00042979369999999995
331.1	0.0004611364
331.2	0.0004478018
331.3	0.00044761620000000003
331.4	0.000461322
331.5	0.00043304590000000005
331.6	0.0004472995
331.7	0.000447029
331.8	0.00044403970000000004
331.9	0.0004214192
332.0	0.00044133549999999996
332.1	0.0004331306
332.2	0.00045127080000000004
332.3	0.00043840759999999997
332.4	0.0005090892
332.5	0.0004176178
332.6	0.0004332701
332.7	0.00041778050000000004
332.8	0.0004572504
332.9	0.00045056800000000004
333.0	0.0005130295999999999
333.1	0.00044302759999999996
333.2	0.0004995251
333.3	0.000524587
333.4	0.0004290052
333.5	0.00045626900000000003
333.6	0.00047689650000000004
333.7	0.00045948340000000003
333.8	0.00043984439999999997
333.9	0.0005151079
334.0	0.000494658
334.1	0.0004647212
334.2	0.0004662583
334.3	0.0004661348
334.4	0.0004354793
334.5	0.0005372338999999999
334.6	0.0004336563
334.7	0.000460078
334.8	0.0004119702
334.9	0.0004408798
335.0	0.0003851546
335.1	0.00035422890000000003
335.2	0.00029922970000000005
335.3	0.0002742991
335.4	0.0002272887000000001
335.5	0.00019629309999999998
335.6	0.0001547219
335.7	0.00024498010000000004
335.8	0.00047081680000000004
335.9	0.0004263863999999999
336.0	0.0004170847
336.1	0.00043406580000000003
336.2	0.0004264329
336.3	0.0004574511
336.4	0.00045355769999999996
336.5	0.0004841353
336.6	0.00046326060000000005
336.7	0.00044680569999999996
336.8	0.00043170160000000003
336.9	0.00042007439999999996
337.0	0.0005309141
337.1	0.0004247636
337.2	0.0004204604
337.3	0.00042111
337.4	0.00038233460000000006
337.5	0.00044395450000000005
337.6	0.0004166135
337.7	0.0004612912
337.8	0.00045755949999999997
337.9	0.00044328220000000004
338.0	0.00038874710000000003
338.1	0.00042926819999999997
338.2	0.0004177027
338.3	0.0004679039
338.4	0.0004440626
338.5	0.00037992429999999996
338.6	0.00039271810000000005
338.7	0.0004653776
338.8	0.0004182127000000001
338.9	0.0004128437
339.0	0.00039215390000000005
339.1	0.00042326519999999994
339.2	0.0004194253
339.3	0.00041612670000000003
339.4	0.0004144736
339.5	0.0004313926
339.6	0.00045983100000000006
339.7	0.0004250807
339.8	0.0003905546
339.9	0.00041954140000000003
340.0	0.0004119086
340.1	0.00038316949999999994
340.2	0.00042367450000000003
340.3	0.00045883429999999997
340.4	0.0004054577
340.5	0.0003913659
340.6	0.00043412750000000003
340.7	0.00040729620000000004
340.8	0.00046167730000000007
340.9	0.0004896746
341.0	0.00041300569999999995
341.1	0.00038547120000000004
341.2	0.0004666214
341.3	0.0004346141
341.4	0.0004868472
341.5	0.00048741930000000005
341.6	0.0004569646
341.7	0.000454129
341.8	0.0003972293
341.9	0.0004237595
342.0	0.0004074432
342.1	0.00044882920000000005
342.2	0.0003757221
342.3	0.00037111700000000007
342.4	0.00022238300000000004
342.5	0.0003721602
342.6	0.00039678909999999996
342.7	0.0004101161
342.8	0.0004624338
342.9	0.0004138475
343.0	0.00044589390000000003
343.1	0.0004508692
343.2	0.00046764910000000003
343.3	0.00048062049999999997
343.4	0.00043574999999999994
343.5	0.0004903395
343.6	0.0004692639
343.7	0.00042163490000000003
343.8	0.0004217436
343.9	0.00043323109999999994
344.0	0.0004280475
344.1	0.00045206619999999995
344.2	0.0003818014
344.3	0.0004253821
344.4	0.0003835475
344.5	0.00048752709999999995
344.6	0.0004453375
344.7	0.0004318253
344.8	0.0005052424000000001
344.9	0.00040485490000000005
345.0	0.00044496650000000004
345.1	0.00041844429999999996
345.2	0.00045310189999999995
345.3	0.0004077523
345.4	0.0004707471
345.5	0.0004686305
345.6	0.00041228680000000005
345.7	0.0003917754
345.8	0.00047280240000000006
345.9	0.0003852938
346.0	0.00041441949999999997
346.1	0.00042289410000000003
346.2	0.0004027611
346.3	0.00040572019999999994
346.4	0.0004748184
346.5	0.00046702289999999997
346.6	0.00045903480000000004
346.7	0.00045913559999999993
346.8	0.0004316942
346.9	0.0004493854
347.0	0.00043149279999999996
347.1	0.0004969215
347.2	0.0004453142
347.3	0.00041580240000000003
347.4	0.00048789790000000003
347.5	0.0004374724
347.6	0.00045742790000000003
347.7	0.00045413669999999997
347.8	0.0004222377
347.9	0.0004124953
348.0	0.00044685899999999997
348.1	0.00048124629999999995
348.2	0.00043795140000000004
348.3	0.00043649170000000003
348.4	0.00044324389999999994
348.5	0.00041516880000000005
348.6	0.00047091740000000003
348.7	0.00039473469999999996
348.8	0.0004163895
348.9	0.0004439393
349.0	0.0004490304
349.1	0.0003696726
349.2	0.0004158099
349.3	0.00028641309999999994
349.4	0.00030075960000000004
349.5	0.0002695557
349.6	0.0005149843999999999
349.7	0.000471118
349.8	0.0004897056
349.9	0.0004696889
