0.0	0.000462454
0.1	0.00045062799999999996
0.2	0.0004609982
0.3	0.0004965519999999999
0.4	0.00047055459999999997
0.5	0.00045624300000000006
0.6	0.0004095446
0.7	0.0004921461
0.8	0.00046016160000000004
0.9	0.00044961370000000004
1.0	0.00045384999999999995
1.1	0.0004574122
1.2	0.000441792
1.3	0.0004529205
1.4	0.0004548414000000001
1.5	0.00048199270000000007
1.6	0.00038730309999999995
1.7	0.0004847266
1.8	0.00044255879999999996
1.9	0.0004462836
2.0	0.00039617769999999997
2.1	0.0004379511
2.2	0.00045735799999999994
2.3	0.00042506390000000003
2.4	0.0004283476000000001
2.5	0.00044057620000000005
2.6	0.00047644759999999995
2.7	0.00046839380000000006
2.8	0.00044279080000000004
2.9	0.0004942060999999999
3.0	0.0004961809
3.1	0.0004485217
3.2	0.0004524947
3.3	0.0004235542
3.4	0.0004703219
3.5	0.0004348451
3.6	0.0004847498
3.7	0.00044808780000000006
3.8	0.0004477395
3.9	0.00046958650000000003
4.0	0.00047514700000000004
4.1	0.00041385049999999996
4.2	0.0004878557
4.3	0.00046421969999999995
4.4	0.00045776869999999997
4.5	0.00043642500000000005
4.6	0.0004157631
4.7	0.00042358500000000003
4.8	0.0004471045
4.9	0.0004596892
5.0	0.00042902950000000005
5.1	0.0004459043
5.2	0.0004103659
5.3	0.00043898099999999996
5.4	0.00039310309999999993
5.5	0.00045150330000000007
5.6	0.0004324521
5.7	0.00043065540000000003
5.8	0.00040181559999999996
5.9	0.0004650486
6.0	0.00043611510000000003
6.1	0.00043202659999999995
6.2	0.00046091999999999997
6.3	0.0004191168
6.4	0.000426133
6.5	0.00044190060000000005
6.6	0.000414416
6.7	0.0004365258
6.8	0.00045144930000000003
6.9	0.0004139508
7.0	0.00045317629999999995
7.1	0.00042318989999999996
7.2	0.0003991363
7.3	0.00048079240000000004
7.4	0.00039566659999999996
7.5	0.00041658399999999995
7.6	0.0004337145
7.7	0.0003849174
7.8	0.00047266869999999995
7.9	0.0004659697
8.0	0.00038525819999999994
8.1	0.0004340011
8.2	0.00045578649999999997
8.3	0.00047911949999999997
8.4	0.0004302838
8.5	0.00048095550000000004
8.6	0.0004484442
8.7	0.00045049669999999996
8.8	0.0003680505
8.9	0.000447035
9.0	0.00040296950000000005
9.1	0.00047535609999999995
9.2	0.00040362819999999997
9.3	0.00045032620000000004
9.4	0.00043819810000000003
9.5	0.0004107838
9.6	0.00044454909999999995
9.7	0.0004335441
9.8	0.00042956350000000006
9.9	0.000458504
10.0	0.00045405909999999996
10.1	0.00042631919999999994
10.2	0.0004317629
10.3	0.0004043632
10.4	0.0004309731
10.5	0.0004435579
10.6	0.0004311590000000001
10.7	0.00046905969999999994
10.8	0.0004050452
10.9	0.00043122889999999995
11.0	0.0004279219
11.1	0.0004901708
11.2	0.00040596670000000003
11.3	0.00040874669999999995
11.4	0.00043713789999999997
11.5	0.0004896135
11.6	0.000405959
11.7	0.00044099410000000003
11.8	0.000455794
11.9	0.0004133467
12.0	0.00038548250000000004
12.1	0.00042943180000000003
12.2	0.00043047740000000005
12.3	0.0004226945
12.4	0.0004124642
12.5	0.00045412100000000004
12.6	0.0003929404
12.7	0.00040255120000000003
12.8	0.00046654309999999996
12.9	0.00041333159999999995
13.0	0.000398377
13.1	0.00043273140000000003
13.2	0.0004675576
13.3	0.0004845564
13.4	0.0004229887
13.5	0.00042844099999999995
13.6	0.00040094880000000004
13.7	0.0004382991
13.8	0.0004210837
13.9	0.00036533210000000004
14.0	0.0004502877
14.1	0.0004093741
14.2	0.00045011739999999996
14.3	0.00042480089999999995
14.4	0.00041889190000000005
14.5	0.00041017199999999993
14.6	0.00040444129999999995
14.7	0.00036806580000000005
14.8	0.00039688289999999997
14.9	0.00040013479999999996
15.0	0.0003992598
15.1	0.0004077479
15.2	0.00040005
15.3	0.00038089049999999995
15.4	0.0004072908
15.5	0.0004038757
15.6	0.00040616790000000007
15.7	0.00038577729999999996
15.8	0.000437672
15.9	0.0003800077
16.0	0.00038143989999999995
16.1	0.00042169550000000004
16.2	0.0004148264
16.3	0.00044222600000000004
16.4	0.0003819746
16.5	0.0004429687
16.6	0.0004052926
16.7	0.00041778399999999993
16.8	0.0003906174
16.9	0.0004463222
17.0	0.0003791942000000001
17.1	0.000406958
17.2	0.00039971699999999995
17.3	0.00041004799999999993
17.4	0.000361878
17.5	0.00044055280000000004
17.6	0.0004265895
17.7	0.0004103111
17.8	0.00043211160000000004
17.9	0.00040114969999999997
18.0	0.0004369053
18.1	0.00043634029999999995
18.2	0.00043840769999999995
18.3	0.00045810959999999993
18.4	0.0004094359
18.5	0.0003870164
18.6	0.0004266983
18.7	0.00039134559999999996
18.8	0.00042123830000000004
18.9	0.00040568010000000004
19.0	0.00040437150000000006
19.1	0.0003806965
19.2	0.00039479140000000005
19.3	0.00044103320000000003
19.4	0.00042986600000000005
19.5	0.00040101799999999995
19.6	0.0003482401000000001
19.7	0.00043462090000000007
19.8	0.0004914875
19.9	0.00041329269999999997
20.0	0.000399523
20.1	0.00042891340000000003
20.2	0.0003758954
20.3	0.0004564444
20.4	0.00041869029999999993
20.5	0.00043241369999999995
20.6	0.00041869060000000003
20.7	0.0003860016
20.8	0.0003902143
20.9	0.00040581220000000004
21.0	0.00037649159999999994
21.1	0.0004182101
21.2	0.00043949979999999994
21.3	0.00038165730000000003
21.4	0.0004253583
21.5	0.0004149889
21.6	0.00040088680000000004
21.7	0.00039651080000000004
21.8	0.0004414201
21.9	0.00039383109999999996
22.0	0.0004185204
22.1	0.0004022649
22.2	0.00037279
22.3	0.0004166926
22.4	0.0005036382999999999
22.5	0.00039125219999999993
22.6	0.0004121931
22.7	0.00047800450000000003
22.8	0.0003649291
22.9	0.0003562939
23.0	0.0004514647
23.1	0.0004124484
23.2	0.0004468179
23.3	0.0003815641
23.4	0.0004201698
23.5	0.00042467720000000005
23.6	0.00041467120000000004
23.7	0.00042396440000000006
23.8	0.0004444948
23.9	0.000456003
24.0	0.0004010725
24.1	0.00043538729999999996
24.2	0.0004197979
24.3	0.00043929779999999995
24.4	0.0004299199
24.5	0.00040918030000000003
24.6	0.0004075308
24.7	0.00042322120000000006
24.8	0.00043125969999999994
24.9	0.0004037673
25.0	0.000454648
25.1	0.00035328199999999996
25.2	0.0003982146
25.3	0.000416282
25.4	0.0004443867
25.5	0.00044256640000000006
25.6	0.0004022262
25.7	0.0003849328
25.8	0.00034549079999999995
25.9	0.00039607700000000005
26.0	0.0004574821
26.1	0.00039527970000000003
26.2	0.0004712361
26.3	0.0004628644
26.4	0.00040228020000000005
26.5	0.00039167050000000006
26.6	0.0004309189
26.7	0.0004158792
26.8	0.00043572850000000003
26.9	0.0004312597
27.0	0.00045122440000000004
27.1	0.0004011727
27.2	0.0004353254
27.3	0.0004092888
27.4	0.0004248316
27.5	0.0004033259
27.6	0.0004505744
27.7	0.0004090335
27.8	0.0003642475
27.9	0.00041971270000000006
28.0	0.00040721350000000003
28.1	0.0004657456
28.2	0.0004266519
28.3	0.00042925419999999997
28.4	0.0004360457
28.5	0.00042043320000000007
28.6	0.00042672179999999997
28.7	0.0004420402
28.8	0.00044849850000000004
28.9	0.0003920653
29.0	0.0004307099
29.1	0.00044883919999999994
29.2	0.0004197436
29.3	0.00042131639999999995
29.4	0.00042085850000000004
29.5	0.0004693075
29.6	0.00043075640000000005
29.7	0.0003707605
29.8	0.0004056264
29.9	0.00043585200000000003
30.0	0.0004422645
30.1	0.0004152754
30.2	0.000377661
30.3	0.0004626246
30.4	0.00043466669999999997
30.5	0.0004147258
30.6	0.00041679319999999995
30.7	0.0004116279
30.8	0.0004270391
30.9	0.0004470739
31.0	0.00044855280000000007
31.1	0.00044504429999999996
31.2	0.0003910126
31.3	0.00046686810000000004
31.4	0.00043256130000000003
31.5	0.00038236950000000003
31.6	0.0003990738
31.7	0.00040982319999999993
31.8	0.0004410637
31.9	0.00043829150000000006
32.0	0.00046885069999999995
32.1	0.00044202419999999997
32.2	0.0004434416
32.3	0.0004315925
32.4	0.00047835320000000006
32.5	0.0004494975
32.6	0.0004079493
32.7	0.0004148421
32.8	0.0004687424
32.9	0.0004944066
33.0	0.00045201480000000004
33.1	0.0004544307
33.2	0.00046254680000000004
33.3	0.00043854699999999996
33.4	0.0004605099
33.5	0.0004450294
33.6	0.00041848170000000003
33.7	0.00042296540000000006
33.8	0.00043932920000000004
33.9	0.00042273350000000007
34.0	0.0004458656
34.1	0.0004245922
34.2	0.0004033954
34.3	0.00045687770000000003
34.4	0.0004435193
34.5	0.0004446497
34.6	0.0004890711
34.7	0.00045283529999999995
34.8	0.00044386729999999996
34.9	0.0004404602
35.0	0.0004326144
35.1	0.00047904239999999997
35.2	0.00044291530000000005
35.3	0.00043583639999999997
35.4	0.0004288206
35.5	0.000482148
35.6	0.00043366049999999995
35.7	0.00043225830000000003
35.8	0.00042869599999999995
35.9	0.0004318404
36.0	0.0004412188
36.1	0.0004654976
36.2	0.0003940945
36.3	0.00041952739999999997
36.4	0.00034979710000000003
36.5	0.00044416200000000006
36.6	0.000481133
36.7	0.00044537010000000003
36.8	0.0004296643
36.9	0.00045077539999999997
37.0	0.000440429
37.1	0.0004925098
37.2	0.0004583647
37.3	0.00042289570000000003
37.4	0.00045920090000000003
37.5	0.00045805480000000006
37.6	0.0004544616
37.7	0.0005002619
37.8	0.00045124769999999997
37.9	0.0004243207
38.0	0.0004942447
38.1	0.00039929110000000006
38.2	0.00042675239999999994
38.3	0.00046267880000000006
38.4	0.0004844247
38.5	0.0004993326000000001
38.6	0.0004953830000000001
38.7	0.0004657065
38.8	0.00045708669999999996
38.9	0.0004925795000000001
39.0	0.0005160058
39.1	0.0004472905
39.2	0.00045483340000000006
39.3	0.0004412889
39.4	0.0005134119000000001
39.5	0.00043289399999999997
39.6	0.0004514105
39.7	0.00046157100000000003
39.8	0.00046949320000000004
39.9	0.000437099
40.0	0.00045508120000000004
40.1	0.0005079983000000001
40.2	0.0005190417000000001
40.3	0.0004714219
40.4	0.0005244243
40.5	0.0004488547
40.6	0.00045450039999999996
40.7	0.0004543229
40.8	0.00047500010000000003
40.9	0.0005226352000000001
41.0	0.00044046760000000004
41.1	0.00045142580000000004
41.2	0.0004591008
41.3	0.00043559649999999996
41.4	0.0004483438
41.5	0.000507193
41.6	0.0004782134
41.7	0.00048050590000000003
41.8	0.0004324682
41.9	0.00045567789999999996
42.0	0.00044621399999999995
42.1	0.0003899437
42.2	0.0005160760000000001
42.3	0.0004287114
42.4	0.00046175670000000004
42.5	0.0005283351
42.6	0.00044258150000000006
42.7	0.0005127766
42.8	0.0004555231
42.9	0.00046202829999999996
43.0	0.00044502170000000006
43.1	0.0004777027
43.2	0.00045929429999999995
43.3	0.00047189409999999997
43.4	0.0004675576
43.5	0.00047702890000000004
43.6	0.0004802889
43.7	0.00045613409999999995
43.8	0.0004853463
43.9	0.0004216025
44.0	0.0004945775999999999
44.1	0.0004332186
44.2	0.0004386476
44.3	0.00044574929999999994
44.4	0.0004738151
44.5	0.0004597279
44.6	0.0004797395
44.7	0.0004880335
44.8	0.00045393479999999997
44.9	0.0004934781
45.0	0.00044379040000000003
45.1	0.00042124619999999997
45.2	0.00043033050000000004
45.3	0.00040394549999999996
45.4	0.00044695749999999995
45.5	0.000428394
45.6	0.0004170256999999999
45.7	0.0004209674
45.8	0.0004321039
45.9	0.0004869342
46.0	0.0004144081
46.1	0.0004175523
46.2	0.0003669504
46.3	0.0004338154
46.4	0.00041207730000000005
46.5	0.00043854739999999993
46.6	0.00046099789999999997
46.7	0.00045045809999999997
46.8	0.00043450460000000004
46.9	0.0004269307
47.0	0.0003973391
47.1	0.0004080888
47.2	0.0004393912
47.3	0.0004433718000000001
47.4	0.00037827269999999994
47.5	0.0004917353
47.6	0.0004927188
47.7	0.0004386172
47.8	0.0004572264
47.9	0.00045543749999999995
48.0	0.000431856
48.1	0.00042921489999999996
48.2	0.0004674876
48.3	0.0004824417
48.4	0.00042457620000000004
48.5	0.000398199
48.6	0.0004454632
48.7	0.00042907589999999994
48.8	0.0005130867
48.9	0.0004830072
49.0	0.0004673643
49.1	0.000450752
49.2	0.000439221
49.3	0.00044412300000000004
49.4	0.00041634389999999994
49.5	0.00046256979999999997
49.6	0.0004614706
49.7	0.0004659387
49.8	0.0004910224
49.9	0.000493842
50.0	0.0004742643
50.1	0.0004692461000000001
50.2	0.00046238439999999996
50.3	0.0004747365
50.4	0.00046332919999999997
50.5	0.0004440922
50.6	0.0004229113
50.7	0.0004905657
50.8	0.00042299689999999995
50.9	0.00041044310000000006
51.0	0.00044306980000000004
51.1	0.0004697959
51.2	0.0004601613
51.3	0.00039369199999999996
51.4	0.0004605027000000001
51.5	0.00046495559999999996
51.6	0.0004913633
51.7	0.0004349458
51.8	0.00042518790000000003
51.9	0.00037444690000000005
52.0	0.00041467120000000004
52.1	0.0003906096
52.2	0.0003981218
52.3	0.00046689919999999996
52.4	0.00043201850000000006
52.5	0.0003948768
52.6	0.00035243000000000004
52.7	0.00038229200000000006
52.8	0.0003791869
52.9	0.0003644259
53.0	0.0003650379
53.1	0.00038410439999999994
53.2	0.00040788729999999995
53.3	0.00044976069999999997
53.4	0.0003974553
53.5	0.0004258924
53.6	0.00047852349999999997
53.7	0.00043346670000000005
53.8	0.00044861459999999995
53.9	0.000463205
54.0	0.0004584191
54.1	0.0004523089
54.2	0.000481753
54.3	0.0004736677
54.4	0.0004920606
54.5	0.0004695865
54.6	0.00044847539999999997
54.7	0.00041714139999999997
54.8	0.00046963290000000003
54.9	0.00047079469999999993
55.0	0.0004989295
55.1	0.0003904392
55.2	0.000471569
55.3	0.00042765109999999996
55.4	0.0005095007
55.5	0.00047428739999999997
55.6	0.00042082790000000006
55.7	0.00047753990000000006
55.8	0.0004462684
55.9	0.00040730620000000003
56.0	0.00044260550000000006
56.1	0.00040007319999999994
56.2	0.00044782470000000006
56.3	0.0004233062
56.4	0.00041274249999999997
56.5	0.0005150611000000001
56.6	0.00041068319999999997
56.7	0.0004436816
56.8	0.00043568979999999996
56.9	0.00044739910000000005
57.0	0.0004466788
57.1	0.00040546310000000004
57.2	0.0004028531
57.3	0.0004273177
57.4	0.0004475539
57.5	0.0004694702
57.6	0.00043730010000000004
57.7	0.00041837319999999995
57.8	0.0004430621
57.9	0.00041075289999999994
58.0	0.00045163500000000004
58.1	0.0004396855
58.2	0.00043057790000000006
58.3	0.0004217882
58.4	0.0004318404
58.5	0.00045811729999999996
58.6	0.0004069269
58.7	0.00042485520000000004
58.8	0.00042816179999999993
58.9	0.00040739110000000004
59.0	0.00045220789999999997
59.1	0.0004641577
59.2	0.0004519296
59.3	0.0004149188
59.4	0.00045384190000000006
59.5	0.0004239879
59.6	0.0003609099
59.7	0.00040152119999999997
59.8	0.00035342869999999995
59.9	0.000403504
60.0	0.00041931749999999995
60.1	0.0004182415
60.2	0.0004016996
60.3	0.00042469230000000005
60.4	0.00041584079999999995
60.5	0.00040501439999999996
60.6	0.00046747210000000006
60.7	0.00037717329999999996
60.8	0.00042429760000000006
60.9	0.000403705
61.0	0.00035840840000000003
61.1	0.00037166699999999995
61.2	0.00039896549999999994
61.3	0.0004575513
61.4	0.00043095749999999994
61.5	0.00044237279999999996
61.6	0.0004242433
61.7	0.00037325449999999995
61.8	0.00044492079999999996
61.9	0.0004001894
62.0	0.00043750919999999995
62.1	0.0004953289
62.2	0.0004280687
62.3	0.00040722130000000003
62.4	0.00038464649999999994
62.5	0.0004265896
62.6	0.00044584229999999994
62.7	0.0004413429
62.8	0.00042264009999999993
62.9	0.0004282005
63.0	0.0003914538
63.1	0.00041148019999999994
63.2	0.0003943964
63.3	0.00035791259999999993
63.4	0.00045133310000000003
63.5	0.0004450447
63.6	0.00040609060000000005
63.7	0.00038171159999999995
63.8	0.0004080655
63.9	0.00039841590000000004
64.0	0.00038599369999999997
64.1	0.00046061059999999996
64.2	0.00048394469999999995
64.3	0.0004039917
64.4	0.00044354249999999996
64.5	0.0004082666
64.6	0.0004473212
64.7	0.0004149964
64.8	0.00041848940000000005
64.9	0.0004335206
65.0	0.00043133710000000004
65.1	0.00044594290000000004
65.2	0.0004578691999999999
65.3	0.00041941870000000004
65.4	0.00039129830000000004
65.5	0.000458388
65.6	0.00042055729999999995
65.7	0.00048231040000000004
65.8	0.00041220110000000004
65.9	0.0003951553
66.0	0.00029045190000000004
66.1	0.0002807637
66.2	0.00020600779999999997
66.3	0.00046601609999999996
66.4	0.0004062146
66.5	0.00044399930000000004
66.6	0.00043507779999999997
66.7	0.0003997554
66.8	0.0004284406
66.9	0.00043352099999999997
67.0	0.00044859200000000004
67.1	0.00045364099999999996
67.2	0.0004389343
67.3	0.0005058536
67.4	0.0004384228
67.5	0.00042143209999999994
67.6	0.00041107030000000003
67.7	0.00047757079999999997
67.8	0.00046247709999999996
67.9	0.0004497843
68.0	0.00044243460000000006
68.1	0.00040807300000000006
68.2	0.0004441773
68.3	0.0004618422
68.4	0.00044291459999999997
68.5	0.00040994699999999997
68.6	0.0004427833
68.7	0.00048031269999999996
68.8	0.000459147
68.9	0.000434551
69.0	0.0004428456
69.1	0.00038608680000000006
69.2	0.00043403199999999994
69.3	0.0004677513
69.4	0.0004007468
69.5	0.0005203429999999999
69.6	0.0004643354
69.7	0.00047571220000000006
69.8	0.00039315700000000004
69.9	0.0004833641
70.0	0.000400019
70.1	0.0004829301
70.2	0.00046362329999999997
70.3	0.00042854899999999997
70.4	0.00043423339999999993
70.5	0.0004163677
70.6	0.0004571489
70.7	0.0004675264
70.8	0.00047143710000000004
70.9	0.0004591858
71.0	0.000430795
71.1	0.0004213779
71.2	0.0004433484
71.3	0.00044409159999999996
71.4	0.0004933231
71.5	0.00046552820000000006
71.6	0.00047541770000000003
71.7	0.00044116460000000006
71.8	0.0004754722
71.9	0.0005069839999999999
72.0	0.00048773159999999997
72.1	0.00048070739999999995
72.2	0.00046930009999999995
72.3	0.00043960000000000006
72.4	0.00041305300000000003
72.5	0.000377336
72.6	0.0003586796000000001
72.7	0.00030204540000000005
72.8	0.00019205989999999994
72.9	0.0001417215
73.0	0.00017073230000000004
73.1	0.00016433540000000007
73.2	0.00015633520000000003
73.3	0.0002000678
73.4	0.00030618080000000003
73.5	0.0002575155
73.6	0.00036861559999999997
73.7	0.00039666550000000005
73.8	0.00044618319999999997
73.9	0.00046681390000000004
74.0	0.0004306167
74.1	0.0004551279
74.2	0.00045860500000000006
74.3	0.0004379354
74.4	0.0005179637
74.5	0.0004836309
74.6	0.0004051429
74.7	0.0005169282999999999
74.8	0.00045759399999999997
74.9	0.0004299264
75.0	0.00046534250000000005
75.1	0.00046603100000000005
75.2	0.00044938959999999995
75.3	0.00046609239999999996
75.4	0.00042538749999999995
75.5	0.00046784
75.6	0.0004381928
75.7	0.0004992427
75.8	0.00048639150000000003
75.9	0.0004857883
76.0	0.00043085380000000003
76.1	0.00041209460000000004
76.2	0.0004888189000000001
76.3	0.0004275217
76.4	0.00042390230000000003
76.5	0.0004638889
76.6	0.00043768269999999997
76.7	0.0004540987
76.8	0.0004799192
76.9	0.00044858579999999994
77.0	0.00045119930000000005
77.1	0.0004775058
77.2	0.0004471707
77.3	0.00047964039999999996
77.4	0.0004279937
77.5	0.00044021880000000003
77.6	0.00047154479999999996
77.7	0.000459357
77.8	0.0004487321
77.9	0.0004888734
78.0	0.0004570219
78.1	0.000449204
78.2	0.00045470170000000003
78.3	0.0004625124
78.4	0.0005025917
78.5	0.00045768750000000003
78.6	0.000520879
78.7	0.0004132157
78.8	0.0005175855
78.9	0.0004777998
79.0	0.00046192520000000003
79.1	0.00044398490000000006
79.2	0.00046063360000000005
79.3	0.00043557839999999997
79.4	0.00037490759999999994
79.5	0.00033986279999999997
79.6	0.0003986786
79.7	0.00043541669999999996
79.8	0.00039788130000000004
79.9	0.0003795548
80.0	0.0004775913
80.1	0.00046427480000000004
80.2	0.0004695645
80.3	0.0005008743
80.4	0.00044036590000000005
80.5	0.0005157832
80.6	0.000477096
80.7	0.0004456241
80.8	0.0004624042
80.9	0.0004483613
81.0	0.0004349215
81.1	0.00047119640000000003
81.2	0.00044224530000000007
81.3	0.00044420170000000005
81.4	0.0005126667
81.5	0.0004900721
81.6	0.00046487069999999995
81.7	0.0004266091
81.8	0.00038801479999999995
81.9	0.0004924922
82.0	0.0004340554
82.1	0.0004411002
82.2	0.0004480056
82.3	0.0004708324
82.4	0.00045045709999999995
82.5	0.00048055289999999996
82.6	0.0004421361
82.7	0.0004235468
82.8	0.00045216539999999995
82.9	0.0004536041
83.0	0.0004765239
83.1	0.0003807843
83.2	0.0004283336
83.3	0.00048410250000000004
83.4	0.00043062989999999995
83.5	0.00048452729999999994
83.6	0.0004417342
83.7	0.0004376512
83.8	0.0003830189
83.9	0.0004168112
84.0	0.00046088080000000005
84.1	0.0003829342
84.2	0.000455676
84.3	0.00041981980000000004
84.4	0.0004539675
84.5	0.00043817700000000004
84.6	0.0004915719
84.7	0.00040037909999999995
84.8	0.00043554019999999995
84.9	0.00038721839999999997
85.0	0.00044219070000000004
85.1	0.0004346518
85.2	0.0004724333
85.3	0.0004560321
85.4	0.00042818669999999996
85.5	0.0005308700999999999
85.6	0.0003955775
85.7	0.0004044704
85.8	0.00041777830000000005
85.9	0.0004026524
86.0	0.00045313270000000005
86.1	0.0004932420999999999
86.2	0.00044843840000000003
86.3	0.0004157448
86.4	0.0004427241
86.5	0.0004517248
86.6	0.0004527692
86.7	0.0004457715
86.8	0.0004306687
86.9	0.00043381609999999993
87.0	0.00041990479999999997
87.1	0.0004618313
87.2	0.00046671880000000003
87.3	0.00046446050000000004
87.4	0.00044662160000000006
87.5	0.0004707395
87.6	0.0004164484
87.7	0.0004044696
87.8	0.0004476881
87.9	0.00042744429999999996
88.0	0.000433406
88.1	0.0004333206
88.2	0.0004895228
88.3	0.0004726812
88.4	0.00042523260000000004
88.5	0.00043485269999999997
88.6	0.00047246470000000004
88.7	0.00048147289999999997
88.8	0.0004358036
88.9	0.0004394219
89.0	0.00045058030000000006
89.1	0.0004372876
89.2	0.00045323300000000004
89.3	0.00047584360000000003
89.4	0.00045560660000000004
89.5	0.00041639419999999996
89.6	0.00045462509999999993
89.7	0.0004668808
89.8	0.00037932279999999997
89.9	0.00047984970000000004
90.0	0.0004814425
90.1	0.0004975182
90.2	0.0004917103999999999
90.3	0.00045528990000000003
90.4	0.00045893189999999997
90.5	0.00046580659999999997
90.6	0.00045188730000000004
90.7	0.0004563879
90.8	0.0003985856
90.9	0.00048595020000000004
91.0	0.0004625512
91.1	0.00047773
91.2	0.0004798028
91.3	0.0004797249
91.4	0.00042968680000000003
91.5	0.0004471244
91.6	0.00046615490000000007
91.7	0.00044044310000000003
91.8	0.0004705698
91.9	0.0005298341
92.0	0.0004673459
92.1	0.00045545209999999994
92.2	0.0004669889
92.3	0.0004451905
92.4	0.0004743049
92.5	0.00045445490000000006
92.6	0.00047457539999999995
92.7	0.0004592803999999999
92.8	0.0004907296000000001
92.9	0.00048101660000000006
93.0	0.0004862056
93.1	0.00043949960000000003
93.2	0.00048202200000000003
93.3	0.0004535885
93.4	0.0004509438
93.5	0.00047834120000000003
93.6	0.0005064654
93.7	0.00043981670000000007
93.8	0.000490343
93.9	0.00046889180000000004
94.0	0.00044104609999999993
94.1	0.00044408480000000003
94.2	0.0004721476
94.3	0.0004814419
94.4	0.0004648084
94.5	0.00044197439999999995
94.6	0.0004665957
94.7	0.0005200208
94.8	0.0004570531
94.9	0.000500704
95.0	0.0004663556
95.1	0.00041300660000000004
95.2	0.00044097660000000003
95.3	0.0004406053
95.4	0.0004689229
95.5	0.0004665638
95.6	0.00038765129999999997
95.7	0.0004597358
95.8	0.000445052
95.9	0.00042282010000000006
96.0	0.0004652954
96.1	0.0004305149
96.2	0.00047897529999999997
96.3	0.0004727891
96.4	0.0004924922
96.5	0.00047281270000000005
96.6	0.0004519029
96.7	0.0005378293
96.8	0.00045047219999999995
96.9	0.0004702842
97.0	0.00043914419999999994
97.1	0.00044463440000000004
97.2	0.0004663169000000001
97.3	0.0004886961
97.4	0.00041125149999999996
97.5	0.0005010290000000001
97.6	0.0004522042
97.7	0.00042557259999999997
97.8	0.00048155789999999995
97.9	0.00043707960000000004
98.0	0.00045128459999999997
98.1	0.0004418893
98.2	0.0004944259
98.3	0.00043924430000000003
98.4	0.0004369329
98.5	0.0004138736
98.6	0.000430298
98.7	0.0004620792
98.8	0.00047680240000000005
98.9	0.0004453997
99.0	0.000462458
99.1	0.0004498768
99.2	0.00045535949999999997
99.3	0.000468413
99.4	0.0005000941
99.5	0.0003797643
99.6	0.00048284939999999996
99.7	0.00047861210000000004
99.8	0.00044956010000000003
99.9	0.00039584120000000003
100.0	0.00044768889999999994
100.1	0.0004290604
100.2	0.0004893987000000001
100.3	0.0004394303
100.4	0.00047708859999999996
100.5	0.0004297484
100.6	0.000447627
100.7	0.0004863057999999999
100.8	0.0004487012
100.9	0.0004336151
101.0	0.000465226
101.1	0.00047759100000000003
101.2	0.0004277843
101.3	0.00043947669999999997
101.4	0.00043132649999999995
101.5	0.00044942070000000004
101.6	0.0004564806
101.7	0.00046052489999999995
101.8	0.0003953452
101.9	0.00045033299999999997
102.0	0.0005218766000000001
102.1	0.00043397860000000005
102.2	0.00042322230000000006
102.3	0.00045248339999999997
102.4	0.000478759
102.5	0.0004887192
102.6	0.0004474957
102.7	0.0004869717
102.8	0.0004533263
102.9	0.00042851170000000004
103.0	0.00043124090000000003
103.1	0.0004624038
103.2	0.0004337541
103.3	0.00045633350000000007
103.4	0.00044075209999999996
103.5	0.0004761451
103.6	0.0004523052
103.7	0.00044548470000000003
103.8	0.00044653650000000004
103.9	0.0003985385
104.0	0.00046629369999999997
104.1	0.0004465129000000001
104.2	0.0004233615
104.3	0.00042867320000000003
104.4	0.0004692401
104.5	0.00044735590000000006
104.6	0.00041596840000000004
104.7	0.0003948891
104.8	0.0004199507
104.9	0.0004084141
105.0	0.00044628129999999997
105.1	0.00042852689999999996
105.2	0.00041327749999999993
105.3	0.00047965670000000004
105.4	0.00039805180000000007
105.5	0.00039466550000000005
105.6	0.00041380340000000005
105.7	0.0004371874
105.8	0.0004585998000000001
105.9	0.0004324323
106.0	0.00041542730000000005
106.1	0.0004049027
106.2	0.00047209359999999997
106.3	0.0004199741
106.4	0.0004071461
106.5	0.0004238329
106.6	0.0004883087
106.7	0.00040385999999999997
106.8	0.0004502711
106.9	0.0004406824
107.0	0.0004898087
107.1	0.00044977679999999993
107.2	0.00043076080000000003
107.3	0.0005110662
107.4	0.00043677030000000006
107.5	0.00040368199999999993
107.6	0.00041633990000000004
107.7	0.0004402494
107.8	0.0004665021
107.9	0.00046054779999999995
108.0	0.0004585919
108.1	0.00043336000000000004
108.2	0.00044978360000000003
108.3	0.00047153710000000004
108.4	0.00045290820000000004
108.5	0.0004955856
108.6	0.00043422640000000004
108.7	0.00044813670000000004
108.8	0.00045216549999999993
108.9	0.0004811092
109.0	0.00043765130000000005
109.1	0.0004327641
109.2	0.00041500989999999997
109.3	0.00038464339999999997
109.4	0.0004415253
109.5	0.00044914200000000003
109.6	0.00044689260000000005
109.7	0.000501771
109.8	0.0004966372
109.9	0.0004503484
110.0	0.00038353799999999995
110.1	0.00041920099999999996
110.2	0.0004094196
110.3	0.0004264235
110.4	0.00039150229999999995
110.5	0.000492391
110.6	0.0004394533
110.7	0.0004615537
110.8	0.0004286812
110.9	0.0004555992
111.0	0.0004193481
111.1	0.0005395922
111.2	0.0004849142
111.3	0.00046425220000000003
111.4	0.00039114639999999996
111.5	0.00044938960000000006
111.6	0.00045981310000000003
111.7	0.00042084820000000005
111.8	0.0004765858
111.9	0.00048198359999999994
112.0	0.00045708390000000004
112.1	0.0004326635
112.2	0.000371366
112.3	0.00046599170000000004
112.4	0.0004176389
112.5	0.0004280712
112.6	0.0004590554
112.7	0.0004536583
112.8	0.0004587075
112.9	0.00040499640000000005
113.0	0.0004511914
113.1	0.0005032721
113.2	0.0004531326
113.3	0.0004788749
113.4	0.0004606722
113.5	0.00042803199999999996
113.6	0.00047016060000000005
113.7	0.00042222479999999996
113.8	0.0004566433
113.9	0.0004982378
114.0	0.0004291142
114.1	0.00043153429999999996
114.2	0.00045117589999999993
114.3	0.000441665
114.4	0.00043008140000000005
114.5	0.00042797010000000004
114.6	0.00035029459999999995
114.7	0.0004171288
114.8	0.0005002712999999999
114.9	0.0004537973
115.0	0.00043156609999999996
115.1	0.0003845424
115.2	0.00039137109999999993
115.3	0.00042580479999999995
115.4	0.0004416035
115.5	0.0004780242
115.6	0.00043964619999999993
115.7	0.0004527542
115.8	0.0004476503
115.9	0.00045713059999999997
116.0	0.0004526225
116.1	0.000425727
116.2	0.0004588234
116.3	0.0004489413
116.4	0.000392453
116.5	0.00041140689999999994
116.6	0.0003993582
116.7	0.0004298334
116.8	0.00041192499999999994
116.9	0.00039264639999999994
117.0	0.0003932274
117.1	0.00041924709999999996
117.2	0.0003918819
117.3	0.0003786735
117.4	0.00043360699999999997
117.5	0.0004335065
117.6	0.000425024
117.7	0.00039785900000000003
117.8	0.00045488
117.9	0.0004272434
118.0	0.00042708080000000004
118.1	0.000453705
118.2	0.00043413290000000003
118.3	0.0003940849
118.4	0.00040144679999999997
118.5	0.0004989802
118.6	0.0003913089
118.7	0.00042007470000000007
118.8	0.0004397777
118.9	0.0004380225
119.0	0.0004372958
119.1	0.00043738049999999997
119.2	0.0004122186
119.3	0.00042181449999999996
119.4	0.0003825092
119.5	0.00038542469999999996
119.6	0.000391007
119.7	0.00042887500000000006
119.8	0.0004387963
119.9	0.0004381236
120.0	0.0004940234
120.1	0.00043782970000000006
120.2	0.00039372939999999997
120.3	0.0004119089
120.4	0.00039436289999999997
120.5	0.0004033261999999999
120.6	0.00045405280000000004
120.7	0.00047330649999999995
120.8	0.00038605059999999997
120.9	0.00035572300000000006
121.0	0.0004247686
121.1	0.0003966293
121.2	0.00040410749999999997
121.3	0.00046573709999999996
121.4	0.0004477893
121.5	0.0004082279
121.6	0.00045941099999999996
121.7	0.0003878829
121.8	0.00040152400000000005
121.9	0.0004248458
122.0	0.00041201
122.1	0.0004162781
122.2	0.0004382542
122.3	0.00035893239999999993
122.4	0.0004160927
122.5	0.00040897059999999997
122.6	0.00040080519999999997
122.7	0.0004423221
122.8	0.00043394729999999995
122.9	0.00040346530000000003
123.0	0.00043155859999999995
123.1	0.00043498399999999997
123.2	0.0003507816
123.3	0.0004453685
123.4	0.0004089327
123.5	0.00038988630000000004
123.6	0.0004403811
123.7	0.00043789879999999993
123.8	0.00043742680000000004
123.9	0.0004437372
124.0	0.0004280627
124.1	0.0004216992
124.2	0.00033809270000000004
124.3	0.0004003025
124.4	0.0004111052
124.5	0.0003847135000000001
124.6	0.00043242430000000004
124.7	0.00042820239999999995
124.8	0.00037084829999999995
124.9	0.00042491510000000003
125.0	0.0004068756
125.1	0.00039545380000000004
125.2	0.00043884310000000005
125.3	0.00041575970000000005
125.4	0.0004026989
125.5	0.00036360959999999997
125.6	0.0004059082
125.7	0.0004140281
125.8	0.0004244366
125.9	0.00047906099999999997
126.0	0.00038915879999999996
126.1	0.00034298689999999997
126.2	0.00036522689999999994
126.3	0.0004442167
126.4	0.00039836870000000004
126.5	0.0004075166
126.6	0.0004227735
126.7	0.0003934818
126.8	0.0003868084
126.9	0.0004399943
127.0	0.0004138263
127.1	0.0004204304
127.2	0.0004238104
127.3	0.00031661030000000004
127.4	0.00039502860000000006
127.5	0.00036668739999999995
127.6	0.0004168429
127.7	0.0004455085
127.8	0.0004175854
127.9	0.00039964480000000005
128.0	0.00040039440000000007
128.1	0.00043243219999999997
128.2	0.00039815980000000004
128.3	0.0004377058
128.4	0.0003943792
128.5	0.00040674390000000003
128.6	0.0003928009
128.7	0.00039150219999999997
128.8	0.00048737309999999996
128.9	0.0004852237
129.0	0.00039750309999999993
129.1	0.0003996679
129.2	0.00041657950000000005
129.3	0.00036378820000000005
129.4	0.0003973251
129.5	0.00030147720000000004
129.6	0.0003812252
129.7	0.000406318
129.8	0.0003672756
129.9	0.000398354
130.0	0.00041231089999999997
130.1	0.00036651789999999994
130.2	0.0004345042
130.3	0.0003945873
130.4	0.00039938170000000005
130.5	0.0004298571
130.6	0.00039189640000000006
130.7	0.0004434045
130.8	0.00036224209999999996
130.9	0.00041183930000000005
131.0	0.00038867180000000005
131.1	0.00041713579999999996
131.2	0.0004081349
131.3	0.00038101650000000003
131.4	0.0004147855
131.5	0.00043275679999999996
131.6	0.0003593412
131.7	0.0003754955
131.8	0.00038322849999999995
131.9	0.00038193689999999997
132.0	0.0004398248
132.1	0.0004000541
132.2	0.0003780861
132.3	0.00039669910000000007
132.4	0.0004216373
132.5	0.0004654198
132.6	0.0004248385
132.7	0.00043270220000000005
132.8	0.0003870246
132.9	0.0004466138
133.0	0.00040931050000000003
133.1	0.0003925236
133.2	0.0004258198
133.3	0.000412992
133.4	0.0003848987000000001
133.5	0.00042228620000000003
133.6	0.00041389599999999997
133.7	0.00047486120000000005
133.8	0.0003712586
133.9	0.0004556845
134.0	0.00043214580000000005
134.1	0.0003466064
134.2	0.00037203089999999996
134.3	0.0004139039
134.4	0.00035237379999999996
134.5	0.0004162012
134.6	0.0004035425
134.7	0.0004162705
134.8	0.00039122410000000005
134.9	0.00037333799999999997
135.0	0.00041569059999999996
135.1	0.0004219537
135.2	0.0004235157
135.3	0.0004451749
135.4	0.00042132039999999996
135.5	0.000429238
135.6	0.0003851234
135.7	0.0003830885
135.8	0.00040347209999999997
135.9	0.0004085916
136.0	0.0004298333
136.1	0.0004703693
136.2	0.0003775369
136.3	0.00034945890000000006
136.4	0.0004121254
136.5	0.00039309489999999996
136.6	0.0004314419
136.7	0.0004301968
136.8	0.00043259419999999997
136.9	0.00041132960000000003
137.0	0.0003937373
137.1	0.0004223944
137.2	0.0003982148
137.3	0.0004408139
137.4	0.00037948509999999997
137.5	0.0003582744
137.6	0.0004664016
137.7	0.0003602389
137.8	0.0003895847
137.9	0.00037940130000000007
138.0	0.00044846990000000004
138.1	0.00039367500000000007
138.2	0.0003703688000000001
138.3	0.00038289570000000003
138.4	0.00029925859999999993
138.5	0.00035426079999999996
138.6	0.0003090098
138.7	0.00027670190000000006
138.8	0.0002958788
138.9	0.0002930876
139.0	0.0002579578
139.1	0.00027905240000000004
139.2	0.0003670047
139.3	0.00041560580000000005
139.4	0.00023953770000000008
139.5	0.0004123109
139.6	0.00044832220000000004
139.7	0.00039121599999999995
139.8	0.00040731559999999993
139.9	0.000421181
140.0	0.00036845850000000006
140.1	0.0003666957
140.2	0.0004413791
140.3	0.00048428779999999997
140.4	0.00044714730000000005
140.5	0.00046231949999999994
140.6	0.00042882909999999996
140.7	0.00043643769999999994
140.8	0.0003861742
140.9	0.00040930350000000003
141.0	0.00039156399999999995
141.1	0.00036314649999999996
141.2	0.00044094500000000004
141.3	0.00033175100000000003
141.4	0.0004078103
141.5	0.00039314980000000003
141.6	0.00045054240000000004
141.7	0.00043534770000000007
141.8	0.00046423689999999996
141.9	0.0003932421
142.0	0.0004348514
142.1	0.0003724719
142.2	0.00045280010000000004
142.3	0.0004284344
142.4	0.00045365900000000003
142.5	0.00042322199999999995
142.6	0.0003898243
142.7	0.00041122880000000003
142.8	0.0004074392
142.9	0.0003847669
143.0	0.00041716780000000003
143.1	0.0003688064
143.2	0.0004206243
143.3	0.00044385289999999993
143.4	0.0003351618
143.5	0.0003946882
143.6	0.00040214980000000003
143.7	0.0003664101
143.8	0.00045136910000000006
143.9	0.00039471950000000003
144.0	0.00037158279999999997
144.1	0.000376864
144.2	0.0003534111
144.3	0.00033282609999999997
144.4	0.0003430487
144.5	0.00035641869999999997
144.6	0.00037192320000000004
144.7	0.0003356256
144.8	0.0003747294
144.9	0.0003224870999999999
145.0	0.0003380992
145.1	0.0003280628
145.2	0.00028958429999999995
145.3	0.0001839856
145.4	0.0002835843
145.5	0.00027106440000000003
145.6	0.0001916639
145.7	0.00017341509999999993
145.8	0.0001328258
145.9	0.00016932490000000008
146.0	0.00018653749999999992
146.1	0.00019285569999999994
146.2	0.00027894369999999994
146.3	0.00017211540000000006
146.4	0.00014815960000000002
146.5	0.0003475724
146.6	0.0002987323
146.7	0.0003348607
146.8	0.0003474798000000001
146.9	0.00033597369999999996
147.0	0.00035552930000000004
147.1	0.00033073050000000006
147.2	0.0004227812
147.3	0.0003845589
147.4	0.00034006369999999995
147.5	0.0004063491
147.6	0.0003633547
147.7	0.000422403
147.8	0.00038635260000000006
147.9	0.00044008659999999995
148.0	0.0003809083
148.1	0.0004064729
148.2	0.00040570019999999995
148.3	0.0004247068
148.4	0.0003707471
148.5	0.00033014319999999993
148.6	0.00040232800000000003
148.7	0.0004329729
148.8	0.00039180409999999997
148.9	0.0003768948
149.0	0.0003847822
149.1	0.00040890839999999996
149.2	0.00037439740000000003
149.3	0.00036452239999999996
149.4	0.00045654309999999994
149.5	0.0003916181000000001
149.6	0.00038414090000000003
149.7	0.0004099145999999999
149.8	0.00045163209999999997
149.9	0.00039515240000000004
150.0	0.00038781400000000005
150.1	0.0003680174
150.2	0.0003877672
150.3	0.0004108189
150.4	0.0004048568
150.5	0.00044365240000000003
150.6	0.0004988411
150.7	0.00043769040000000005
150.8	0.00031143650000000007
150.9	0.00041171620000000003
151.0	0.00043411000000000003
151.1	0.00042875100000000006
151.2	0.0004131691
151.3	0.0004294545
151.4	0.0003668268
151.5	0.000412419
151.6	0.0003814726
151.7	0.0003853394
151.8	0.00038762069999999995
151.9	0.00036428290000000004
152.0	0.000344928
152.1	0.00030118349999999996
152.2	0.000304184
152.3	0.0002826561
152.4	0.0003383704
152.5	0.0004315664
152.6	0.0003306919
152.7	0.0003228893
152.8	0.00035849129999999995
152.9	0.00037746730000000003
153.0	0.0003209176000000001
153.1	0.00039279360000000005
153.2	0.00033598920000000004
153.3	0.00048674710000000003
153.4	0.00038195969999999993
153.5	0.0003866151
153.6	0.00041252009999999997
153.7	0.000404385
153.8	0.0003623497
153.9	0.0004364606
154.0	0.0003785581
154.1	0.0003644068
154.2	0.0003862053
154.3	0.00040934900000000004
154.4	0.0003965055000000001
154.5	0.00042276610000000007
154.6	0.0003818207
154.7	0.00039843109999999996
154.8	0.0003687837
154.9	0.00032398020000000004
155.0	0.00043158140000000003
155.1	0.00044826100000000004
155.2	0.00039223720000000005
155.3	0.00043093179999999996
155.4	0.00039528400000000003
155.5	0.00043332170000000004
155.6	0.0004068596
155.7	0.0004014624
155.8	0.00044968359999999997
155.9	0.0004071609
156.0	0.0004179097
156.1	0.00042541089999999996
156.2	0.0004421756
156.3	0.0003758435
156.4	0.00042917629999999997
156.5	0.0004094425
156.6	0.0003928786
156.7	0.00043367659999999996
156.8	0.00042512420000000005
156.9	0.0003687292999999999
157.0	0.0004264933
157.1	0.00035982120000000004
157.2	0.00042600579999999997
157.3	0.00038766610000000003
157.4	0.00038816149999999994
157.5	0.00040584640000000005
157.6	0.0004084599
157.7	0.0003908755
157.8	0.000375325
157.9	0.0003277451
158.0	0.0004150559
158.1	0.00034913389999999993
158.2	0.00038222289999999997
158.3	0.0004554211
158.4	0.0003594971
158.5	0.00039034260000000005
158.6	0.0004350304
158.7	0.00035394470000000005
158.8	0.00043905100000000004
158.9	0.00040563790000000007
159.0	0.00043438860000000006
159.1	0.00037682579999999996
159.2	0.00041644809999999996
159.3	0.0003842645
159.4	0.00034219809999999997
159.5	0.0003939225
159.6	0.00042898350000000003
159.7	0.0003984388
159.8	0.00040655
159.9	0.0003828804
160.0	0.00036018450000000005
160.1	0.0004070459
160.2	0.00033890389999999997
160.3	0.00038827040000000005
160.4	0.00040688249999999997
160.5	0.0004187682
160.6	0.00042684069999999997
160.7	0.0004043159
160.8	0.00035904009999999996
160.9	0.00036792509999999994
161.0	0.0003988873
161.1	0.0004130222
161.2	0.0004084135
161.3	0.00037620670000000004
161.4	0.00039910300000000004
161.5	0.00037500889999999995
161.6	0.00038384670000000005
161.7	0.0004036737
161.8	0.0003770421
161.9	0.0004183815
162.0	0.0003906986
162.1	0.0004084986
162.2	0.00035634199999999994
162.3	0.0004293772
162.4	0.00040653499999999997
162.5	0.0004208094
162.6	0.0003612670000000001
162.7	0.0004055064
162.8	0.00040464019999999996
162.9	0.00036522649999999997
163.0	0.0004036807
163.1	0.0003868861
163.2	0.0004268716
163.3	0.0003869715
163.4	0.00040641859999999996
163.5	0.0004005963000000001
163.6	0.0003486004
163.7	0.00035633420000000005
163.8	0.00042665619999999994
163.9	0.00042876690000000006
164.0	0.00036076420000000003
164.1	0.00037463730000000003
164.2	0.0003455696
164.3	0.00033430280000000003
164.4	0.00037044599999999997
164.5	0.00040410740000000004
164.6	0.0004149399
164.7	0.0003657757
164.8	0.0004087545
164.9	0.0004171906
165.0	0.00037571990000000003
165.1	0.00041036269999999997
165.2	0.0004198044
165.3	0.0004211496
165.4	0.0004397931
165.5	0.000378055
165.6	0.00033916740000000006
165.7	0.0003992423
165.8	0.00036734579999999993
165.9	0.00039317279999999996
166.0	0.00043072259999999996
166.1	0.0004186756
166.2	0.0003939998
166.3	0.00047643839999999995
166.4	0.000419085
166.5	0.00037398719999999996
166.6	0.00038178239999999997
166.7	0.0004334381
166.8	0.0003491808
166.9	0.00038166640000000004
167.0	0.0003926928
167.1	0.0004156365
167.2	0.00037813239999999996
167.3	0.00033721810000000006
167.4	0.00036946390000000003
167.5	0.00037322200000000004
167.6	0.00040570710000000003
167.7	0.00036366430000000003
167.8	0.000427537
167.9	0.00037278880000000004
168.0	0.00035789540000000003
168.1	0.00036641749999999997
168.2	0.0003917576
168.3	0.00039709299999999995
168.4	0.0003782633
168.5	0.00039373699999999996
168.6	0.00040579319999999996
168.7	0.000339724
168.8	0.0003760826
168.9	0.00036231120000000005
169.0	0.0003931652
169.1	0.00039379130000000005
169.2	0.00040926450000000007
169.3	0.0003824087
169.4	0.0003978115
169.5	0.00041784060000000004
169.6	0.0004967995
169.7	0.00038540940000000005
169.8	0.00037184569999999996
169.9	0.00036275159999999996
170.0	0.00039391539999999997
170.1	0.00038937600000000003
170.2	0.0003796555
170.3	0.0003748771
170.4	0.0003959635
170.5	0.0003880301
170.6	0.0003934739
170.7	0.0003855089
170.8	0.00044439390000000005
170.9	0.00041309969999999996
171.0	0.0003749769
171.1	0.0004168807
171.2	0.0003448660999999999
171.3	0.0004280473
171.4	0.00039638119999999997
171.5	0.0004430338
171.6	0.00043669999999999994
171.7	0.00039689220000000005
171.8	0.00040402989999999996
171.9	0.0004220083
172.0	0.0003924999
172.1	0.0003742658
172.2	0.0004075244
172.3	0.0004326798
172.4	0.00040914900000000004
172.5	0.00039305700000000004
172.6	0.000391765
172.7	0.0004233844
172.8	0.0003539512999999999
172.9	0.000386322
173.0	0.00035900879999999996
173.1	0.0003841025
173.2	0.0003598135
173.3	0.00039209069999999996
173.4	0.00039221389999999996
173.5	0.0004070451
173.6	0.00043680090000000003
173.7	0.00038400960000000003
173.8	0.0003443088
173.9	0.00043046790000000006
174.0	0.00037099490000000007
174.1	0.00045600900000000006
174.2	0.0003660465
174.3	0.00045134649999999994
174.4	0.00036685740000000003
174.5	0.00037303659999999997
174.6	0.0004284808
174.7	0.0003000075
174.8	0.00041629380000000004
174.9	0.00037729690000000004
175.0	0.0003714592
175.1	0.0004094814
175.2	0.0003992426
175.3	0.0003749462
175.4	0.00039507560000000004
175.5	0.00039872469999999995
175.6	0.00039894880000000005
175.7	0.0003829032
175.8	0.00044144830000000004
175.9	0.0003909684
176.0	0.00044482040000000004
176.1	0.0003830195000000001
176.2	0.0004024596
176.3	0.00033295000000000004
176.4	0.0004532174
176.5	0.00040453999999999995
176.6	0.0003957008
176.7	0.0003487869000000001
176.8	0.0004015087
176.9	0.0003856328
177.0	0.0003718379
177.1	0.0004167036
177.2	0.00042832559999999995
177.3	0.00042575020000000004
177.4	0.00039280909999999997
177.5	0.0003514311
177.6	0.000322356
177.7	0.0004426544
177.8	0.0003972709
177.9	0.0003539294
178.0	0.0004106491
178.1	0.00041346370000000006
178.2	0.0004205008
178.3	0.00037515470000000007
178.4	0.00040589339999999997
178.5	0.0004099763
178.6	0.0003482069000000001
178.7	0.000402406
178.8	0.0004254031
178.9	0.00034967540000000006
179.0	0.00033806189999999994
179.1	0.00038004250000000004
179.2	0.00035295479999999994
179.3	0.0003821763
179.4	0.00035874590000000003
179.5	0.00042214680000000004
179.6	0.0003693865
179.7	0.00034200450000000004
179.8	0.00038969259999999996
179.9	0.00036697400000000005
180.0	0.00047036839999999995
180.1	0.0003696494
180.2	0.00039762649999999994
180.3	0.00036250450000000005
180.4	0.0003641977
180.5	0.00038552489999999997
180.6	0.00044188159999999997
180.7	0.00041548930000000005
180.8	0.00042144400000000004
180.9	0.0004165019
181.0	0.0003605254
181.1	0.0003743584
181.2	0.00042534139999999995
181.3	0.00041449139999999993
181.4	0.00036456889999999994
181.5	0.00033511520000000005
181.6	0.0004159538
181.7	0.00041282909999999995
181.8	0.0003791527
181.9	0.0004137188
182.0	0.00034917309999999997
182.1	0.0003925931
182.2	0.0004515473
182.3	0.0004468765
182.4	0.00041845840000000005
182.5	0.000404068
182.6	0.00037446
182.7	0.00038459710000000007
182.8	0.0004275676
182.9	0.00038429489999999996
183.0	0.000368335
183.1	0.0003619789
183.2	0.0004209483
183.3	0.00041760070000000004
183.4	0.000351331
183.5	0.0003738795
183.6	0.0003346741
183.7	0.00037617640000000007
183.8	0.00040150130000000007
183.9	0.0003960267
184.0	0.0003911154
184.1	0.00038691649999999996
184.2	0.00043066839999999996
184.3	0.0004109894
184.4	0.000426594
184.5	0.0004057921
184.6	0.00044479660000000006
184.7	0.0003806453
184.8	0.000387072
184.9	0.00040331789999999997
185.0	0.0003532097000000001
185.1	0.0004260446
185.2	0.0003986008000000001
185.3	0.0003789441
185.4	0.00042292050000000003
185.5	0.00036147610000000004
185.6	0.00037760669999999997
185.7	0.00039870190000000004
185.8	0.0004364765
185.9	0.0004242197
186.0	0.00038207530000000005
186.1	0.00044429420000000004
186.2	0.0004134865
186.3	0.0003866149
186.4	0.00038189009999999994
186.5	0.00040152309999999996
186.6	0.0003856879
186.7	0.00041374109999999995
186.8	0.00039192809999999997
186.9	0.00033906630000000006
187.0	0.0004329884
187.1	0.00041167730000000004
187.2	0.0003898402
187.3	0.00040443149999999997
187.4	0.0004202062
187.5	0.00039726329999999996
187.6	0.00039252279999999997
187.7	0.00034200509999999997
187.8	0.00040133099999999994
187.9	0.00040102199999999996
188.0	0.00039963689999999996
188.1	0.00042623050000000005
188.2	0.0003560010999999999
188.3	0.0003778852
188.4	0.00039016470000000005
188.5	0.0003948891
188.6	0.00037244860000000004
188.7	0.00037926200000000006
188.8	0.0003816118
188.9	0.0003930335
189.0	0.0003574162
189.1	0.00037585189999999994
189.2	0.0004272126
189.3	0.00040248300000000003
189.4	0.00036899999999999997
189.5	0.0003815114
189.6	0.00036126699999999997
189.7	0.0003690922
189.8	0.0003672604
189.9	0.00036724419999999993
190.0	0.00033195239999999997
190.1	0.00043523910000000006
190.2	0.0004144612
190.3	0.0003393449
190.4	0.00043387839999999993
190.5	0.0003908522
190.6	0.00041676549999999994
190.7	0.0004232143
190.8	0.00037090990000000003
190.9	0.0004473633
191.0	0.00040496519999999993
191.1	0.00034400739999999993
191.2	0.00044147949999999995
191.3	0.0003962265
191.4	0.0003424305
191.5	0.00041381910000000004
191.6	0.0004012145
191.7	0.00039768899999999995
191.8	0.0003943478
191.9	0.0004062332999999999
192.0	0.0003748462
192.1	0.0003903576
192.2	0.0003349445
192.3	0.00037957130000000004
192.4	0.0004073627
192.5	0.00035524279999999997
192.6	0.00038419480000000003
192.7	0.0003673991
192.8	0.00031722870000000004
192.9	0.00037838730000000004
193.0	0.00041197909999999996
193.1	0.00042804759999999996
193.2	0.0003852921
193.3	0.00036899290000000004
193.4	0.00040932630000000005
193.5	0.00035050319999999996
193.6	0.0003977744
193.7	0.00038748859999999995
193.8	0.00040082070000000005
193.9	0.00039096899999999996
194.0	0.00039081380000000006
194.1	0.0004175152
194.2	0.0003777992
194.3	0.0004246143
194.4	0.00039556199999999996
194.5	0.0003602314
194.6	0.00037715789999999996
194.7	0.0003716915
194.8	0.0003995365
194.9	0.00038109380000000005
195.0	0.00040429980000000006
195.1	0.0003912472
195.2	0.0003450207
195.3	0.0003556141
195.4	0.0003454230000000001
195.5	0.00040093629999999995
195.6	0.0003814033
195.7	0.00039933499999999996
195.8	0.00036054729999999996
195.9	0.00041114360000000003
196.0	0.00037298260000000004
196.1	0.0003915484
196.2	0.00038915950000000004
196.3	0.0003590629
196.4	0.00038967719999999996
196.5	0.0003813646
196.6	0.0004181882
196.7	0.0004246061
196.8	0.0003378910999999999
196.9	0.0003848829
197.0	0.00043251700000000005
197.1	0.00033867200000000004
197.2	0.00038347559999999997
197.3	0.00040627170000000006
197.4	0.0004046634
197.5	0.00039355900000000003
197.6	0.0003992345
197.7	0.00037829490000000003
197.8	0.00038695520000000004
197.9	0.0003711722
198.0	0.00036793279999999996
198.1	0.0003772502
198.2	0.00039158739999999996
198.3	0.00036296049999999996
198.4	0.00046575180000000004
198.5	0.00037372480000000003
198.6	0.0003773673
198.7	0.0003695338
198.8	0.00038888050000000004
198.9	0.00039243
199.0	0.0003919037
199.1	0.0003771961
199.2	0.0003959338
199.3	0.0003800037
199.4	0.0003657673
199.5	0.0003916808
199.6	0.00043011190000000004
199.7	0.0003751009
199.8	0.0003913634
199.9	0.0004067204
200.0	0.00037418090000000003
200.1	0.0004187913
200.2	0.00033213830000000005
200.3	0.00039676800000000003
200.4	0.00039243750000000005
200.5	0.0004103083
200.6	0.0003708947
200.7	0.000385757
200.8	0.00040813560000000005
200.9	0.0003503797
201.0	0.000425658
201.1	0.00043891929999999996
201.2	0.00040164800000000005
201.3	0.00040480269999999997
201.4	0.00040537550000000004
201.5	0.0003506888
201.6	0.0004438453999999999
201.7	0.00045522019999999996
201.8	0.0004025527999999999
201.9	0.0004159071
202.0	0.0003916798
202.1	0.0004085532
202.2	0.0003405512999999999
202.3	0.00033733389999999997
202.4	0.0004033876
202.5	0.0003588696
202.6	0.00039060580000000003
202.7	0.00039089149999999994
202.8	0.0003944948
202.9	0.00037863459999999997
203.0	0.00034368250000000006
203.1	0.00037658580000000003
203.2	0.0003510829
203.3	0.00037066249999999996
203.4	0.0003784798
203.5	0.0003916877
203.6	0.000370949
203.7	0.000360703
203.8	0.00041525759999999997
203.9	0.0003424455
204.0	0.0004087078
204.1	0.00033796859999999995
204.2	0.00038502990000000004
204.3	0.00041756210000000005
204.4	0.00035498040000000005
204.5	0.0003956621
204.6	0.00036234990000000007
204.7	0.0003734847
204.8	0.0004046948
204.9	0.000404927
205.0	0.00035578469999999996
205.1	0.0004052899
205.2	0.0004134095
205.3	0.00040758640000000007
205.4	0.00036536559999999997
205.5	0.0004044164
205.6	0.0003417337
205.7	0.0003741265
205.8	0.0003895773
205.9	0.0003489407
206.0	0.0004091868
206.1	0.0004448662
206.2	0.0003363748
206.3	0.0003941314
206.4	0.00038404819999999997
206.5	0.00041555110000000004
206.6	0.00043237749999999996
206.7	0.00036774720000000004
206.8	0.00039372180000000004
206.9	0.00038848670000000003
207.0	0.0003525215
207.1	0.00034797469999999994
207.2	0.0003278462
207.3	0.00041714400000000004
207.4	0.00038030500000000005
207.5	0.00039242210000000005
207.6	0.0003699512
207.7	0.0003604861
207.8	0.0003952295
207.9	0.00042998099999999996
208.0	0.0003854247
208.1	0.0003738095
208.2	0.00036149090000000005
208.3	0.0003879532
208.4	0.0003825243
208.5	0.00039807460000000004
208.6	0.00042605230000000005
208.7	0.0004304139
208.8	0.0003355487
208.9	0.0003954381
209.0	0.00041736070000000005
209.1	0.00038513099999999993
209.2	0.0004303592
209.3	0.00039750360000000005
209.4	0.0003729508
209.5	0.0003963739
209.6	0.00034315730000000007
209.7	0.0004442866999999999
209.8	0.0003687676
209.9	0.000375952
210.0	0.00037437420000000003
210.1	0.0003453919
210.2	0.0003771967
210.3	0.00036398949999999995
210.4	0.0004353938
210.5	0.00039961400000000007
210.6	0.0004004026
210.7	0.0003934356
210.8	0.0003912395
210.9	0.00039789729999999997
211.0	0.00037310589999999997
211.1	0.00044513669999999997
211.2	0.00039116979999999997
211.3	0.000407014
211.4	0.0003232915
211.5	0.00040957339999999996
211.6	0.0003787437
211.7	0.0003953461
211.8	0.0004440458
211.9	0.0004163017
212.0	0.00039911870000000003
212.1	0.0003498617
212.2	0.0003941319
212.3	0.00033008860000000007
212.4	0.00037092589999999996
212.5	0.00043164349999999995
212.6	0.00040375890000000003
212.7	0.00035208820000000004
212.8	0.00035221239999999994
212.9	0.0004034182
213.0	0.00041200169999999997
213.1	0.0003742896
213.2	0.00043423349999999997
213.3	0.00038549380000000005
213.4	0.00032711959999999994
213.5	0.00034298680000000004
213.6	0.00036980419999999996
213.7	0.00035880069999999996
213.8	0.00033711769999999997
213.9	0.0003534025
214.0	0.00037681020000000006
214.1	0.00039399180000000006
214.2	0.00043065309999999995
214.3	0.00039848509999999994
214.4	0.00041470799999999996
214.5	0.0004342103
214.6	0.0004130614
214.7	0.0004173524
214.8	0.0003997537
214.9	0.00044374510000000004
215.0	0.0003533566
215.1	0.0004262535
215.2	0.0004377134
215.3	0.0003717604
215.4	0.0004298182
215.5	0.0003984307
215.6	0.0003880609
215.7	0.00038102370000000005
215.8	0.00041599150000000006
215.9	0.00042007470000000007
216.0	0.00037009049999999996
216.1	0.00038881120000000004
216.2	0.00043282589999999994
216.3	0.0003856257
216.4	0.00040248289999999994
216.5	0.0004178013
216.6	0.00041331639999999997
216.7	0.0003884483
216.8	0.0003830045
216.9	0.00039532269999999995
217.0	0.00044673760000000004
217.1	0.00042363160000000004
217.2	0.00042736630000000004
217.3	0.0003846363
217.4	0.0003728506
217.5	0.0003729437
217.6	0.0003947663
217.7	0.0003365378
217.8	0.00033804639999999997
217.9	0.0003754176
218.0	0.00039539259999999993
218.1	0.0003673452
218.2	0.00044802049999999994
218.3	0.00038575710000000006
218.4	0.0003189156
218.5	0.00039468089999999994
218.6	0.00034029570000000003
218.7	0.00039727820000000005
218.8	0.00035713809999999993
218.9	0.0003823464
219.0	0.00037315969999999994
219.1	0.00037650849999999996
219.2	0.00038428020000000004
219.3	0.0003563336
219.4	0.0004055219
219.5	0.0004093568
219.6	0.0004085761
219.7	0.00041275919999999997
219.8	0.00037200789999999997
219.9	0.00035075050000000005
220.0	0.0004291375
220.1	0.0004342177
220.2	0.00044796679999999995
220.3	0.0004204926
220.4	0.0003715906
220.5	0.0004345193
220.6	0.00042721210000000004
220.7	0.0003659066
220.8	0.00045331799999999997
220.9	0.00041988189999999997
221.0	0.0003896617
221.1	0.00039143209999999997
221.2	0.00042922280000000005
221.3	0.0003572071
221.4	0.00043158149999999995
221.5	0.00043509969999999996
221.6	0.00039137020000000006
221.7	0.00039269349999999996
221.8	0.000421792
221.9	0.00039703849999999996
222.0	0.0003962892
222.1	0.00039274
222.2	0.0003847671
222.3	0.00041935610000000005
222.4	0.00040856070000000005
222.5	0.00038679279999999995
222.6	0.00040946529999999996
222.7	0.00042443609999999997
222.8	0.0003890205
222.9	0.00040906300000000004
223.0	0.0003933042
223.1	0.00037848790000000003
223.2	0.00043406360000000004
223.3	0.0004402032
223.4	0.00041764680000000003
223.5	0.0004283717
223.6	0.00032775359999999995
223.7	0.0003798567
223.8	0.00040376690000000005
223.9	0.0004246836
224.0	0.00038196
224.1	0.0004240411
224.2	0.00045958910000000003
224.3	0.0004215594
224.4	0.00040767190000000006
224.5	0.0004225179
224.6	0.0003638424
224.7	0.0004048493
224.8	0.00040188800000000004
224.9	0.0004142519
225.0	0.0004119010999999999
225.1	0.0004526224
225.2	0.0003981364
225.3	0.0004296789
225.4	0.000415249
225.5	0.00034981460000000004
225.6	0.00041092720000000007
225.7	0.00040147759999999995
225.8	0.00041903899999999996
225.9	0.00042865849999999995
226.0	0.0003841093
226.1	0.00041741489999999994
226.2	0.0004481841
226.3	0.0004181877
226.4	0.0003971093
226.5	0.0004219081
226.6	0.00046411269999999994
226.7	0.00043646840000000005
226.8	0.00038854049999999994
226.9	0.00033976259999999995
227.0	0.0004096981
227.1	0.0003965674
227.2	0.0004371796
227.3	0.0004134016
227.4	0.00043701019999999995
227.5	0.0004423612
227.6	0.00041132899999999994
227.7	0.0004389038
227.8	0.00044007179999999994
227.9	0.00038220020000000003
228.0	0.00037611369999999994
228.1	0.0003855484
228.2	0.0004155979
228.3	0.0004443017
228.4	0.00042854230000000007
228.5	0.00040960400000000004
228.6	0.0004412238
228.7	0.0004341095
228.8	0.00041449990000000007
228.9	0.00041989679999999995
229.0	0.0004366232
229.1	0.00042842639999999995
229.2	0.0004259595
229.3	0.00036698210000000005
229.4	0.00037933119999999996
229.5	0.00042114149999999994
229.6	0.0004113136999999999
229.7	0.00039221359999999997
229.8	0.00037868130000000006
229.9	0.00040639589999999997
230.0	0.00036669519999999996
230.1	0.00043100129999999997
230.2	0.00039866300000000006
230.3	0.0003558932
230.4	0.0003781167
230.5	0.00041996740000000007
230.6	0.0003907052
230.7	0.00038469810000000003
230.8	0.0004321386
230.9	0.00041342439999999994
231.0	0.00046195540000000003
231.1	0.000440574
231.2	0.0004222088
231.3	0.0004101311
231.4	0.0004033332
231.5	0.00044953679999999995
231.6	0.00044704669999999996
231.7	0.00039604919999999995
231.8	0.00039157229999999996
231.9	0.00040715330000000004
232.0	0.00041934800000000005
232.1	0.0003664326
232.2	0.0004509747
232.3	0.00034414700000000005
232.4	0.00037254190000000003
232.5	0.00038031349999999997
232.6	0.00038307369999999996
232.7	0.00045024020000000004
232.8	0.00044085280000000004
232.9	0.0003904582
233.0	0.0003923063
233.1	0.0004234621
233.2	0.0004443092
233.3	0.00036460020000000004
233.4	0.00037600540000000003
233.5	0.0004099918
233.6	0.00039886420000000004
233.7	0.00036610770000000003
233.8	0.00041607659999999997
233.9	0.0004200363
234.0	0.0003930492
234.1	0.0003976886
234.2	0.00039345070000000007
234.3	0.0004065959
234.4	0.00039190430000000004
234.5	0.0003769564
234.6	0.00037820910000000004
234.7	0.0004222477
234.8	0.0004129221
234.9	0.0003753409
235.0	0.0004213427
235.1	0.0003900405
235.2	0.00034878670000000004
235.3	0.00048451179999999997
235.4	0.0003550805
235.5	0.00043032869999999997
235.6	0.00041474670000000004
235.7	0.00042012160000000007
235.8	0.0004579573
235.9	0.00041131360000000005
236.0	0.0004088774
236.1	0.000397627
236.2	0.00043762049999999995
236.3	0.0004019341
236.4	0.0004189693
236.5	0.00041801879999999993
236.6	0.00038100870000000003
236.7	0.0004128215
236.8	0.000421451
236.9	0.00039277750000000003
237.0	0.0003194481
237.1	0.00036395869999999997
237.2	0.00041792490000000005
237.3	0.0003859495
237.4	0.00042206229999999995
237.5	0.0004043
237.6	0.0003712192
237.7	0.0003715750000000001
237.8	0.0004222472
237.9	0.00043622889999999997
238.0	0.00044766509999999996
238.1	0.00041034690000000005
238.2	0.00038615929999999995
238.3	0.0003903192
238.4	0.00037281250000000004
238.5	0.0004297023
238.6	0.0004156912
238.7	0.000382215
238.8	0.00046358730000000005
238.9	0.00040968229999999997
239.0	0.0004224876
239.1	0.00044007949999999997
239.2	0.00040214239999999995
239.3	0.00043090079999999996
239.4	0.00038798329999999994
239.5	0.0004245216
239.6	0.0004094655
239.7	0.0004483611
239.8	0.0004031783
239.9	0.00038634479999999995
240.0	0.00042255700000000005
240.1	0.0004358264
240.2	0.0004048498
240.3	0.0003876204
240.4	0.00037728169999999995
240.5	0.00034140159999999995
240.6	0.00039229879999999996
240.7	0.0003949513
240.8	0.0003766164999999999
240.9	0.0003973177
241.0	0.0004199665
241.1	0.0003749779
241.2	0.0003502018000000001
241.3	0.00043609690000000006
241.4	0.00040373549999999996
241.5	0.0004014546
241.6	0.00039865500000000004
241.7	0.0004155358
241.8	0.0003849683
241.9	0.0004448426
242.0	0.000413255
242.1	0.00040075070000000003
242.2	0.00038787589999999996
242.3	0.0003956243
242.4	0.00036978069999999997
242.5	0.0003986943
242.6	0.0004555297
242.7	0.00037660079999999994
242.8	0.00037069329999999995
242.9	0.0003998772
243.0	0.0004145932
243.1	0.00035649639999999996
243.2	0.00039597920000000004
243.3	0.0003935282
243.4	0.0003785111
243.5	0.00037595909999999996
243.6	0.0004168807
243.7	0.00036964109999999996
243.8	0.0004560712
243.9	0.00039958290000000003
244.0	0.00040679789999999996
244.1	0.00041479289999999996
244.2	0.00036188600000000007
244.3	0.00036097349999999995
244.4	0.00037628410000000004
244.5	0.000420964
244.6	0.00043489899999999993
244.7	0.00043590409999999996
244.8	0.0003712655
244.9	0.0004096592
245.0	0.0004039677
245.1	0.00039273930000000007
245.2	0.00040258320000000005
245.3	0.00038491350000000003
245.4	0.0004266323
245.5	0.00039003360000000007
245.6	0.00044191239999999995
245.7	0.0004047097
245.8	0.00043663819999999995
245.9	0.00039582459999999996
246.0	0.00047878179999999996
246.1	0.0003992036
246.2	0.00043567219999999997
246.3	0.0004469541
246.4	0.0003717909
246.5	0.0004104243
246.6	0.0004201833
246.7	0.0003914328
246.8	0.0003532401
246.9	0.0003825787
247.0	0.0003919743
247.1	0.00043617460000000004
247.2	0.00039127849999999996
247.3	0.00040552190000000003
247.4	0.00038929049999999993
247.5	0.00040168649999999996
247.6	0.00042811690000000007
247.7	0.00036470059999999996
247.8	0.0004424927
247.9	0.0003931654
248.0	0.000413022
248.1	0.0004110737
248.2	0.00041227209999999997
248.3	0.0003190999000000001
248.4	0.00041578310000000006
248.5	0.0004471006
248.6	0.00039035809999999997
248.7	0.0003422446
248.8	0.00045072790000000003
248.9	0.0003798876
249.0	0.0004065424
249.1	0.0003949132
249.2	0.00036882980000000004
249.3	0.0004586693
249.4	0.0004011142
249.5	0.00037803919999999995
249.6	0.00039972229999999997
249.7	0.0004204617
249.8	0.0003801739
249.9	0.0003711882
250.0	0.00032984120000000006
250.1	0.0003809163
250.2	0.00038112510000000004
250.3	0.0003586537
250.4	0.00040584629999999996
250.5	0.00040375080000000003
250.6	0.0003910383
250.7	0.00036447590000000005
250.8	0.00046526529999999997
250.9	0.0003817828
251.0	0.0004458942
251.1	0.0004243895
251.2	0.0004147087
251.3	0.00041204779999999997
251.4	0.00042754520000000005
251.5	0.0004082285
251.6	0.00037409600000000003
251.7	0.000396969
251.8	0.0003644842
251.9	0.0004143524
252.0	0.0003893762
252.1	0.0003813566
252.2	0.0004109652
252.3	0.00033755860000000005
252.4	0.0004018182
252.5	0.0003660377
252.6	0.00039396080000000006
252.7	0.00040026339999999996
252.8	0.00041538120000000005
252.9	0.0004102537
253.0	0.00038382350000000005
253.1	0.0004682035
253.2	0.00035488030000000007
253.3	0.0004177861
253.4	0.00036027780000000005
253.5	0.0003968152
253.6	0.0004070378
253.7	0.00039826749999999995
253.8	0.00040286149999999997
253.9	0.0004045166
254.0	0.0004380691
254.1	0.00040628759999999996
254.2	0.00037732839999999994
254.3	0.0003766244
254.4	0.0003466834
254.5	0.00036504060000000006
254.6	0.0004077954
254.7	0.0004047023
254.8	0.0003971555
254.9	0.0003770882
255.0	0.0004091330999999999
255.1	0.0004355172
255.2	0.0004151871
255.3	0.00036514090000000005
255.4	0.00035130789999999996
255.5	0.0004017557
255.6	0.0003867081
255.7	0.00044209770000000004
255.8	0.0003902498
255.9	0.000432702
256.0	0.0003513072
256.1	0.00041010739999999997
256.2	0.0004671832
256.3	0.0003952297
256.4	0.00044017260000000006
256.5	0.00042287429999999994
256.6	0.0004152961
256.7	0.0004087853
256.8	0.00036619280000000005
256.9	0.0004144145
257.0	0.00038440380000000007
257.1	0.000440118
257.2	0.0003913789
257.3	0.000360223
257.4	0.00039759549999999994
257.5	0.0004325935
257.6	0.00041371120000000005
257.7	0.00038972440000000007
257.8	0.00046596110000000007
257.9	0.0004512304
258.0	0.0003871719
258.1	0.00037319079999999997
258.2	0.00043368460000000003
258.3	0.0004369169
258.4	0.0004074248
258.5	0.00040445490000000004
258.6	0.0003732996
258.7	0.00040101359999999996
258.8	0.0003740728
258.9	0.0003664249
259.0	0.00039271669999999995
259.1	0.0004455386
259.2	0.0003603466
259.3	0.0003797487
259.4	0.00038453550000000004
259.5	0.0004536195
259.6	0.0004173223
259.7	0.0004029316
259.8	0.0003762919
259.9	0.00051167
260.0	0.0004090014
260.1	0.00040477120000000007
260.2	0.00046015389999999997
260.3	0.0004156207
260.4	0.00042027570000000003
260.5	0.00040558399999999996
260.6	0.0004185746
260.7	0.00043428790000000003
260.8	0.00040352730000000004
260.9	0.0004014929
261.0	0.0003970394
261.1	0.0004238253
261.2	0.00037679479999999996
261.3	0.00038946870000000004
261.4	0.0003968918
261.5	0.0003517405
261.6	0.0003648472
261.7	0.00045846810000000005
261.8	0.0003942705
261.9	0.00041361769999999993
262.0	0.0004001242
262.1	0.0004132623
262.2	0.0003500696
262.3	0.00042476100000000006
262.4	0.00041463860000000004
262.5	0.00040587800000000003
262.6	0.00036386549999999995
262.7	0.0003901492
262.8	0.0003700441
262.9	0.0003834524
263.0	0.0004160154000000001
263.1	0.00039709289999999997
263.2	0.0003584062
263.3	0.00037286599999999996
263.4	0.00038527040000000003
263.5	0.0003706471
263.6	0.0003855562000000001
263.7	0.0003840867
263.8	0.00038599680000000005
263.9	0.00041824989999999997
264.0	0.0003974101
264.1	0.00043602029999999996
264.2	0.0003907448
264.3	0.0004192707
264.4	0.0003774448
264.5	0.0004194876
264.6	0.0004262769
264.7	0.00039028009999999994
264.8	0.00037899120000000003
264.9	0.00036051
265.0	0.0004197737
265.1	0.00032147489999999996
265.2	0.00042016750000000005
265.3	0.0003645923
265.4	0.0003471003
265.5	0.00040198820000000006
265.6	0.0004111741
265.7	0.0004009441
265.8	0.0003712967
265.9	0.000395284
266.0	0.00040727700000000005
266.1	0.00044976879999999997
266.2	0.0004248461
266.3	0.00040181759999999994
266.4	0.0004697344
266.5	0.0003798954
266.6	0.0004174767
266.7	0.00039833809999999996
266.8	0.0004192161
266.9	0.00039003290000000004
267.0	0.00037136559999999995
267.1	0.0003809388
267.2	0.00039889470000000003
267.3	0.00036316919999999995
267.4	0.00043191390000000006
267.5	0.00041173060000000006
267.6	0.0004303674
267.7	0.00040497229999999996
267.8	0.00038732660000000005
267.9	0.00039325810000000004
268.0	0.0003814266
268.1	0.0003808235
268.2	0.0003984542
268.3	0.0004033411
268.4	0.00038210759999999995
268.5	0.00040860749999999997
268.6	0.0004349139
268.7	0.00039321889999999996
268.8	0.0003904047
268.9	0.0003913237
269.0	0.0004082437
269.1	0.0004654739
269.2	0.00041439119999999997
269.3	0.00037760619999999996
269.4	0.00038042099999999993
269.5	0.000397712
269.6	0.0003799269
269.7	0.00039678329999999994
269.8	0.00039699999999999995
269.9	0.00033976309999999996
270.0	0.0003857413
270.1	0.0003698197
270.2	0.000363092
270.3	0.00037104909999999996
270.4	0.0004158448
270.5	0.00042307499999999997
270.6	0.00038967749999999996
270.7	0.00041155380000000005
270.8	0.00035648059999999994
270.9	0.00037652389999999995
271.0	0.0004128993
271.1	0.000383839
271.2	0.00039703089999999997
271.3	0.00041824980000000004
271.4	0.0004066583
271.5	0.0003957632
271.6	0.0003784343
271.7	0.0003500392
271.8	0.00045305449999999994
271.9	0.00039493549999999997
272.0	0.00042875849999999996
272.1	0.0003915104
272.2	0.000441116
272.3	0.00040989119999999997
272.4	0.00040390580000000003
272.5	0.0004000544
272.6	0.00041857459999999994
272.7	0.000399243
272.8	0.0003865068
272.9	0.00035225830000000004
273.0	0.0003961807
273.1	0.00042292029999999996
273.2	0.0004003251
273.3	0.0003670052
273.4	0.0004018874
273.5	0.00036832689999999996
273.6	0.0003980907
273.7	0.00037064659999999996
273.8	0.00040052709999999995
273.9	0.0003988254
274.0	0.00040072729999999997
274.1	0.00039024180000000005
274.2	0.00038723409999999995
274.3	0.0003811786
274.4	0.0004618476
274.5	0.0004616313
274.6	0.0004316891
274.7	0.00040292390000000005
274.8	0.0004390438
274.9	0.00040334919999999996
275.0	0.00038561789999999997
275.1	0.00038925200000000003
275.2	0.0003952447
275.3	0.00036418979999999995
275.4	0.0003919045
275.5	0.000388625
275.6	0.00038494460000000006
275.7	0.0003997693
275.8	0.00042267310000000007
275.9	0.0004073617
276.0	0.0003687681
276.1	0.00040823650000000003
276.2	0.0004077792
276.3	0.00033650749999999995
276.4	0.00034618059999999996
276.5	0.00040001679999999995
276.6	0.0004213119
276.7	0.0004390975
276.8	0.000402738
276.9	0.00037055440000000007
277.0	0.0003587003
277.1	0.00044932020000000003
277.2	0.00039120040000000005
277.3	0.0003776527
277.4	0.0003788976
277.5	0.0004142362
277.6	0.00040886230000000006
277.7	0.000400859
277.8	0.0003646541
277.9	0.00043155049999999995
278.0	0.00041514920000000003
278.1	0.00037075519999999997
278.2	0.00037138920000000003
278.3	0.00035460980000000003
278.4	0.0004669428
278.5	0.00039341200000000005
278.6	0.00040327930000000003
278.7	0.00042398029999999996
278.8	0.0003941236
278.9	0.0003889353
279.0	0.00039345069999999996
279.1	0.0004521354
279.2	0.00041637849999999997
279.3	0.0004074238
279.4	0.00041879960000000007
279.5	0.00039645070000000004
279.6	0.00044942100000000003
279.7	0.00038472040000000004
279.8	0.00040873069999999997
279.9	0.0004957403
280.0	0.0003916802
280.1	0.0003950285
280.2	0.0004024367
280.3	0.00037443599999999996
280.4	0.00036767010000000004
280.5	0.0004684593
280.6	0.00041832690000000004
280.7	0.00039703930000000007
280.8	0.0004045083
280.9	0.0003790607
281.0	0.00043032089999999997
281.1	0.00042496200000000003
281.2	0.0003842025
281.3	0.00036165430000000004
281.4	0.00041763929999999997
281.5	0.0004046638
281.6	0.0003991272
281.7	0.0004033258
281.8	0.000388819
281.9	0.00038134849999999995
282.0	0.00039533780000000006
282.1	0.0004147552
282.2	0.00035941950000000004
282.3	0.00042477579999999996
282.4	0.0004013463
282.5	0.0004008583
282.6	0.00040576889999999996
282.7	0.00040528909999999995
282.8	0.00041334010000000003
282.9	0.0003894376
283.0	0.00047026840000000006
283.1	0.00044565450000000003
283.2	0.0003849299
283.3	0.00043694790000000007
283.4	0.00037454350000000003
283.5	0.0004173992
283.6	0.00039928159999999996
283.7	0.0004186285
283.8	0.00036280620000000004
283.9	0.0003711112
284.0	0.0004340948
284.1	0.0003824321
284.2	0.00034536079999999996
284.3	0.00042863529999999996
284.4	0.00036998259999999997
284.5	0.0003869627
284.6	0.0003747915
284.7	0.0004117397
284.8	0.0004133781
284.9	0.00039814449999999997
285.0	0.0003864457
285.1	0.0004289674
285.2	0.0004093345
285.3	0.00034549280000000003
285.4	0.0004280318
285.5	0.00042643879999999996
285.6	0.0003922916
285.7	0.00040770220000000003
285.8	0.0004037508
285.9	0.0003575246
286.0	0.0004330274
286.1	0.0004013391
286.2	0.0003800112
286.3	0.0004329032
286.4	0.0004803906
286.5	0.0004060863
286.6	0.0003542378
286.7	0.00039064410000000003
286.8	0.00036897689999999995
286.9	0.000436909
287.0	0.00039175770000000003
287.1	0.00040839040000000004
287.2	0.00044724790000000004
287.3	0.0003890351
287.4	0.0003851304
287.5	0.0003761993
287.6	0.0004297641
287.7	0.00040644220000000004
287.8	0.0004175389
287.9	0.00041961879999999997
288.0	0.00038510759999999997
288.1	0.0003887032
288.2	0.000391108
288.3	0.0004099064
288.4	0.00040928750000000005
288.5	0.0003798336
288.6	0.00037969400000000003
288.7	0.0004233923
288.8	0.000376578
288.9	0.00037020650000000005
289.0	0.0003702686
289.1	0.0004472009
289.2	0.0004039595000000001
289.3	0.0004375123
289.4	0.00038573380000000003
289.5	0.0004146233
289.6	0.00039335070000000007
289.7	0.00035743140000000004
289.8	0.0003689074
289.9	0.00037913810000000004
290.0	0.00041858210000000006
290.1	0.00039344290000000007
290.2	0.0004102394
290.3	0.00038726520000000004
290.4	0.00038916669999999995
290.5	0.0003956467
290.6	0.0003779159
290.7	0.0003699900999999999
290.8	0.00041425999999999995
290.9	0.0004362752
291.0	0.00044306479999999996
291.1	0.0004281248
291.2	0.00042579740000000003
291.3	0.0003786114
291.4	0.00042916079999999994
291.5	0.0004162775
291.6	0.0004097988
291.7	0.00041484690000000005
291.8	0.0004213359
291.9	0.0003721706
292.0	0.000438765
292.1	0.0004158298
292.2	0.0003500702
292.3	0.0003722479
292.4	0.00043606570000000004
292.5	0.000408947
292.6	0.0003914785
292.7	0.00043459689999999997
292.8	0.0003980205
292.9	0.0003716058
293.0	0.0003623038000000001
293.1	0.0003669893
293.2	0.0003705078
293.3	0.0004350073
293.4	0.00043236189999999996
293.5	0.00041417439999999993
293.6	0.0003684509
293.7	0.0004452218
293.8	0.0003704692
293.9	0.000402862
294.0	0.0003656668
294.1	0.00036906209999999995
294.2	0.0003740799
294.3	0.0003836539
294.4	0.0004585143
294.5	0.00045418460000000004
294.6	0.000372317
294.7	0.00035292359999999993
294.8	0.0004124039
294.9	0.00036777049999999996
295.0	0.00040853010000000003
295.1	0.00036898419999999995
295.2	0.00035051889999999995
295.3	0.00045061209999999995
295.4	0.0003542922
295.5	0.0004313027
295.6	0.0004154894
295.7	0.0004099531
295.8	0.0003706857
295.9	0.00041275180000000005
296.0	0.00037897520000000005
296.1	0.00039054380000000003
296.2	0.0003640967
296.3	0.0003911777
296.4	0.00038640600000000005
296.5	0.00038868759999999996
296.6	0.00040847590000000003
296.7	0.00041897679999999994
296.8	0.0003883245
296.9	0.00040401419999999997
297.0	0.00039806749999999995
297.1	0.00044887979999999996
297.2	0.00039716250000000007
297.3	0.0003554447
297.4	0.00042798540000000006
297.5	0.00040998350000000006
297.6	0.0004476655
297.7	0.00039500520000000004
297.8	0.00038690180000000004
297.9	0.0003949821
298.0	0.0004012453
298.1	0.00040505
298.2	0.0004378904
298.3	0.0004205847
298.4	0.00036663360000000004
298.5	0.0004759672
298.6	0.00038618229999999994
298.7	0.0003726194
298.8	0.00041290719999999997
298.9	0.00038614329999999997
299.0	0.0004595975
299.1	0.0003567821
299.2	0.0003895924
299.3	0.0003799497
299.4	0.0003579191
299.5	0.00039683860000000004
299.6	0.0004098671
299.7	0.00040624869999999997
299.8	0.00040711459999999997
299.9	0.0004318209
300.0	0.0004000161
300.1	0.00038407109999999997
300.2	0.0004348682
300.3	0.00040368099999999997
300.4	0.00040150869999999993
300.5	0.00044151790000000003
300.6	0.00037698770000000004
300.7	0.00039766560000000005
300.8	0.00046649490000000006
300.9	0.00042957049999999995
301.0	0.0004463429
301.1	0.00039171830000000004
301.2	0.00044661390000000004
301.3	0.000338649
301.4	0.0004261226
301.5	0.0004383632
301.6	0.00043459730000000005
301.7	0.00043854109999999995
301.8	0.0003800035
301.9	0.0003269646999999999
302.0	0.0003829652
302.1	0.00039478129999999997
302.2	0.0003857263
302.3	0.00040628740000000005
302.4	0.00038064479999999997
302.5	0.000358081
302.6	0.0003856563
302.7	0.0004473713
302.8	0.00042687169999999997
302.9	0.0003758356
303.0	0.00038963099999999993
303.1	0.0003475958999999999
303.2	0.0004057464
303.3	0.0004291919
303.4	0.0003614919
303.5	0.00039186600000000005
303.6	0.0004236166
303.7	0.00041828080000000004
303.8	0.0003882317
303.9	0.0004230443
304.0	0.00043059120000000004
304.1	0.00037189979999999997
304.2	0.00040054930000000004
304.3	0.00040781799999999995
304.4	0.00046151440000000003
304.5	0.00040306209999999996
304.6	0.0004151798
304.7	0.0003817667
304.8	0.0004056689
304.9	0.00037952410000000004
305.0	0.00043955379999999997
305.1	0.0003917417
305.2	0.0003503255
305.3	0.00042227080000000004
305.4	0.00041715160000000003
305.5	0.0004119395
305.6	0.0004044235
305.7	0.00041170789999999996
305.8	0.00042875140000000003
305.9	0.0004233458999999999
306.0	0.00047624490000000005
306.1	0.00038909789999999996
306.2	0.00038361459999999994
306.3	0.0003821923
306.4	0.0004087156000000001
306.5	0.00037596740000000003
306.6	0.0003635407999999999
306.7	0.00039495890000000003
306.8	0.0003648855
306.9	0.00034742580000000006
307.0	0.00039747989999999993
307.1	0.0004569758
307.2	0.000461144
307.3	0.00040460159999999997
307.4	0.0003903422
307.5	0.00035459349999999995
307.6	0.00043533929999999997
307.7	0.00036173080000000005
307.8	0.0003393599
307.9	0.0004001478
308.0	0.00038748049999999995
308.1	0.0003945034
308.2	0.000407316
308.3	0.0004124111
308.4	0.00040789589999999995
308.5	0.00046056380000000004
308.6	0.00041652569999999997
308.7	0.00039131710000000006
308.8	0.00037673289999999994
308.9	0.0003974642
309.0	0.00039567799999999995
309.1	0.0004213507
309.2	0.00038587239999999997
309.3	0.00043628300000000004
309.4	0.0004096043
309.5	0.00041292950000000004
309.6	0.00035341800000000004
309.7	0.00047098750000000003
309.8	0.00039647429999999995
309.9	0.0003721778
310.0	0.00033744280000000003
310.1	0.0003956316
310.2	0.00036998239999999996
310.3	0.0004383397
310.4	0.00039928929999999993
310.5	0.0003818521
310.6	0.0003905052
310.7	0.0003568207
310.8	0.00039427860000000006
310.9	0.00043636760000000005
311.0	0.00036961069999999995
311.1	0.0003637193
311.2	0.00038402450000000007
311.3	0.00034842330000000004
311.4	0.0003635793
311.5	0.0003657369
311.6	0.00037261879999999996
311.7	0.0004474951
311.8	0.0004023981
311.9	0.0004312416
312.0	0.00039457239999999996
312.1	0.0003857569
312.2	0.0004070604
312.3	0.00045198780000000005
312.4	0.0003793231
312.5	0.0004391754
312.6	0.0003559937
312.7	0.0004229516
312.8	0.0004436912
312.9	0.00039209759999999993
313.0	0.00047742839999999993
313.1	0.00036456070000000007
313.2	0.0004057389
313.3	0.00039446340000000004
313.4	0.0003900869
313.5	0.0003926621
313.6	0.00038915159999999995
313.7	0.00045301630000000004
313.8	0.00039132399999999997
313.9	0.0003901573
314.0	0.00038731139999999997
314.1	0.0004049037
314.2	0.00043701760000000004
314.3	0.0004013076
314.4	0.0003880308
314.5	0.00040179509999999996
314.6	0.0003325397
314.7	0.0004222242
314.8	0.00038704770000000003
314.9	0.0004381388
315.0	0.00039127080000000004
315.1	0.0003842644
315.2	0.000379431
315.3	0.00041288300000000007
315.4	0.0003818747
315.5	0.0004625509
315.6	0.0003945262
315.7	0.0003923297
315.8	0.000386561
315.9	0.0003859811
316.0	0.0003827724
316.1	0.00045233590000000003
316.2	0.0004317595
316.3	0.00043756620000000003
316.4	0.00037987949999999997
316.5	0.00037708070000000004
316.6	0.00036972659999999995
316.7	0.0003914721
316.8	0.00038473580000000004
316.9	0.00041101960000000003
317.0	0.00039201209999999994
317.1	0.00041473879999999995
317.2	0.00036950249999999997
317.3	0.0004259752
317.4	0.00043424930000000004
317.5	0.0004972783
317.6	0.00046262789999999994
317.7	0.0003621337
317.8	0.0004288675
317.9	0.0003997766
318.0	0.0003537203
318.1	0.00040064979999999994
318.2	0.0004080274
318.3	0.0003872652
318.4	0.00037734389999999996
318.5	0.00038565649999999996
318.6	0.0003607722
318.7	0.00046272129999999997
318.8	0.00035676649999999996
318.9	0.0004046708
319.0	0.0004103785
319.1	0.00041258960000000003
319.2	0.00037613020000000003
319.3	0.0004382848
319.4	0.00040441610000000003
319.5	0.0004443792
319.6	0.0003669663
319.7	0.0004230052
319.8	0.00041062550000000003
319.9	0.0004110042
320.0	0.0004025759999999999
320.1	0.0004384091
320.2	0.00037608259999999996
320.3	0.00042349309999999997
320.4	0.00042585899999999995
320.5	0.00038941430000000003
320.6	0.0004221473
320.7	0.0004210035
320.8	0.0003621099
320.9	0.0003814189
321.0	0.0003851376
321.1	0.0004011837
321.2	0.0004384562
321.3	0.00039809869999999996
321.4	0.00036867469999999996
321.5	0.00040929529999999994
321.6	0.00045303229999999996
321.7	0.0004016863
321.8	0.00042068579999999996
321.9	0.0003899094
322.0	0.000408653
322.1	0.00036490130000000004
322.2	0.00037655489999999995
322.3	0.00040175660000000006
322.4	0.0003739794
322.5	0.00040463240000000007
322.6	0.0004041533
322.7	0.0003308696
322.8	0.0003748761
322.9	0.00038594170000000007
323.0	0.0003682343
323.1	0.00043944610000000005
323.2	0.00039594859999999996
323.3	0.00039038859999999996
323.4	0.000376261
323.5	0.0003628533
323.6	0.0003866073
323.7	0.0004248615
323.8	0.00043929810000000006
323.9	0.0004141668
324.0	0.0004266087
324.1	0.0003553129
324.2	0.0003705083
324.3	0.00035202700000000004
324.4	0.00040374329999999997
324.5	0.00034468060000000003
324.6	0.00038060639999999994
324.7	0.00041147620000000004
324.8	0.0003354318
324.9	0.00041938669999999997
325.0	0.0003887575
325.1	0.0004378679
325.2	0.00044478069999999995
325.3	0.0004407363
325.4	0.0004278848
325.5	0.0003887031
325.6	0.0003982684
325.7	0.00042543320000000003
325.8	0.00037311440000000005
325.9	0.0005004413
326.0	0.00037633819999999995
326.1	0.00036645510000000005
326.2	0.0003563646
326.3	0.00043234640000000004
326.4	0.0004147551
326.5	0.00041627780000000005
326.6	0.00036396610000000005
326.7	0.00040003940000000006
326.8	0.00040549900000000003
326.9	0.0004084835
327.0	0.0004093346
327.1	0.00038293440000000006
327.2	0.0003850841
327.3	0.0003849447
327.4	0.0003767636
327.5	0.0003542302
327.6	0.0004294929
327.7	0.00040648100000000004
327.8	0.00039036539999999997
327.9	0.00033165129999999997
328.0	0.00041238079999999995
328.1	0.0003556765
328.2	0.00040863879999999996
328.3	0.00041154590000000007
328.4	0.00040316299999999995
328.5	0.0004044785
328.6	0.0003755265
328.7	0.00034867050000000004
328.8	0.0003826255
328.9	0.0004261532
329.0	0.0004222869
329.1	0.00040921079999999997
329.2	0.0003892678
329.3	0.0004126283
329.4	0.00042714230000000003
329.5	0.00039301
329.6	0.0004503337
329.7	0.0004815893
329.8	0.0004399629
329.9	0.0003529239
330.0	0.0003868553
330.1	0.00045709170000000004
330.2	0.00045065010000000006
330.3	0.0004037674
330.4	0.000366611
330.5	0.00037416540000000006
330.6	0.0005061099999999999
330.7	0.00038796849999999994
330.8	0.0003774519
330.9	0.00042306730000000005
331.0	0.0003765703
331.1	0.00043043650000000003
331.2	0.0003833363
331.3	0.00036558200000000004
331.4	0.00044368349999999995
331.5	0.00046940230000000005
331.6	0.00041007699999999996
331.7	0.00039154070000000003
331.8	0.0003496058
331.9	0.0003834135
332.0	0.00040329510000000005
332.1	0.00040326359999999994
332.2	0.000400959
332.3	0.00036286840000000005
332.4	0.00044491210000000003
332.5	0.00040274559999999997
332.6	0.0004391592
332.7	0.00036402
332.8	0.00039171089999999996
332.9	0.000414669
333.0	0.00041076449999999994
333.1	0.0004348677
333.2	0.0003438451
333.3	0.00036593030000000004
333.4	0.00038877230000000006
333.5	0.0003728744
333.6	0.00043233100000000005
333.7	0.00037758389999999995
333.8	0.0004068672
333.9	0.0004315347
334.0	0.0004239803
334.1	0.0004473328
334.2	0.00041312349999999995
334.3	0.0004021884
334.4	0.0003742274
334.5	0.00036930899999999996
334.6	0.000425743
334.7	0.0004219542
334.8	0.0004430028
334.9	0.0004327486
335.0	0.00040094389999999994
335.1	0.0004302585
335.2	0.0004416101
335.3	0.00044250029999999996
335.4	0.00045236679999999995
335.5	0.00042721249999999996
335.6	0.00046112789999999996
335.7	0.00038270180000000005
335.8	0.00045489520000000004
335.9	0.0003685668
336.0	0.0004075165
336.1	0.00035366499999999997
336.2	0.00039517609999999994
336.3	0.0005207783000000001
336.4	0.0003898241
336.5	0.00039517569999999996
336.6	0.0004425847
336.7	0.00039866260000000003
336.8	0.00037958610000000004
336.9	0.0004114524
337.0	0.0003864684
337.1	0.0003851072
337.2	0.00040011610000000004
337.3	0.00037485350000000003
337.4	0.00035762519999999994
337.5	0.00036296090000000004
337.6	0.00041619320000000005
337.7	0.00040910999999999996
337.8	0.0003517325
337.9	0.0004225495
338.0	0.00039770370000000003
338.1	0.0005072624
338.2	0.00039438700000000006
338.3	0.00040094400000000003
338.4	0.0003756811
338.5	0.0003804673
338.6	0.0003933192
338.7	0.00043531639999999996
338.8	0.0003841951000000001
338.9	0.00037572
339.0	0.0003998695000000001
339.1	0.00044314239999999997
339.2	0.0004434743
339.3	0.00041964180000000006
339.4	0.00039629610000000006
339.5	0.0004001788
339.6	0.0003958093
339.7	0.00044568570000000005
339.8	0.00042612179999999996
339.9	0.000385958
340.0	0.00041306080000000003
340.1	0.0003898859
340.2	0.00040832919999999993
340.3	0.0004666806
340.4	0.0004297406
340.5	0.00035822009999999995
340.6	0.00039615730000000006
340.7	0.00042391019999999996
340.8	0.00038896600000000003
340.9	0.0004391671
341.0	0.0003959797
341.1	0.0004265083
341.2	0.0003978901
341.3	0.0003731297
341.4	0.0004118242
341.5	0.00039355189999999994
341.6	0.0004217224
341.7	0.00044519110000000003
341.8	0.0004020268
341.9	0.0004004493
342.0	0.00041942549999999997
342.1	0.0003732607
342.2	0.00039426239999999996
342.3	0.0003890511
342.4	0.0004044858
342.5	0.0003525828
342.6	0.00031845120000000005
342.7	0.00038511509999999993
342.8	0.00040597820000000005
342.9	0.00041258199999999993
343.0	0.00042009759999999996
343.1	0.0003973481
343.2	0.0004509132
343.3	0.0003866154
343.4	0.0004132393
343.5	0.0004342339
343.6	0.0004402727
343.7	0.00039864750000000003
343.8	0.0003861199
343.9	0.0004188219
344.0	0.00037793129999999996
344.1	0.0003609117
344.2	0.00037358570000000003
344.3	0.0003969618
344.4	0.0003936673
344.5	0.0004226883
344.6	0.0003541142
344.7	0.0004157134
344.8	0.00047287450000000003
344.9	0.00043518499999999993
345.0	0.0004022894
345.1	0.0004571768
345.2	0.0003494124
345.3	0.0004191938
345.4	0.00035940300000000006
345.5	0.0004358497
345.6	0.0003959723
345.7	0.00037322189999999995
345.8	0.000391904
345.9	0.00035668960000000003
346.0	0.0003821848
346.1	0.00042186119999999995
346.2	0.0003434817
346.3	0.0003930638
346.4	0.00034649720000000004
346.5	0.0004090713
346.6	0.00040771819999999996
346.7	0.0004337384
346.8	0.00037797789999999997
346.9	0.00040768740000000003
347.0	0.0004034569
347.1	0.00038684750000000007
347.2	0.0003910621
347.3	0.00047286609999999993
347.4	0.0004215052
347.5	0.00045661180000000005
347.6	0.00038908210000000005
347.7	0.00036341649999999993
347.8	0.00037579720000000005
347.9	0.00041558970000000003
348.0	0.0003739412
348.1	0.0004414176
348.2	0.00039788210000000004
348.3	0.0004161935
348.4	0.00046395069999999994
348.5	0.0004486940000000001
348.6	0.00042282
348.7	0.0003991656
348.8	0.00040395150000000006
348.9	0.00043055279999999995
349.0	0.00037077080000000003
349.1	0.00035069630000000005
349.2	0.0003490797
349.3	0.0003933887
349.4	0.00040685949999999993
349.5	0.0003897085
349.6	0.00037391000000000003
349.7	0.0003845197
349.8	0.0003652341
349.9	0.0003934664
