0.0	0.0004264693
0.1	0.0004144253
0.2	0.0004190456
0.3	0.0005124069000000001
0.4	0.00047810819999999994
0.5	0.0004254798
0.6	0.00043777789999999996
0.7	0.000418844
0.8	0.00040314009999999995
0.9	0.00043739889999999996
1.0	0.00041618639999999995
1.1	0.00041502840000000004
1.2	0.00042453769999999997
1.3	0.00041564619999999994
1.4	0.000393577
1.5	0.00045437040000000003
1.6	0.0004309956
1.7	0.00045036869999999995
1.8	0.0003685950999999999
1.9	0.0004151283
2.0	0.00044557170000000004
2.1	0.00041519809999999996
2.2	0.00045675729999999996
2.3	0.00047853319999999997
2.4	0.0004127107
2.5	0.0004008454
2.6	0.0003846774
2.7	0.00042773569999999996
2.8	0.0004080678
2.9	0.00044968979999999997
3.0	0.0004377081
3.1	0.0004165733
3.2	0.0004383956
3.3	0.0004385654
3.4	0.0004603190999999999
3.5	0.0004247614
3.6	0.00041330519999999995
3.7	0.0004518599
3.8	0.0003858213
3.9	0.0003722949
4.0	0.00043372960000000004
4.1	0.0004488161
4.2	0.0004727553
4.3	0.0004631921
4.4	0.0003988757999999999
4.5	0.0003917921
4.6	0.00044448259999999994
4.7	0.0003939555
4.8	0.00041616379999999994
4.9	0.0004730797
5.0	0.00045341209999999997
5.1	0.0004185501
5.2	0.0003963497
5.3	0.00038444619999999994
5.4	0.0004706852
5.5	0.0004342784
5.6	0.0004662586
5.7	0.0004361792
5.8	0.0004200025
5.9	0.0004357074
6.0	0.0004366573
6.1	0.00042724159999999996
6.2	0.00043986359999999996
6.3	0.00048180879999999997
6.4	0.00039843499999999994
6.5	0.0004170985
6.6	0.00042416630000000007
6.7	0.00045327409999999996
6.8	0.00047820940000000003
6.9	0.00042579700000000006
7.0	0.0003937934
7.1	0.00043623329999999995
7.2	0.00042627569999999996
7.3	0.00046173959999999995
7.4	0.0004682287
7.5	0.00041287240000000003
7.6	0.0003994630000000001
7.7	0.00043470289999999995
7.8	0.0003938234
7.9	0.00045175220000000005
8.0	0.000412371
8.1	0.0004433865
8.2	0.00040169559999999997
8.3	0.0003923637
8.4	0.0004003897
8.5	0.0004296972
8.6	0.00041305810000000004
8.7	0.00043589339999999994
8.8	0.00042840719999999997
8.9	0.000461748
9.0	0.00039765570000000004
9.1	0.00039293499999999996
9.2	0.00040551150000000006
9.3	0.0004562249
9.4	0.00039556199999999996
9.5	0.0003915065
9.6	0.00044129200000000003
9.7	0.0004525703
9.8	0.0004008223
9.9	0.00043172869999999995
10.0	0.0004517981
10.1	0.00042252109999999996
10.2	0.00043669600000000004
10.3	0.00038969070000000007
10.4	0.00044527840000000004
10.5	0.000419856
10.6	0.0004255035
10.7	0.0003935306
10.8	0.0004681438
10.9	0.00041578540000000003
11.0	0.0004219963
11.1	0.0004949792999999999
11.2	0.00043503479999999994
11.3	0.00038870159999999996
11.4	0.00041413969999999997
11.5	0.0003947969
11.6	0.00042272210000000003
11.7	0.00040962839999999996
11.8	0.00046903179999999996
11.9	0.00043845719999999997
12.0	0.00039415619999999996
12.1	0.00043240890000000005
12.2	0.0004473175
12.3	0.000456927
12.4	0.0004162331
12.5	0.00044150030000000005
12.6	0.0003667405
12.7	0.0004061442
12.8	0.0004317369
12.9	0.0004219571
13.0	0.00037626520000000004
13.1	0.0004402651
13.2	0.000405326
13.3	0.00043401599999999996
13.4	0.0004265078
13.5	0.00040519509999999994
13.6	0.0004102697
13.7	0.00038236750000000006
13.8	0.0004334597
13.9	0.00042813690000000006
14.0	0.0004682362
14.1	0.00040069849999999996
14.2	0.0004160557
14.3	0.000446398
14.4	0.00041309629999999994
14.5	0.00043070920000000005
14.6	0.0004782627
14.7	0.00041556869999999997
14.8	0.00041353690000000003
14.9	0.0004213701
15.0	0.0004261824
15.1	0.0004488474
15.2	0.00040262269999999996
15.3	0.00044758039999999997
15.4	0.00041682769999999995
15.5	0.00042503939999999997
15.6	0.00037924759999999997
15.7	0.0004658032
15.8	0.00044502330000000006
15.9	0.00042495449999999996
16.0	0.00037418810000000005
16.1	0.00041653469999999995
16.2	0.00042104530000000004
16.3	0.0004151206
16.4	0.00048109760000000003
16.5	0.0004142328
16.6	0.0004127955
16.7	0.0004884671000000001
16.8	0.000418017
16.9	0.0005137734000000001
17.0	0.00041722220000000004
17.1	0.0004850842
17.2	0.00042602030000000004
17.3	0.000440466
17.4	0.0003905562
17.5	0.0003949445
17.6	0.00045450210000000005
17.7	0.0004483222
17.8	0.0004123243
17.9	0.000401896
18.0	0.00041011519999999997
18.1	0.00040103839999999997
18.2	0.00043083309999999997
18.3	0.00042978239999999995
18.4	0.000412626
18.5	0.000453729
18.6	0.0004599012
18.7	0.00037893069999999995
18.8	0.00043349050000000003
18.9	0.00048303689999999993
19.0	0.0004362327
19.1	0.0004395468
19.2	0.0004107182
19.3	0.0004621417
19.4	0.00041386910000000007
19.5	0.00047389120000000006
19.6	0.0004195085
19.7	0.0004352594
19.8	0.00042863140000000004
19.9	0.0004586112
20.0	0.00039227079999999996
20.1	0.0004281763
20.2	0.00045009819999999997
20.3	0.0003857208
20.4	0.0004010075999999999
20.5	0.0004643978
20.6	0.0004083853
20.7	0.00046518519999999997
20.8	0.0003752066
20.9	0.0004075351
21.0	0.0004038738
21.1	0.0004192769
21.2	0.00041849659999999996
21.3	0.0004174463
21.4	0.00043636440000000004
21.5	0.0004178249
21.6	0.0004372061
21.7	0.0004431854
21.8	0.0004218873
21.9	0.00041362180000000003
22.0	0.0003907881
22.1	0.000415105
22.2	0.0004235483
22.3	0.00037577099999999995
22.4	0.00040445330000000003
22.5	0.0003908807
22.6	0.00041016169999999995
22.7	0.00036602239999999995
22.8	0.00039502140000000004
22.9	0.0003874735
23.0	0.0004646674
23.1	0.00038880279999999994
23.2	0.0004118225
23.3	0.0004033103
23.4	0.00044501510000000003
23.5	0.0004231706
23.6	0.00037326859999999994
23.7	0.00045642520000000006
23.8	0.0004920752000000001
23.9	0.0004294273
24.0	0.00043339
24.1	0.0003805831
24.2	0.0004304468
24.3	0.00043203079999999997
24.4	0.00044896309999999996
24.5	0.00045167450000000006
24.6	0.00043650259999999995
24.7	0.00044761880000000005
24.8	0.00042108499999999997
24.9	0.0004771351
25.0	0.00041696670000000003
25.1	0.0004333124
25.2	0.00043430119999999996
25.3	0.0003712674
25.4	0.00046246590000000005
25.5	0.00036823129999999995
25.6	0.000426005
25.7	0.0004293498
25.8	0.00044734079999999996
25.9	0.00042882480000000007
26.0	0.0003871882
26.1	0.0004573518
26.2	0.0004091572
26.3	0.0004233635
26.4	0.0004064612
26.5	0.00042060529999999994
26.6	0.0004352595
26.7	0.00042708709999999997
26.8	0.0004071721
26.9	0.0004261752
27.0	0.0004013086
27.1	0.0004146883
27.2	0.00043492739999999997
27.3	0.0004334674
27.4	0.0004114824
27.5	0.0004041757
27.6	0.0004047389
27.7	0.00040944289999999997
27.8	0.00041298140000000006
27.9	0.00039025539999999997
28.0	0.00040560440000000003
28.1	0.0004561083
28.2	0.00045395329999999994
28.3	0.00045169799999999994
28.4	0.00044129989999999996
28.5	0.00042745710000000004
28.6	0.000458727
28.7	0.00042347159999999996
28.8	0.0004487078
28.9	0.00046922479999999997
29.0	0.0004784483
29.1	0.00039034009999999996
29.2	0.000473281
29.3	0.0004234402
29.4	0.00043939980000000004
29.5	0.00039926960000000004
29.6	0.0004055419
29.7	0.00041320470000000005
29.8	0.00042874019999999995
29.9	0.0003977324
30.0	0.0004353366
30.1	0.0004083235
30.2	0.000400962
30.3	0.0003874118
30.4	0.0004131048
30.5	0.00044235830000000006
30.6	0.00045491090000000003
30.7	0.00043647229999999997
30.8	0.00042409759999999995
30.9	0.0004575686
31.0	0.0004059825
31.1	0.00042888620000000003
31.2	0.00044563379999999997
31.3	0.0004076126
31.4	0.0004025374
31.5	0.00039211650000000003
31.6	0.00040999929999999997
31.7	0.00042803710000000007
31.8	0.0004458809
31.9	0.00047643200000000005
32.0	0.00045141959999999993
32.1	0.0004525704
32.2	0.0004075276
32.3	0.00039937740000000005
32.4	0.0003808462
32.5	0.0004782792
32.6	0.00046455950000000003
32.7	0.00044159420000000003
32.8	0.00045602399999999997
32.9	0.00043861200000000006
33.0	0.00045466340000000004
33.1	0.00046687719999999994
33.2	0.00041505119999999995
33.3	0.0004520838
33.4	0.0004027151
33.5	0.0003919315
33.6	0.00042941160000000003
33.7	0.00045705059999999996
33.8	0.00039864389999999994
33.9	0.0004233865
34.0	0.00039172269999999997
34.1	0.0004230851
34.2	0.00040954359999999994
34.3	0.0004185044
34.4	0.0004049707
34.5	0.0004382719
34.6	0.00043176820000000003
34.7	0.00047016770000000004
34.8	0.00043420110000000003
34.9	0.00038922710000000005
35.0	0.0004750266
35.1	0.00042176389999999995
35.2	0.00045468740000000003
35.3	0.00043230790000000003
35.4	0.0004388747
35.5	0.0004308714
35.6	0.0004031395
35.7	0.00044285280000000004
35.8	0.0004505157
35.9	0.00042886310000000006
36.0	0.00039768649999999997
36.1	0.00043695059999999996
36.2	0.0004196322
36.3	0.0004560929
36.4	0.00045270990000000007
36.5	0.0004355991
36.6	0.00039624949999999995
36.7	0.0004333358
36.8	0.0004177783
36.9	0.00042134679999999996
37.0	0.00042180249999999994
37.1	0.00040826880000000004
37.2	0.00038517210000000007
37.3	0.0004586502
37.4	0.00039333010000000004
37.5	0.00046934149999999997
37.6	0.00045847239999999994
37.7	0.0004143099
37.8	0.00041813349999999996
37.9	0.00045746800000000005
38.0	0.00043963880000000006
38.1	0.0004367422
38.2	0.00040064459999999996
38.3	0.0004111193
38.4	0.0004287782
38.5	0.00043602360000000005
38.6	0.00040695609999999996
38.7	0.0004075895
38.8	0.0004100997
38.9	0.00044021070000000004
39.0	0.00045077840000000007
39.1	0.0004617321
39.2	0.0005325679
39.3	0.00045579909999999993
39.4	0.00040690210000000004
39.5	0.0004108178
39.6	0.00042479240000000004
39.7	0.00043323609999999996
39.8	0.0003966205
39.9	0.0004838403
40.0	0.00043103400000000006
40.1	0.0004508176
40.2	0.00043052419999999996
40.3	0.00043566140000000003
40.4	0.0004129272
40.5	0.00043749180000000003
40.6	0.00044752629999999995
40.7	0.0004458501
40.8	0.00046269709999999996
40.9	0.00045179009999999996
41.0	0.00040354189999999997
41.1	0.0004535595
41.2	0.00043064759999999997
41.3	0.0004294038
41.4	0.00041951639999999996
41.5	0.0004051099
41.6	0.00047151930000000004
41.7	0.00042782800000000005
41.8	0.0004969182999999999
41.9	0.0004451626
42.0	0.00042828340000000003
42.1	0.0005051377
42.2	0.0004222122
42.3	0.0004363337
42.4	0.00043534430000000005
42.5	0.0003899149
42.6	0.00043439410000000004
42.7	0.0004597784
42.8	0.00044740230000000006
42.9	0.0004398864
43.0	0.0004958064
43.1	0.0004820558
43.2	0.0004306704
43.3	0.000405612
43.4	0.0004570124
43.5	0.00047655600000000005
43.6	0.00047117169999999996
43.7	0.00040526369999999997
43.8	0.0004462128
43.9	0.0004394076
44.0	0.0004179326
44.1	0.0004246611
44.2	0.00048309100000000005
44.3	0.00048335390000000004
44.4	0.0004689318
44.5	0.0003997255
44.6	0.0005064501999999999
44.7	0.00043062410000000004
44.8	0.0004730875
44.9	0.0004472023
45.0	0.0004444986
45.1	0.0004154837
45.2	0.00042449870000000006
45.3	0.00042698629999999996
45.4	0.00044164759999999997
45.5	0.00047824
45.6	0.0004773597
45.7	0.0004046851
45.8	0.00038059890000000004
45.9	0.00042438299999999997
46.0	0.0004935116000000001
46.1	0.0005164775
46.2	0.00040405110000000003
46.3	0.00044494609999999997
46.4	0.0004273572
46.5	0.0004979385
46.6	0.0004607283
46.7	0.00045881179999999994
46.8	0.0004085313
46.9	0.00042366489999999996
47.0	0.0004620108
47.1	0.00043357540000000004
47.2	0.0005009194
47.3	0.00040113109999999997
47.4	0.0004379861999999999
47.5	0.0005099889
47.6	0.00047642450000000004
47.7	0.00044036539999999994
47.8	0.00047185939999999996
47.9	0.00047518900000000005
48.0	0.00044493060000000005
48.1	0.000464969
48.2	0.00042707909999999995
48.3	0.00042883980000000003
48.4	0.00043051710000000003
48.5	0.0004639646
48.6	0.0003943335
48.7	0.00039616419999999997
48.8	0.0004697894
48.9	0.00039613319999999997
49.0	0.0004265615
49.1	0.00046584909999999993
49.2	0.00041734549999999996
49.3	0.00046700039999999994
49.4	0.0004265305
49.5	0.00045531289999999996
49.6	0.0004113669
49.7	0.00043547629999999996
49.8	0.000474702
49.9	0.0004691019
50.0	0.000450763
50.1	0.00042646820000000007
50.2	0.0004430304
50.3	0.0004154455
50.4	0.00040673920000000005
50.5	0.00048800369999999995
50.6	0.0004685528
50.7	0.00042593560000000005
50.8	0.0003856744
50.9	0.000390587
51.0	0.0004201195
51.1	0.00042632949999999993
51.2	0.00046931830000000003
51.3	0.00045771509999999996
51.4	0.00042584340000000005
51.5	0.00045674220000000007
51.6	0.00042865530000000006
51.7	0.0004577614
51.8	0.00041342909999999997
51.9	0.0004293732
52.0	0.0004977606999999999
52.1	0.0004604576
52.2	0.0004325016
52.3	0.00041464949999999996
52.4	0.0004194544
52.5	0.0004277197
52.6	0.000409397
52.7	0.00039443449999999994
52.8	0.00042829889999999995
52.9	0.0004346025
53.0	0.0004688779
53.1	0.00040093009999999995
53.2	0.00044156999999999996
53.3	0.00041275709999999996
53.4	0.0004101614
53.5	0.0004381176
53.6	0.0004188523
53.7	0.0004246765
53.8	0.0004544013
53.9	0.0004227138
54.0	0.00043323540000000005
54.1	0.00042530970000000004
54.2	0.0004625894
54.3	0.0004513733
54.4	0.00043355229999999997
54.5	0.00045236159999999996
54.6	0.0004535598
54.7	0.0004338922
54.8	0.00039719190000000006
54.9	0.0004337608
55.0	0.0004572596
55.1	0.0004201652
55.2	0.00039753900000000003
55.3	0.0004248689
55.4	0.00039269619999999996
55.5	0.000410772
55.6	0.0004705767
55.7	0.0004758146
55.8	0.0004500289
55.9	0.00048125999999999996
56.0	0.0005050370000000001
56.1	0.0004861662000000001
56.2	0.0004483911
56.3	0.00047269360000000004
56.4	0.0004582947
56.5	0.0004883903000000001
56.6	0.00048363980000000006
56.7	0.0004375155
56.8	0.0004332274
56.9	0.00042213470000000003
57.0	0.0004356302
57.1	0.0004252864
57.2	0.0004442202
57.3	0.00039018559999999997
57.4	0.000390386
57.5	0.00044741869999999996
57.6	0.0004864819
57.7	0.0004246609
57.8	0.00042431350000000006
57.9	0.00043052339999999996
58.0	0.00045638609999999996
58.1	0.00041813410000000005
58.2	0.0004250709
58.3	0.00041167579999999997
58.4	0.0004430227
58.5	0.00044698560000000005
58.6	0.0003737933
58.7	0.00043536000000000003
58.8	0.000427403
58.9	0.00038848550000000005
59.0	0.0004732029
59.1	0.00046218799999999993
59.2	0.00043628730000000004
59.3	0.00045220779999999994
59.4	0.00041369940000000004
59.5	0.00044985930000000004
59.6	0.000430655
59.7	0.0004584108
59.8	0.000481647
59.9	0.0004026615
60.0	0.00044383420000000006
60.1	0.00043082600000000004
60.2	0.00044197160000000003
60.3	0.00045793930000000003
60.4	0.0004561782
60.5	0.00041451060000000003
60.6	0.00041736099999999994
60.7	0.0004622344
60.8	0.0004423197
60.9	0.0004293958
61.0	0.0003934532
61.1	0.00042225870000000003
61.2	0.00042665369999999995
61.3	0.0004222431
61.4	0.0004087485
61.5	0.00044976669999999996
61.6	0.0004219263
61.7	0.0004844895
61.8	0.0003949592
61.9	0.00043752229999999997
62.0	0.0004239971
62.1	0.0004088714
62.2	0.0004221586
62.3	0.00041885190000000007
62.4	0.0004386281
62.5	0.0004309182
62.6	0.0004096363
62.7	0.00047209879999999995
62.8	0.00046964219999999995
62.9	0.00039105109999999993
63.0	0.00040586660000000005
63.1	0.00040341779999999994
63.2	0.00041436439999999994
63.3	0.0004471864
63.4	0.0004600564
63.5	0.00045054670000000004
63.6	0.00042717909999999995
63.7	0.00042399700000000007
63.8	0.0004408982
63.9	0.0004329727
64.0	0.0004589898
64.1	0.0003692362
64.2	0.0003064646
64.3	0.00025789089999999997
64.4	0.00034059269999999993
64.5	0.0003776556
64.6	0.0004876718
64.7	0.0004520608
64.8	0.00042843899999999997
64.9	0.000479685
65.0	0.00041554579999999997
65.1	0.0004890855
65.2	0.0004348035
65.3	0.0003958861
65.4	0.0004659807
65.5	0.00044221900000000004
65.6	0.00044003310000000003
65.7	0.00044861589999999995
65.8	0.0004095751
65.9	0.00042856219999999997
66.0	0.00040152559999999995
66.1	0.0003936922
66.2	0.0004459506
66.3	0.0004149591
66.4	0.00048394050000000004
66.5	0.00040777459999999995
66.6	0.00043529810000000007
66.7	0.0004249934
66.8	0.00044422849999999997
66.9	0.0004569579
67.0	0.0004390526
67.1	0.00042596629999999995
67.2	0.00045513519999999997
67.3	0.00044289159999999993
67.4	0.0004376617
67.5	0.0004220581
67.6	0.00042903349999999995
67.7	0.0004199406
67.8	0.0004547419
67.9	0.00044381810000000005
68.0	0.00039363850000000004
68.1	0.00044145459999999997
68.2	0.0004662902
68.3	0.00047475649999999996
68.4	0.0004724159
68.5	0.0004462898
68.6	0.000446174
68.7	0.00044989050000000005
68.8	0.0004428756
68.9	0.0004653856
69.0	0.00046133780000000003
69.1	0.0004493724
69.2	0.000459144
69.3	0.00047329660000000005
69.4	0.0004215871
69.5	0.00043366829999999995
69.6	0.00040014229999999997
69.7	0.00044743399999999997
69.8	0.00042072089999999995
69.9	0.0004487935
70.0	0.0004820018
70.1	0.00045355179999999996
70.2	0.00042707890000000004
70.3	0.00045161290000000003
70.4	0.0003994471
70.5	0.0004469087
70.6	0.0004430923
70.7	0.00043329690000000004
70.8	0.00040950519999999996
70.9	0.0004514888
71.0	0.00045795469999999997
71.1	0.0004591595
71.2	0.00044211079999999995
71.3	0.0004394310999999999
71.4	0.00042761149999999995
71.5	0.00042992900000000006
71.6	0.0004592455
71.7	0.000407489
71.8	0.00040317840000000005
71.9	0.0004608202
72.0	0.0004135913
72.1	0.0004492488
72.2	0.00046571
72.3	0.00041568499999999995
72.4	0.00046832089999999997
72.5	0.0004188286
72.6	0.0004357066
72.7	0.00029309270000000003
72.8	0.0002672071
72.9	0.00019026860000000004
73.0	0.00020669929999999996
73.1	0.0001368519
73.2	0.00015072610000000004
73.3	0.00014822300000000006
73.4	0.0003436588
73.5	0.0003943958000000001
73.6	0.0004117922
73.7	0.00041071010000000004
73.8	0.00045504990000000005
73.9	0.0004013169
74.0	0.0004116912
74.1	0.0004052178
74.2	0.0004469238
74.3	0.0004522621
74.4	0.00045340520000000005
74.5	0.0004414467
74.6	0.0004074502
74.7	0.00043512
74.8	0.000464799
74.9	0.00041934640000000005
75.0	0.00044438249999999996
75.1	0.00046071260000000005
75.2	0.00041666559999999997
75.3	0.00040341809999999993
75.4	0.00042707069999999996
75.5	0.00047957659999999994
75.6	0.0004185275
75.7	0.0004725154
75.8	0.0004338847
75.9	0.00040385039999999995
76.0	0.00045472570000000003
76.1	0.00046567930000000003
76.2	0.0004466531
76.3	0.0004156619
76.4	0.00041900619999999994
76.5	0.00040796
76.6	0.00044382610000000006
76.7	0.00046534729999999996
76.8	0.0004113898
76.9	0.0005142524
77.0	0.00041665779999999997
77.1	0.0004322313
77.2	0.000399687
77.3	0.0004143097
77.4	0.0004731647
77.5	0.0004625119
77.6	0.00044603529999999995
77.7	0.000529146
77.8	0.0004284927
77.9	0.00044598099999999997
78.0	0.0004573057
78.1	0.00041970930000000004
78.2	0.0004530341
78.3	0.00041729180000000003
78.4	0.00042604380000000003
78.5	0.00043917639999999997
78.6	0.00044510010000000007
78.7	0.0004386816
78.8	0.00044240489999999996
78.9	0.0004112203
79.0	0.00043457939999999996
79.1	0.0003820122
79.2	0.00039343730000000006
79.3	0.0004424203
79.4	0.0004351891
79.5	0.0004821563
79.6	0.00042552649999999997
79.7	0.0004283078
79.8	0.0004025144
79.9	0.00042099980000000003
80.0	0.00043865800000000003
80.1	0.00044219610000000004
80.2	0.0004574138
80.3	0.0004052104
80.4	0.00041116580000000007
80.5	0.0003967283
80.6	0.0004509560000000001
80.7	0.00043877419999999997
80.8	0.0004390444
80.9	0.0004855473
81.0	0.0004490253
81.1	0.00044598880000000003
81.2	0.00040587389999999994
81.3	0.0003382439
81.4	0.0004887069
81.5	0.000466436
81.6	0.00040645349999999993
81.7	0.00040707160000000005
81.8	0.0004231854
81.9	0.0004172689
82.0	0.0004529957
82.1	0.0003962956
82.2	0.00043194560000000003
82.3	0.00042636029999999997
82.4	0.00045297170000000006
82.5	0.0004464217
82.6	0.0004556449
82.7	0.00042137000000000007
82.8	0.0004179709
82.9	0.0003835651
83.0	0.00043023890000000003
83.1	0.000387976
83.2	0.00042906439999999997
83.3	0.00045545169999999997
83.4	0.00040992960000000005
83.5	0.00035515429999999993
83.6	0.00038857109999999997
83.7	0.0004239194
83.8	0.0004441655
83.9	0.0003911817
84.0	0.000419895
84.1	0.000411707
84.2	0.00037268880000000004
84.3	0.0004340545
84.4	0.0004297745
84.5	0.00045603869999999994
84.6	0.0004088096
84.7	0.0004190294
84.8	0.0003803359
84.9	0.0004435249
85.0	0.00042050500000000005
85.1	0.0004385118
85.2	0.0004088258
85.3	0.00043071710000000004
85.4	0.0004134985
85.5	0.00038539560000000006
85.6	0.0004418251
85.7	0.0003803361
85.8	0.0004227221
85.9	0.00046123000000000003
86.0	0.0004242365
86.1	0.0004300834
86.2	0.0004832457
86.3	0.00045318100000000004
86.4	0.0004141709
86.5	0.0004306321999999999
86.6	0.0003892047
86.7	0.0004536593
86.8	0.00047253150000000005
86.9	0.00041250999999999994
87.0	0.00038478560000000005
87.1	0.00042055889999999995
87.2	0.00042468420000000006
87.3	0.00047657929999999997
87.4	0.00038803779999999993
87.5	0.000410432
87.6	0.00044549460000000004
87.7	0.0004294346
87.8	0.00042083690000000004
87.9	0.0004345411
88.0	0.0004171373
88.1	0.0004175236
88.2	0.00040544960000000004
88.3	0.00040405180000000005
88.4	0.00038065340000000003
88.5	0.0004088253
88.6	0.00044063580000000004
88.7	0.00045914439999999995
88.8	0.00042236639999999995
88.9	0.00039425630000000005
89.0	0.0004027143
89.1	0.00044433569999999993
89.2	0.0003992306
89.3	0.0004164651
89.4	0.0004185044
89.5	0.00043091019999999997
89.6	0.0004481831
89.7	0.00043179869999999997
89.8	0.00044470630000000006
89.9	0.0003905798
90.0	0.0004482372
90.1	0.0004616777
90.2	0.00043809409999999996
90.3	0.00041941559999999996
90.4	0.0004012082
90.5	0.0003852257000000001
90.6	0.000440141
90.7	0.0004235254
90.8	0.00043305799999999995
90.9	0.0004184421
91.0	0.00045368310000000006
91.1	0.00039134380000000005
91.2	0.000415978
91.3	0.00042999870000000003
91.4	0.00046593439999999996
91.5	0.00041739200000000005
91.6	0.0003907881
91.7	0.000435893
91.8	0.0004645514
91.9	0.0004074197
92.0	0.0004202964
92.1	0.00042840709999999993
92.2	0.00046665290000000005
92.3	0.0004502839
92.4	0.00040485470000000003
92.5	0.00036977649999999995
92.6	0.0004988344
92.7	0.0004142554
92.8	0.0003951909
92.9	0.0004112273
93.0	0.0004534893
93.1	0.00041281820000000003
93.2	0.00043563
93.3	0.00042015759999999993
93.4	0.0004009921
93.5	0.00038313219999999996
93.6	0.00044727170000000003
93.7	0.0003875201
93.8	0.0004582559
93.9	0.00045756849999999995
94.0	0.0004056654
94.1	0.0004014398
94.2	0.0004181023
94.3	0.0004457579
94.4	0.00042742670000000003
94.5	0.00043309610000000004
94.6	0.000419022
94.7	0.0004017493
94.8	0.0004580546
94.9	0.00042754980000000005
95.0	0.0003890426
95.1	0.00040021229999999994
95.2	0.0003832024
95.3	0.0004686921
95.4	0.0004319229
95.5	0.00041057830000000003
95.6	0.00043454869999999995
95.7	0.00039523710000000003
95.8	0.0004375458
95.9	0.0004436638
96.0	0.00038752060000000007
96.1	0.00047316479999999993
96.2	0.0005197915999999999
96.3	0.00048072759999999995
96.4	0.0004195551
96.5	0.00048709990000000004
96.6	0.00040795980000000006
96.7	0.0004317375
96.8	0.00040823799999999995
96.9	0.00038226739999999996
97.0	0.0004687464
97.1	0.00042282219999999996
97.2	0.0004900125999999999
97.3	0.00044889370000000004
97.4	0.000363674
97.5	0.00042282279999999995
97.6	0.0003904327
97.7	0.00039761639999999997
97.8	0.0004126641
97.9	0.00043885140000000006
98.0	0.00037162290000000004
98.1	0.0004352126
98.2	0.00042504760000000005
98.3	0.0003899151
98.4	0.0004154766
98.5	0.00040127800000000003
98.6	0.0004592374
98.7	0.0004331118
98.8	0.0004127957
98.9	0.0004439029
99.0	0.0003966431
99.1	0.00041833440000000005
99.2	0.0004326562
99.3	0.00041229379999999994
99.4	0.0004651083
99.5	0.00044167149999999993
99.6	0.0003894203
99.7	0.0004962234
99.8	0.0004915033
99.9	0.00041736080000000003
100.0	0.0004648533
100.1	0.0004532737
100.2	0.00041252540000000004
100.3	0.00045372960000000003
100.4	0.0004100686
100.5	0.00044368690000000003
100.6	0.00041313619999999994
100.7	0.00042427469999999995
100.8	0.000423649
100.9	0.00047238499999999997
101.0	0.00047280959999999997
101.1	0.00042441360000000005
101.2	0.0004102154
101.3	0.00043831060000000007
101.4	0.00042137809999999996
101.5	0.0003846472000000001
101.6	0.00043137400000000005
101.7	0.0004037343
101.8	0.00044226570000000003
101.9	0.0004048702
102.0	0.00048434260000000006
102.1	0.0004873702
102.2	0.00039469650000000005
102.3	0.00042778949999999993
102.4	0.0004074653
102.5	0.0004523315
102.6	0.000453853
102.7	0.0003733295
102.8	0.0004226991
102.9	0.00046301449999999994
103.0	0.0004200262
103.1	0.0004191527
103.2	0.0004271098
103.3	0.0004056811
103.4	0.00040154839999999997
103.5	0.00041638069999999996
103.6	0.00042568820000000004
103.7	0.000470176
103.8	0.0004066158
103.9	0.00044587349999999996
104.0	0.0004214781
104.1	0.00044859209999999997
104.2	0.00044914069999999997
104.3	0.0003828391
104.4	0.00038746630000000004
104.5	0.00040581250000000003
104.6	0.0004241119999999999
104.7	0.00040534930000000005
104.8	0.000466213
104.9	0.00045668799999999996
105.0	0.00039776330000000003
105.1	0.0004367343
105.2	0.0003898377
105.3	0.0003915142
105.4	0.00035637429999999995
105.5	0.00042551059999999997
105.6	0.0004007447
105.7	0.0004185505
105.8	0.0004049629
105.9	0.0004171678
106.0	0.000425155
106.1	0.00039364650000000005
106.2	0.0004021352
106.3	0.00040629929999999993
106.4	0.000483037
106.5	0.00043957709999999995
106.6	0.00039546150000000006
106.7	0.0003974311
106.8	0.00041213210000000004
106.9	0.0004225061
107.0	0.00043279519999999994
107.1	0.0004426598
107.2	0.00037685249999999996
107.3	0.00040218149999999994
107.4	0.0003958241
107.5	0.00039050249999999994
107.6	0.0004701136
107.7	0.000414302
107.8	0.00042362629999999997
107.9	0.00041159019999999994
108.0	0.0003789769
108.1	0.00042141620000000005
108.2	0.000447148
108.3	0.0004643817
108.4	0.000438148
108.5	0.00038301669999999993
108.6	0.00047287879999999993
108.7	0.000404692
108.8	0.0004360857
108.9	0.000418783
109.0	0.00045291799999999996
109.1	0.0004603344
109.2	0.000429906
109.3	0.0004140856
109.4	0.0004285084
109.5	0.00043787059999999997
109.6	0.00044608150000000004
109.7	0.000495798
109.8	0.0005065666000000001
109.9	0.0003970761
110.0	0.0004443433
110.1	0.0003777566
110.2	0.00043944569999999997
110.3	0.0004152599
110.4	0.00043652649999999997
110.5	0.000405944
110.6	0.00044693109999999995
110.7	0.00042285330000000005
110.8	0.0004336058
110.9	0.0005179145
111.0	0.0004686376
111.1	0.00044461410000000006
111.2	0.0004354832
111.3	0.0004594611
111.4	0.00042722589999999997
111.5	0.0004979070000000001
111.6	0.0004753507
111.7	0.000443888
111.8	0.0004543163
111.9	0.00045310360000000004
112.0	0.00045243919999999997
112.1	0.0004412461
112.2	0.0004371444
112.3	0.00043228539999999995
112.4	0.0004488778
112.5	0.00047184390000000004
112.6	0.00043958519999999995
112.7	0.00044971229999999995
112.8	0.0004298439
112.9	0.0004415084
113.0	0.00045430859999999993
113.1	0.0005041796
113.2	0.0004625902
113.3	0.0004474413
113.4	0.00043206150000000003
113.5	0.00047093980000000003
113.6	0.0004029154
113.7	0.0004067393
113.8	0.0004314048
113.9	0.00037041010000000003
114.0	0.0005234685
114.1	0.00043003709999999996
114.2	0.0004767178
114.3	0.00044540199999999996
114.4	0.000442768
114.5	0.0003977945
114.6	0.0004962006
114.7	0.00044730979999999996
114.8	0.0004937739
114.9	0.000415029
115.0	0.0003927809
115.1	0.00046335389999999993
115.2	0.00043164410000000005
115.3	0.00044897830000000004
115.4	0.00044764199999999994
115.5	0.00044343970000000003
115.6	0.0004213237
115.7	0.0004427213
115.8	0.00046099789999999997
115.9	0.000460921
116.0	0.0004470708
116.1	0.00043320430000000007
116.2	0.00039590189999999997
116.3	0.0004751197
116.4	0.0004586887
116.5	0.0004845977
116.6	0.0004508016
116.7	0.00043315800000000006
116.8	0.0005094171
116.9	0.00042283779999999997
117.0	0.0004670778
117.1	0.00042916490000000004
117.2	0.00044238999999999997
117.3	0.0004171838
117.4	0.00045023000000000003
117.5	0.00043699740000000003
117.6	0.000405936
117.7	0.00044626720000000004
117.8	0.00038528029999999994
117.9	0.00046856910000000004
118.0	0.0004675333
118.1	0.00043481119999999997
118.2	0.00043535249999999997
118.3	0.00043803230000000003
118.4	0.00047664910000000003
118.5	0.00042086080000000006
118.6	0.00041510549999999993
118.7	0.00045267849999999993
118.8	0.0004410058
118.9	0.00045142720000000003
119.0	0.00044740290000000005
119.1	0.0005088842
119.2	0.0004378702
119.3	0.00041237099999999997
119.4	0.0004253252
119.5	0.000430423
119.6	0.00044733309999999993
119.7	0.0004774827
119.8	0.00041705959999999994
119.9	0.00047440110000000003
120.0	0.00047303389999999996
120.1	0.0003880849
120.2	0.0004473102
120.3	0.00044923330000000005
120.4	0.000405828
120.5	0.00042840730000000005
120.6	0.0004273179
120.7	0.0005040328
120.8	0.00045949190000000006
120.9	0.0004327485
121.0	0.0004652157
121.1	0.00043010629999999997
121.2	0.0004491794
121.3	0.00047792330000000005
121.4	0.0003833722
121.5	0.00043106509999999993
121.6	0.00043347460000000003
121.7	0.00047851009999999995
121.8	0.0004645903
121.9	0.0004444674
122.0	0.00046854570000000003
122.1	0.00042296959999999997
122.2	0.00044485339999999996
122.3	0.00044460619999999996
122.4	0.0004603645
122.5	0.00046314559999999997
122.6	0.0004528872
122.7	0.00038925060000000004
122.8	0.000433267
122.9	0.0004656094
123.0	0.0004591289
123.1	0.0004429452
123.2	0.0004908078000000001
123.3	0.0004673637
123.4	0.000489642
123.5	0.00043577640000000005
123.6	0.0004524549
123.7	0.0004642577
123.8	0.0004320764
123.9	0.00045987020000000004
124.0	0.00040502480000000003
124.1	0.00044786600000000005
124.2	0.0004862121
124.3	0.0004961846
124.4	0.00045139690000000005
124.5	0.0004507091
124.6	0.00043058550000000005
124.7	0.0004598086
124.8	0.0004065311
124.9	0.00043005999999999996
125.0	0.0004486926
125.1	0.00041668909999999996
125.2	0.0003932914
125.3	0.00043409279999999996
125.4	0.00044826759999999996
125.5	0.0004291643
125.6	0.00048064200000000004
125.7	0.00048788809999999994
125.8	0.0004638958
125.9	0.00044019580000000005
126.0	0.0004711488
126.1	0.00043597769999999996
126.2	0.0004455259
126.3	0.0004332046
126.4	0.0004678964
126.5	0.0004295823
126.6	0.00043321189999999995
126.7	0.0005059793
126.8	0.00045073999999999993
126.9	0.0004199567
127.0	0.00044344720000000004
127.1	0.0003745272
127.2	0.0004246455
127.3	0.0004573601
127.4	0.00044639839999999995
127.5	0.0004117452
127.6	0.00044852250000000003
127.7	0.00043596260000000007
127.8	0.00046539410000000003
127.9	0.00042374190000000003
128.0	0.00046622039999999997
128.1	0.0004377387
128.2	0.0004532199
128.3	0.0004749879
128.4	0.0004700746
128.5	0.0004121623
128.6	0.00044887039999999995
128.7	0.00044457540000000003
128.8	0.0004794921
128.9	0.00043522820000000003
129.0	0.00040984429999999997
129.1	0.0004215097
129.2	0.00042447579999999995
129.3	0.0004555139
129.4	0.00048049489999999997
129.5	0.00042860049999999996
129.6	0.00044116880000000003
129.7	0.00040507129999999995
129.8	0.00043783939999999995
129.9	0.0004293192
130.0	0.0005276866000000001
130.1	0.0004345409
130.2	0.000419478
130.3	0.00041343699999999995
130.4	0.00041478839999999995
130.5	0.0004831142
130.6	0.0004715736
130.7	0.0005106843000000001
130.8	0.00039346050000000005
130.9	0.00043897540000000006
131.0	0.0004509019
131.1	0.00045562170000000004
131.2	0.00044285259999999997
131.3	0.00040241330000000006
131.4	0.00046561770000000006
131.5	0.0004406748
131.6	0.00041902200000000007
131.7	0.0004137067
131.8	0.0004510562
131.9	0.00044322329999999996
132.0	0.0004126418
132.1	0.00043519729999999995
132.2	0.00039515249999999997
132.3	0.00039329839999999996
132.4	0.00042248239999999993
132.5	0.00046807430000000007
132.6	0.00046181710000000003
132.7	0.00045029140000000004
132.8	0.0004438414
132.9	0.0004323703
133.0	0.0004547417
133.1	0.00046513129999999997
133.2	0.00043433960000000005
133.3	0.0004271792
133.4	0.00043648760000000004
133.5	0.0004040356
133.6	0.00044937989999999995
133.7	0.00042368770000000003
133.8	0.00044149339999999997
133.9	0.00043842629999999995
134.0	0.0004890003
134.1	0.000446228
134.2	0.0005071535
134.3	0.0004352516
134.4	0.00045260159999999995
134.5	0.00047379080000000003
134.6	0.0004732969
134.7	0.0004365956
134.8	0.00045024549999999995
134.9	0.000423672
135.0	0.00047952279999999997
135.1	0.00041363750000000007
135.2	0.0004231551
135.3	0.0004288707
135.4	0.00045417719999999996
135.5	0.00044877769999999994
135.6	0.0004550963
135.7	0.0003882233
135.8	0.00041347509999999993
135.9	0.0004441732
136.0	0.0004270411
136.1	0.00038183480000000006
136.2	0.00043668109999999994
136.3	0.00041037859999999997
136.4	0.00038823100000000006
136.5	0.0004352137
136.6	0.00041581589999999997
136.7	0.0003446555
136.8	0.00040622170000000003
136.9	0.00040859370000000003
137.0	0.0003712678
137.1	0.0003633184
137.2	0.0003861844
137.3	0.0003222686
137.4	0.0002698332000000001
137.5	0.00019311140000000007
137.6	0.00043955409999999997
137.7	0.0004347189
137.8	0.00038974470000000005
137.9	0.00044832969999999994
138.0	0.0004079916
138.1	0.0004442744
138.2	0.00042980560000000005
138.3	0.00043155139999999994
138.4	0.00045267859999999997
138.5	0.00043613200000000005
138.6	0.0004073109
138.7	0.0003817731
138.8	0.00043260189999999994
138.9	0.00043613949999999995
139.0	0.0004154145
139.1	0.00047176680000000004
139.2	0.0004490249
139.3	0.0004499826
139.4	0.000426878
139.5	0.0004052028
139.6	0.00044187940000000003
139.7	0.00044986699999999995
139.8	0.0004542618
139.9	0.00039619490000000003
140.0	0.00042777409999999994
140.1	0.0004321077
140.2	0.0004466847
140.3	0.00043604719999999997
140.4	0.0004376538
140.5	0.00042008029999999997
140.6	0.0004297438
140.7	0.00047690380000000004
140.8	0.0004459582
140.9	0.00047450100000000006
141.0	0.0004797615
141.1	0.00044828299999999995
141.2	0.0004444899
141.3	0.0004495193
141.4	0.0004419105
141.5	0.0004413854
141.6	0.00044350179999999996
141.7	0.00042617519999999995
141.8	0.00042114619999999997
141.9	0.0004613841
142.0	0.0005124607
142.1	0.00044699350000000003
142.2	0.0004682675
142.3	0.00046339250000000003
142.4	0.00045562210000000007
142.5	0.0004100997
142.6	0.0004576147
142.7	0.00040467659999999996
142.8	0.0004488706
142.9	0.00042611309999999997
143.0	0.0004703378
143.1	0.00044910189999999996
143.2	0.0004855549
143.3	0.0004477189
143.4	0.00044682289999999997
143.5	0.00045608549999999996
143.6	0.0004377925
143.7	0.0004245689
143.8	0.00045188279999999997
143.9	0.0004766179
144.0	0.000424205
144.1	0.00047143410000000005
144.2	0.0004261593
144.3	0.00047784570000000004
144.4	0.0004333286
144.5	0.00045239350000000005
144.6	0.0004393147
144.7	0.0004306632
144.8	0.0004634929
144.9	0.00041489660000000004
145.0	0.00033483009999999997
145.1	0.00029059759999999996
145.2	0.0003895902
145.3	0.00029985249999999993
145.4	0.0002521899
145.5	0.00026768599999999994
145.6	0.000167349
145.7	0.00017295739999999998
145.8	0.00020740959999999997
145.9	0.00014758890000000002
146.0	0.0001596478
146.1	0.0001438657
146.2	0.00016700130000000006
146.3	0.00014602859999999997
146.4	0.0001734821
146.5	0.0004888456000000001
146.6	0.00047435459999999995
146.7	0.000442088
146.8	0.00044299149999999995
146.9	0.00045132740000000004
147.0	0.0004346796
147.1	0.0005084671
147.2	0.00041652640000000004
147.3	0.00043224740000000005
147.4	0.00046086699999999995
147.5	0.000476448
147.6	0.00045053889999999993
147.7	0.000451914
147.8	0.0004302076
147.9	0.0004543014
148.0	0.0004108802
148.1	0.00045976990000000004
148.2	0.00042982120000000006
148.3	0.0004410835
148.4	0.0004491402
148.5	0.00047052260000000006
148.6	0.0003753919
148.7	0.0004337844
148.8	0.00048247300000000003
148.9	0.00041472689999999995
149.0	0.0004602332
149.1	0.00043091049999999996
149.2	0.00046823650000000003
149.3	0.0004262832
149.4	0.00041071799999999997
149.5	0.00043458710000000004
149.6	0.0004949873
149.7	0.00045086359999999996
149.8	0.00046421140000000005
149.9	0.0004431615
150.0	0.0004634083
150.1	0.0004330191
150.2	0.0004574064
150.3	0.0004254881
150.4	0.0004621646
150.5	0.00045342030000000005
150.6	0.0004395926
150.7	0.0004790514
150.8	0.00039718340000000004
150.9	0.0004512569
151.0	0.00045760729999999995
151.1	0.000495443
151.2	0.00042476179999999996
151.3	0.0004415163
151.4	0.00041774739999999997
151.5	0.00040619859999999996
151.6	0.0004098525
151.7	0.0004376699
151.8	0.0004665676
151.9	0.00046295250000000004
152.0	0.0004463753
152.1	0.0004511335
152.2	0.0004500449
152.3	0.00044317710000000004
152.4	0.0004442814
152.5	0.00045040010000000003
152.6	0.00041074859999999994
152.7	0.00042113860000000003
152.8	0.00039217049999999996
152.9	0.00048777290000000007
153.0	0.00046901679999999994
153.1	0.0004661045
153.2	0.0004915341999999999
153.3	0.00047186710000000003
153.4	0.0004800634
153.5	0.00048274320000000006
153.6	0.0004623574000000001
153.7	0.00038229799999999994
153.8	0.00040765089999999994
153.9	0.00032754500000000005
154.0	0.0003201069
154.1	0.0003470655000000001
154.2	0.0004355762
154.3	0.0004257268
154.4	0.0004495121
154.5	0.00041566150000000007
154.6	0.0003887717
154.7	0.000409953
154.8	0.0004524933
154.9	0.0004500672
155.0	0.0004553127
155.1	0.00041407799999999996
155.2	0.00042782789999999996
155.3	0.0004263214
155.4	0.00039780990000000003
155.5	0.00041258029999999995
155.6	0.00042463839999999994
155.7	0.00039689850000000003
155.8	0.0004271171
155.9	0.0004271171
156.0	0.0004317449
156.1	0.00043755319999999994
156.2	0.00043974749999999994
156.3	0.00048115949999999995
156.4	0.000473428
156.5	0.00043029210000000007
156.6	0.00039745419999999995
156.7	0.0004760462
156.8	0.00041553040000000003
156.9	0.0004577615
157.0	0.00047993210000000006
157.1	0.00044529399999999994
157.2	0.0004289172
157.3	0.0004456334
157.4	0.0004681207
157.5	0.00045467190000000006
157.6	0.00042717870000000003
157.7	0.0003845461
157.8	0.0003954383
157.9	0.0003820512000000001
158.0	0.000431088
158.1	0.00041067940000000003
158.2	0.0004241977
158.3	0.00043266429999999997
158.4	0.0004155222
158.5	0.0003954148
158.6	0.0004700907
158.7	0.0004238271
158.8	0.00041225489999999995
158.9	0.00046166249999999995
159.0	0.00042126260000000003
159.1	0.000421339
159.2	0.0004153838
159.3	0.0004150125
159.4	0.0004357999
159.5	0.00040141000000000005
159.6	0.00041630340000000006
159.7	0.00044286
159.8	0.00039475850000000005
159.9	0.0004408756
160.0	0.0004119926
160.1	0.00042558050000000006
160.2	0.000464397
160.3	0.00040160259999999997
160.4	0.000400645
160.5	0.00042830689999999997
160.6	0.00047021340000000006
160.7	0.0004142863
160.8	0.0004623653
160.9	0.00041253290000000005
161.0	0.00044951209999999993
161.1	0.0003839593
161.2	0.0004408286
161.3	0.0004670081
161.4	0.000422344
161.5	0.0004231701
161.6	0.00040472310000000004
161.7	0.0004909009
161.8	0.00042782810000000003
161.9	0.00045146619999999994
162.0	0.0004561011
162.1	0.0004745786
162.2	0.0004513271
162.3	0.00045005239999999997
162.4	0.0004625897
162.5	0.0004438953
162.6	0.00043632519999999995
162.7	0.00042710960000000005
162.8	0.00039436439999999994
162.9	0.0004768422
163.0	0.0004566807
163.1	0.00045079360000000005
163.2	0.00040473909999999997
163.3	0.0004635093
163.4	0.00044878530000000004
163.5	0.0004126101
163.6	0.00041988720000000004
163.7	0.00043693540000000003
163.8	0.00040748939999999995
163.9	0.00042419730000000007
164.0	0.0003941025
164.1	0.00041826440000000003
164.2	0.00043879710000000003
164.3	0.00043122710000000004
164.4	0.00045294970000000004
164.5	0.00041983300000000004
164.6	0.0004479045
164.7	0.00048366280000000005
164.8	0.0004810132
164.9	0.00042565760000000006
165.0	0.00043997919999999997
165.1	0.000508398
165.2	0.00046251960000000004
165.3	0.00042572659999999996
165.4	0.0003950602
165.5	0.000454718
165.6	0.0004606737
165.7	0.0004378088
165.8	0.00043134250000000004
165.9	0.0004366261
166.0	0.0004347729
166.1	0.0004528411
166.2	0.00042469210000000004
166.3	0.00043767740000000006
166.4	0.00048231120000000004
166.5	0.00040793690000000005
166.6	0.0004357227
166.7	0.00045410029999999997
166.8	0.00046448240000000003
166.9	0.0004295741
167.0	0.00046158530000000003
167.1	0.0004651852
167.2	0.00042053570000000006
167.3	0.00042201909999999997
167.4	0.00047269360000000004
167.5	0.0004371519
167.6	0.00043791679999999995
167.7	0.0004378857
167.8	0.0004096209
167.9	0.00044442060000000005
168.0	0.0004350275
168.1	0.00041023090000000007
168.2	0.0004455725
168.3	0.000425434
168.4	0.00042524779999999996
168.5	0.00041669680000000004
168.6	0.0004630223
168.7	0.0004044611
168.8	0.0004534431
168.9	0.00044216529999999995
169.0	0.00044462170000000005
169.1	0.000399602
169.2	0.0004896727
169.3	0.0004786802
169.4	0.00040685570000000004
169.5	0.000433475
169.6	0.0004383033
169.7	0.00047067009999999994
169.8	0.0004257039
169.9	0.00041462639999999994
170.0	0.0004074427
170.1	0.0004154145000000001
170.2	0.00042246650000000004
170.3	0.00045622459999999996
170.4	0.00041763929999999997
170.5	0.0004281448
170.6	0.0004548566
170.7	0.00042543400000000003
170.8	0.0004729712
170.9	0.00040191920000000005
171.0	0.0004125104
171.1	0.00044715470000000003
171.2	0.0004341854
171.3	0.0004128347
171.4	0.00044676130000000005
171.5	0.00041617130000000006
171.6	0.00041238710000000004
171.7	0.0004216871
171.8	0.0004766486
171.9	0.00043723669999999994
172.0	0.0004071485
172.1	0.0004124171
172.2	0.0005107996
172.3	0.000433807
172.4	0.00042053539999999996
172.5	0.00041922300000000003
172.6	0.00043196889999999995
172.7	0.0004703143
172.8	0.00045593099999999997
172.9	0.00042300830000000005
173.0	0.00047320369999999997
173.1	0.00043365299999999994
173.2	0.0004077279
173.3	0.0005148478
173.4	0.00047980840000000005
173.5	0.00045912910000000005
173.6	0.00039582450000000003
173.7	0.00041520599999999994
173.8	0.0004530498
173.9	0.00043322810000000005
174.0	0.0004481907
174.1	0.0004498666
174.2	0.00043895990000000003
174.3	0.00043821029999999996
174.4	0.0003839897
174.5	0.0004317747
174.6	0.00047626269999999994
174.7	0.00042296930000000003
174.8	0.0004697353
174.9	0.0004227371
175.0	0.0004519219
175.1	0.0004339385
175.2	0.00045949930000000003
175.3	0.00043539810000000007
175.4	0.00043071030000000005
175.5	0.00042603589999999994
175.6	0.0004677114
175.7	0.00043121890000000007
175.8	0.00043723659999999996
175.9	0.0004473949
176.0	0.0004432858
176.1	0.00043361389999999994
176.2	0.000457074
176.3	0.00047031429999999994
176.4	0.00041405470000000004
176.5	0.0004225132
176.6	0.0004458577
176.7	0.0004589049
176.8	0.00044040379999999997
176.9	0.0004456642
177.0	0.00043661890000000004
177.1	0.00044631339999999997
177.2	0.0004395704
177.3	0.00045550589999999996
177.4	0.00044429
177.5	0.00046029560000000004
177.6	0.0004960608
177.7	0.0004516591
177.8	0.00043177609999999996
177.9	0.00043194599999999995
178.0	0.000439995
178.1	0.0004910864999999999
178.2	0.0004085707
178.3	0.0004102155
178.4	0.0004011158
178.5	0.00046493749999999996
178.6	0.000430022
178.7	0.0004483527
178.8	0.0004977137
178.9	0.0004185117
179.0	0.00042008770000000005
179.1	0.0004598324
179.2	0.0004446141
179.3	0.00046153860000000004
179.4	0.00044951120000000005
179.5	0.00043596959999999996
179.6	0.0004332739
179.7	0.00044398839999999995
179.8	0.0004487387
179.9	0.0004664215
180.0	0.00039682840000000003
180.1	0.0004333203
180.2	0.00042996759999999995
180.3	0.0003789536
180.4	0.00043912140000000003
180.5	0.0004511412
180.6	0.0004397169
180.7	0.0004405583
180.8	0.0004002663
180.9	0.0004248542
181.0	0.0004692402
181.1	0.0004582173
181.2	0.00043584630000000004
181.3	0.00045507319999999997
181.4	0.00047115640000000006
181.5	0.0003990534
181.6	0.0004639185
181.7	0.0004502148
181.8	0.0004536056
181.9	0.00043166730000000005
182.0	0.0004481442
182.1	0.0004690785
182.2	0.0004785956
182.3	0.00046141529999999995
182.4	0.00045369860000000003
182.5	0.0004386353
182.6	0.00037971799999999997
182.7	0.00041982540000000005
182.8	0.00043006760000000006
182.9	0.0004320303
183.0	0.0004190063
183.1	0.00046880859999999996
183.2	0.00042232770000000003
183.3	0.0004383417
183.4	0.0004097682
183.5	0.00048272880000000003
183.6	0.00042715630000000004
183.7	0.0004479974
183.8	0.00047163539999999995
183.9	0.00044946520000000003
184.0	0.00046679179999999993
184.1	0.0003799503
184.2	0.000443803
184.3	0.00045639469999999996
184.4	0.0004157311
184.5	0.00045797739999999996
184.6	0.0004204669
184.7	0.0004559462
184.8	0.0004264612
184.9	0.0004541232
185.0	0.0004771511
185.1	0.0004699433
185.2	0.0004881897
185.3	0.0003966199
185.4	0.00045443210000000004
185.5	0.00042174920000000003
185.6	0.0004322005999999999
185.7	0.0004236493
185.8	0.0004579236
185.9	0.0004601482
186.0	0.00044694740000000003
186.1	0.00041986329999999997
186.2	0.00044426629999999996
186.3	0.0005002631
186.4	0.00046408820000000005
186.5	0.0004896335999999999
186.6	0.0004146729
186.7	0.00043259410000000005
186.8	0.00043621759999999996
186.9	0.00044614339999999995
187.0	0.0004666992
187.1	0.0004343398
187.2	0.00044206489999999997
187.3	0.0004780542
187.4	0.0004586345
187.5	0.00042968950000000003
187.6	0.00046871509999999995
187.7	0.00040917339999999995
187.8	0.0004346949
187.9	0.00039301340000000003
188.0	0.00040605259999999994
188.1	0.0005223018
188.2	0.00042966679999999994
188.3	0.0004864515
188.4	0.00045343559999999996
188.5	0.00043531339999999997
188.6	0.00041247880000000003
188.7	0.0004460892
188.8	0.0004348577
188.9	0.00043310410000000005
189.0	0.00042658420000000005
189.1	0.00042980529999999995
189.2	0.0004124326
189.3	0.0004667376
189.4	0.0004291643
189.5	0.0004150047
189.6	0.00045563700000000006
189.7	0.00043043130000000005
189.8	0.00044418119999999994
189.9	0.0004253951
190.0	0.00040297760000000004
190.1	0.00041945460000000003
190.2	0.00047271730000000004
190.3	0.00043486539999999996
190.4	0.0004144869
190.5	0.00042255950000000004
190.6	0.0004294352
190.7	0.00045579949999999996
190.8	0.00042946539999999994
190.9	0.00043772360000000004
191.0	0.0004132748
191.1	0.00038148729999999995
191.2	0.0004710719
191.3	0.0003855195
191.4	0.0003920315
191.5	0.00040911899999999994
191.6	0.00038197379999999997
191.7	0.0004147038
191.8	0.0004074506
191.9	0.00038911120000000005
192.0	0.0003949366
192.1	0.0004162956999999999
192.2	0.00042482329999999995
192.3	0.00041046249999999995
192.4	0.0004349427
192.5	0.0004191997
192.6	0.0004343862999999999
192.7	0.0004074422
192.8	0.0003938237
192.9	0.000413035
193.0	0.00041132800000000003
193.1	0.00037719230000000004
193.2	0.0004071259
193.3	0.0004165111
193.4	0.0004083845
193.5	0.0003974777
193.6	0.0004397166
193.7	0.0004696036
193.8	0.0004298982
193.9	0.0004089024
194.0	0.0004280212
194.1	0.0003975934
194.2	0.0004197327
194.3	0.0004192534
194.4	0.0003951058
194.5	0.00042175669999999993
194.6	0.00041105739999999997
194.7	0.00039583220000000006
194.8	0.00036745889999999996
194.9	0.00040008830000000004
195.0	0.00039986460000000003
195.1	0.0003956234
195.2	0.0004076667
195.3	0.0004271019
195.4	0.00036969909999999995
195.5	0.0003923486
195.6	0.00042144020000000004
195.7	0.00041209300000000004
195.8	0.0004151283
195.9	0.00045915150000000004
196.0	0.0003826079
196.1	0.00043634129999999997
196.2	0.0004319836
196.3	0.00042232799999999997
196.4	0.0004413928
196.5	0.00041088020000000004
196.6	0.00043900619999999994
196.7	0.0003867476
196.8	0.0004202967
196.9	0.0004084775
197.0	0.0003848403
197.1	0.00043390720000000005
197.2	0.0004271794
197.3	0.00042306239999999996
197.4	0.0003914213
197.5	0.000417067
197.6	0.00038679449999999994
197.7	0.00040490879999999994
197.8	0.0004536286
197.9	0.00042680820000000005
198.0	0.00043558359999999995
198.1	0.00042541009999999996
198.2	0.0004160634
198.3	0.00038911910000000003
198.4	0.0004289489
198.5	0.0004238194
198.6	0.0004602104
198.7	0.0003968594
198.8	0.00038372009999999997
198.9	0.0003805449
199.0	0.00042225069999999996
199.1	0.00045746080000000003
199.2	0.0004524549
199.3	0.0004662358
199.4	0.00041529939999999997
199.5	0.00042799
199.6	0.00039845859999999996
199.7	0.00039397820000000003
199.8	0.00041695910000000004
199.9	0.0004074268
200.0	0.00039248680000000005
200.1	0.00046462080000000006
200.2	0.0004512885
200.3	0.0004116989
200.4	0.0004252562
200.5	0.0004049326
200.6	0.0003865854
200.7	0.0004186356
200.8	0.0004676488
200.9	0.0004510562
201.0	0.00045056170000000006
201.1	0.00044703950000000005
201.2	0.00039424020000000003
201.3	0.0004320225
201.4	0.00042823
201.5	0.0004177781
201.6	0.00038030510000000003
201.7	0.00043957029999999996
201.8	0.0004133829
201.9	0.00038457680000000003
202.0	0.000424653
202.1	0.00044771940000000004
202.2	0.00044834480000000004
202.3	0.0004001042
202.4	0.00041835770000000003
202.5	0.0004263218
202.6	0.00043754549999999997
202.7	0.0004907692999999999
202.8	0.00044519380000000003
202.9	0.0004245371
203.0	0.00041595510000000006
203.1	0.0004290174
203.2	0.0003873741
203.3	0.0004563939
203.4	0.0004341701
203.5	0.00046930269999999997
203.6	0.0003886486
203.7	0.00043179129999999994
203.8	0.0003775857
203.9	0.0004013637
204.0	0.0004532116
204.1	0.00039997270000000003
204.2	0.0003992927
204.3	0.00037102809999999995
204.4	0.0004311496
204.5	0.00041906010000000005
204.6	0.00044374870000000007
204.7	0.0004011159
204.8	0.0004038192
204.9	0.00038847029999999997
205.0	0.0004204972
205.1	0.00041736890000000003
205.2	0.00045977759999999996
205.3	0.00044825260000000005
205.4	0.0004183578
205.5	0.00041724490000000003
205.6	0.00040707190000000004
205.7	0.0004460043
205.8	0.0004335062
205.9	0.0004011852
206.0	0.0004177013
206.1	0.00041804839999999994
206.2	0.00039746249999999996
206.3	0.00044391940000000006
206.4	0.0004446991
206.5	0.0004305085
206.6	0.00042061309999999995
206.7	0.0004708165
206.8	0.0004671092
206.9	0.00045206050000000007
207.0	0.00039226349999999996
207.1	0.00043281839999999994
207.2	0.00040275319999999996
207.3	0.00041127359999999996
207.4	0.00043478840000000005
207.5	0.00043680359999999997
207.6	0.00043746890000000003
207.7	0.00039332200000000004
207.8	0.000484165
207.9	0.00048557040000000003
208.0	0.0004114209
208.1	0.0004082076
208.2	0.0004419799
208.3	0.00039236379999999996
208.4	0.0004346564
208.5	0.0004638795
208.6	0.000386501
208.7	0.0004373918
208.8	0.000418188
208.9	0.0003961407
209.0	0.00036999330000000004
209.1	0.0004232781
209.2	0.00045643269999999996
209.3	0.00046043409999999994
209.4	0.00041838920000000004
209.5	0.00043492700000000005
209.6	0.00047009049999999995
209.7	0.00043260229999999997
209.8	0.0004498976
209.9	0.00045697319999999996
210.0	0.00048618840000000006
210.1	0.0004879574
210.2	0.000380916
210.3	0.0004330891
210.4	0.00040222060000000005
210.5	0.00042025749999999995
210.6	0.00039825740000000003
210.7	0.0003986441
210.8	0.0004053954
210.9	0.0004670544
211.0	0.00047486459999999996
211.1	0.00039019289999999996
211.2	0.0004051949
211.3	0.0004222891
211.4	0.0004209995
211.5	0.0004168515
211.6	0.00042216630000000007
211.7	0.0005006494000000001
211.8	0.00042629060000000006
211.9	0.00045394569999999995
212.0	0.0004287086
212.1	0.0004447603
212.2	0.00042542610000000005
212.3	0.00044710150000000005
212.4	0.0003821056
212.5	0.000437028
212.6	0.0004129736
212.7	0.00038587489999999995
212.8	0.0003975083
212.9	0.00048536250000000004
213.0	0.0004367583
213.1	0.00043075580000000006
213.2	0.0004227065
213.3	0.00042046630000000003
213.4	0.00038300130000000005
213.5	0.00046026460000000004
213.6	0.0004315512
213.7	0.00044801350000000004
213.8	0.0004771665
213.9	0.0005234451
214.0	0.00041071810000000005
214.1	0.0004066315
214.2	0.0004753979
214.3	0.00047485660000000005
214.4	0.00042795170000000006
214.5	0.00042960450000000005
214.6	0.00039124390000000003
214.7	0.00045637929999999997
214.8	0.0004575988
214.9	0.00043689689999999997
215.0	0.0004237885
215.1	0.00042433659999999997
215.2	0.0004143711
215.3	0.00042568799999999997
215.4	0.0004290173
215.5	0.0004227063
215.6	0.000451149
215.7	0.0004164416
215.8	0.00041676589999999997
215.9	0.00044179409999999994
216.0	0.0004291414
216.1	0.00043901369999999995
216.2	0.0004383576
216.3	0.0004265303
216.4	0.0004325097
216.5	0.00040758970000000005
216.6	0.00041274989999999994
216.7	0.00040766669999999996
216.8	0.00044397279999999994
216.9	0.0003897527
217.0	0.00040656979999999996
217.1	0.0004737366
217.2	0.00046279859999999993
217.3	0.00046669899999999994
217.4	0.0003690121
217.5	0.00040450710000000006
217.6	0.0004445444
217.7	0.000499893
217.8	0.00045315739999999996
217.9	0.0003955851
218.0	0.0004317364
218.1	0.00041885999999999996
218.2	0.0004098145
218.3	0.00039143650000000006
218.4	0.00037056459999999997
218.5	0.0004281679
218.6	0.00042332460000000003
218.7	0.0003663313
218.8	0.00037893059999999997
218.9	0.00042180240000000007
219.0	0.0003873121
219.1	0.0004062759
219.2	0.000396466
219.3	0.00043144319999999996
219.4	0.0004595848
219.5	0.00039456489999999995
219.6	0.00040549570000000004
219.7	0.000401448
219.8	0.0004106406
219.9	0.0003942174
220.0	0.0004060676
220.1	0.0004082306
220.2	0.000439083
220.3	0.000432765
220.4	0.00045134220000000004
220.5	0.00044303800000000004
220.6	0.00041393170000000005
220.7	0.00037796499999999996
220.8	0.00038798449999999997
220.9	0.0003775244
221.0	0.00044109099999999995
221.1	0.00040826879999999994
221.2	0.00041739939999999997
221.3	0.00040863200000000003
221.4	0.00042612079999999994
221.5	0.0004691865
221.6	0.000432301
221.7	0.00041292679999999993
221.8	0.00039344489999999994
221.9	0.0004352672
222.0	0.00046009450000000004
222.1	0.0004466298
222.2	0.00040674000000000005
222.3	0.0004147502
222.4	0.00040137119999999994
222.5	0.00040072979999999995
222.6	0.0004270785
222.7	0.0004108188
222.8	0.00040483180000000003
222.9	0.00046897070000000005
223.0	0.00043802479999999997
223.1	0.00043213920000000007
223.2	0.00041005379999999996
223.3	0.0004515511
223.4	0.0004310181
223.5	0.00037272700000000005
223.6	0.00041231620000000004
223.7	0.0004247769
223.8	0.00041212389999999995
223.9	0.000442335
224.0	0.0004294347
224.1	0.00042354889999999997
224.2	0.0004139309999999999
224.3	0.00041435580000000004
224.4	0.00044138529999999997
224.5	0.00039427099999999997
224.6	0.0004142024
224.7	0.00039697549999999994
224.8	0.0004101772
224.9	0.0004411
225.0	0.00039647360000000004
225.1	0.0004468544
225.2	0.00039144429999999995
225.3	0.00038964440000000005
225.4	0.0004439957
225.5	0.00043101859999999996
225.6	0.00042769700000000005
225.7	0.00041145929999999997
225.8	0.00043101829999999997
225.9	0.000417686
226.0	0.0004473018
226.1	0.00045651000000000003
226.2	0.00047270870000000004
226.3	0.0004912562000000001
226.4	0.0004236564
226.5	0.00045824790000000004
226.6	0.0004519448
226.7	0.0005005646
226.8	0.0004391912
226.9	0.0004546256
227.0	0.0004030855
227.1	0.0004179099
227.2	0.000373145
227.3	0.00040201209999999997
227.4	0.0004284613
227.5	0.00040317829999999996
227.6	0.0004393536
227.7	0.00041414749999999997
227.8	0.0004034175
227.9	0.0004008924
228.0	0.000431266
228.1	0.00046593409999999997
228.2	0.00044482280000000005
228.3	0.0004034022
228.4	0.00037466660000000005
228.5	0.00043243169999999996
228.6	0.00041678969999999995
228.7	0.00043644889999999996
228.8	0.0004113277
228.9	0.00044242080000000007
229.0	0.00042669290000000004
229.1	0.000422962
229.2	0.0004470622
229.3	0.00039156789999999993
229.4	0.0004338999
229.5	0.0004156772
229.6	0.00042868590000000003
229.7	0.0004068554
229.8	0.00043631799999999994
229.9	0.0004276194
230.0	0.0004485536
230.1	0.0004219108
230.2	0.00041954709999999997
230.3	0.00045224609999999993
230.4	0.00043899870000000004
230.5	0.0004564791
230.6	0.0004212934
230.7	0.00041279589999999996
230.8	0.0004780393
230.9	0.0003966588
231.0	0.00038978410000000004
231.1	0.00047619329999999997
231.2	0.00043439400000000006
231.3	0.0004023672
231.4	0.00041751529999999997
231.5	0.00042890969999999996
231.6	0.00042767360000000004
231.7	0.0004236879
231.8	0.0004133519
231.9	0.0004047852
232.0	0.0004526247
232.1	0.00044843780000000005
232.2	0.00039294290000000006
232.3	0.0004048702
232.4	0.00039993410000000004
232.5	0.00040881760000000005
232.6	0.00044158580000000004
232.7	0.0004122239
232.8	0.00044690059999999995
232.9	0.00042202689999999997
233.0	0.00047144950000000004
233.1	0.0004372673
233.2	0.0004246924
233.3	0.0003993088
233.4	0.0003904556
233.5	0.0004468772999999999
233.6	0.0004181333
233.7	0.0004243907
233.8	0.0004379785
233.9	0.0004821411
234.0	0.0004432545
234.1	0.00045029200000000003
234.2	0.00048757119999999997
234.3	0.0004978374
234.4	0.0004463368
234.5	0.0004189835
234.6	0.0004520686
234.7	0.00041676660000000004
234.8	0.0003792086
234.9	0.00046612000000000004
235.0	0.00045949210000000007
235.1	0.00047192869999999995
235.2	0.0004393302
235.3	0.00043730669999999996
235.4	0.0004820639
235.5	0.0005157359
235.6	0.00048776420000000003
235.7	0.00040931130000000003
235.8	0.00042124710000000006
235.9	0.0004418103
236.0	0.00044931070000000004
236.1	0.00038390490000000005
236.2	0.00043844960000000003
236.3	0.00047935969999999997
236.4	0.00045398399999999994
236.5	0.0003946889
236.6	0.00038708009999999997
236.7	0.00046080590000000004
236.8	0.0004412999
236.9	0.0004401338
237.0	0.0004481448
237.1	0.00044652930000000003
237.2	0.0004604886
237.3	0.000462265
237.4	0.00044094450000000003
237.5	0.00043111919999999995
237.6	0.00041630270000000004
237.7	0.0004379936
237.8	0.00047368209999999993
237.9	0.0003886864
238.0	0.00045504300000000003
238.1	0.0004153757
238.2	0.0004182571
238.3	0.00040074509999999997
238.4	0.0004164805
238.5	0.00045185959999999997
238.6	0.00040651589999999996
238.7	0.00046354760000000007
238.8	0.00045727520000000006
238.9	0.0005020942
239.0	0.00042370309999999997
239.1	0.00044726329999999993
239.2	0.00046613599999999997
239.3	0.0004069403
239.4	0.00048475950000000003
239.5	0.00047980770000000003
239.6	0.0003999334
239.7	0.0004202582
239.8	0.00044948830000000005
239.9	0.0003911511
240.0	0.00048292919999999996
240.1	0.00043329690000000004
240.2	0.00046367859999999996
240.3	0.00042922690000000004
240.4	0.0004299756
240.5	0.0004251708
240.6	0.00046977369999999996
240.7	0.0004362406
240.8	0.0004405197
240.9	0.0004707707
241.0	0.00046005620000000004
241.1	0.0004498746
241.2	0.0004188212
241.3	0.0004354914
241.4	0.00041208490000000004
241.5	0.00047337340000000005
241.6	0.0004322391
241.7	0.0005128549000000001
241.8	0.00046048840000000003
241.9	0.0004445909
242.0	0.00045477969999999996
242.1	0.0004190144
242.2	0.0004529255
242.3	0.0004026301
242.4	0.00041077169999999996
242.5	0.0004278049
242.6	0.00048778739999999997
242.7	0.00048040310000000005
242.8	0.000477799
242.9	0.0004572135
243.0	0.00045074769999999995
243.1	0.00044326970000000006
243.2	0.0004419494
243.3	0.00048173940000000005
243.4	0.0004060215
243.5	0.0004175465
243.6	0.00046002500000000003
243.7	0.0003949291
243.8	0.0004035182
243.9	0.00043149709999999996
244.0	0.00040061359999999996
244.1	0.00043660350000000004
244.2	0.0004717279
244.3	0.00044222660000000003
244.4	0.0004227689
244.5	0.00042995230000000004
244.6	0.000412626
244.7	0.00046011680000000005
244.8	0.00043005250000000006
244.9	0.00043342850000000003
245.0	0.00044077449999999996
245.1	0.00041237839999999995
245.2	0.0003676913
245.3	0.0004219035
245.4	0.00047121859999999996
245.5	0.00043583870000000005
245.6	0.0004853312
245.7	0.00038004250000000004
245.8	0.00044803620000000003
245.9	0.00044700849999999994
246.0	0.0004957136
246.1	0.0004337838
246.2	0.00046215730000000003
246.3	0.00041443400000000004
246.4	0.00042884749999999995
246.5	0.0004645822000000001
246.6	0.0004515891
246.7	0.0004520376
246.8	0.00044686210000000005
246.9	0.00042429770000000004
247.0	0.0004724922
247.1	0.00044747959999999996
247.2	0.00041080289999999997
247.3	0.0004802171
247.4	0.00043481149999999996
247.5	0.00045149640000000004
247.6	0.0004440731
247.7	0.000458696
247.8	0.00045602349999999996
247.9	0.0004506237
248.0	0.0004135217
248.1	0.0004929786
248.2	0.0004575992
248.3	0.0003938317
248.4	0.000489209
248.5	0.0004375844
248.6	0.000414773
248.7	0.0004686072
248.8	0.0004040894
248.9	0.00047106389999999995
249.0	0.0004280676
249.1	0.0004436407
249.2	0.00041758489999999996
249.3	0.0004725464
249.4	0.0004625666
249.5	0.00045365969999999994
249.6	0.000425356
249.7	0.0004232316
249.8	0.0004594223
249.9	0.0004936657
250.0	0.00040851609999999997
250.1	0.00042952800000000004
250.2	0.00043803280000000004
250.3	0.0004493265
250.4	0.0004216024
250.5	0.00041379279999999996
250.6	0.0004064692
250.7	0.0004196087
250.8	0.00042078380000000004
250.9	0.00045480319999999995
251.0	0.0003846933
251.1	0.0004589124
251.2	0.00046435860000000004
251.3	0.00045700419999999996
251.4	0.00041651130000000005
251.5	0.00047178209999999994
251.6	0.0004705923
251.7	0.0004245449
251.8	0.0004302232
251.9	0.0004367043
252.0	0.00041463400000000004
252.1	0.0004233011
252.2	0.0004647216
252.3	0.0004611911
252.4	0.0005087449
252.5	0.0004485301
252.6	0.00046779650000000004
252.7	0.00046496879999999996
252.8	0.0004425904
252.9	0.00041311239999999996
253.0	0.0004590903
253.1	0.00045473320000000004
253.2	0.0005169641
253.3	0.00045432379999999997
253.4	0.0004441203
253.5	0.00043350530000000004
253.6	0.00044995180000000003
253.7	0.00045713560000000005
253.8	0.00043425539999999996
253.9	0.0004620104
254.0	0.00044145489999999996
254.1	0.0004495888
254.2	0.0004919592
254.3	0.00046593409999999997
254.4	0.00045254769999999994
254.5	0.0004264837
254.6	0.00043245519999999995
254.7	0.0005022484
254.8	0.0005037322
254.9	0.00044724060000000005
255.0	0.00048339250000000003
255.1	0.00045817060000000003
255.2	0.0004428683
255.3	0.00043584630000000004
255.4	0.00046414209999999994
255.5	0.00045749820000000004
255.6	0.0004654635
255.7	0.0004658492
255.8	0.0004572053
255.9	0.00043749140000000006
256.0	0.00045887390000000003
256.1	0.0004563018
256.2	0.0004535975
256.3	0.00046542459999999997
256.4	0.00043085659999999996
256.5	0.0004111275
256.6	0.00042928079999999993
256.7	0.00045165879999999997
256.8	0.0004655101
256.9	0.0004965786000000001
257.0	0.0004535827
257.1	0.0004770197
257.2	0.0004318988
257.3	0.00044646769999999995
257.4	0.00048197950000000006
257.5	0.00045529770000000004
257.6	0.0004593148
257.7	0.0004548261
257.8	0.00043512050000000006
257.9	0.0004829056
258.0	0.0004939835
258.1	0.0004698892
258.2	0.00047148100000000005
258.3	0.00045510419999999997
258.4	0.00045340459999999996
258.5	0.00047712810000000004
258.6	0.0004732272
258.7	0.0004527484
258.8	0.00046960369999999994
258.9	0.00042270659999999995
259.0	0.0004569426
259.1	0.00047055359999999995
259.2	0.00046473689999999997
259.3	0.00044394930000000006
259.4	0.0004512498
259.5	0.00047073120000000007
259.6	0.00045521220000000005
259.7	0.0004520225
259.8	0.00044492309999999993
259.9	0.0004456565
260.0	0.000489904
260.1	0.0004275424000000001
260.2	0.0004690169
260.3	0.00042665439999999997
260.4	0.00043719049999999996
260.5	0.00040749720000000006
260.6	0.00044479189999999997
260.7	0.0004379938
260.8	0.00047801559999999997
260.9	0.0005030828
261.0	0.00046606599999999995
261.1	0.00045712780000000005
261.2	0.00042282230000000005
261.3	0.00048560970000000004
261.4	0.00040973670000000003
261.5	0.0004253175
261.6	0.0005013136
261.7	0.0004441116
261.8	0.00046143849999999995
261.9	0.000453992
262.0	0.0004603569
262.1	0.0004615384
262.2	0.000505454
262.3	0.00044600449999999996
262.4	0.0003939087
262.5	0.0004616469
262.6	0.00046058869999999997
262.7	0.00048127509999999996
262.8	0.00047633119999999994
262.9	0.00044248960000000005
263.0	0.00047379099999999994
263.1	0.0004853929
263.2	0.0004512807
263.3	0.000469982
263.4	0.00046201810000000005
263.5	0.0004091651999999999
263.6	0.0004655406
263.7	0.0004628825
263.8	0.0004640957
263.9	0.00047590690000000004
264.0	0.000454007
264.1	0.00046479870000000007
264.2	0.00047765240000000004
264.3	0.00043369940000000004
264.4	0.00044030320000000003
264.5	0.0004920667999999999
264.6	0.0004401875
264.7	0.0004542081
264.8	0.0004384187
264.9	0.00042802859999999994
265.0	0.000553804
265.1	0.00042143970000000004
265.2	0.00047097070000000005
265.3	0.0004921991999999999
265.4	0.0004971274999999999
265.5	0.00043693560000000005
265.6	0.000456634
265.7	0.0004948094
265.8	0.0004581787000000001
265.9	0.00048625809999999997
266.0	0.00044587279999999994
266.1	0.0004310731
266.2	0.00048151520000000003
266.3	0.00047875029999999995
266.4	0.0004616707
266.5	0.0004641429
266.6	0.00043895190000000007
266.7	0.0004446301
266.8	0.0004729947
266.9	0.0004672008
267.0	0.0004841804
267.1	0.0004450085
267.2	0.00048044160000000006
267.3	0.00046275179999999996
267.4	0.0004188131
267.5	0.0004484306
267.6	0.0004764166
267.7	0.00046078970000000004
267.8	0.00044399610000000003
267.9	0.0005434907
268.0	0.00044225840000000003
268.1	0.0004834541
268.2	0.0004668234
268.3	0.00043661880000000006
268.4	0.0005243564
268.5	0.0004614618
268.6	0.0004896652
268.7	0.0004437876
268.8	0.00045984739999999996
268.9	0.000480295
269.0	0.0004952808
269.1	0.00047341230000000003
269.2	0.00046727050000000005
269.3	0.0004811987
269.4	0.00038791419999999996
269.5	0.00048601929999999996
269.6	0.0004844272
269.7	0.0005050528
269.8	0.000505122
269.9	0.00048281330000000006
270.0	0.0004902437
270.1	0.0004694722
270.2	0.00046886190000000003
270.3	0.0004896878
270.4	0.00045113370000000007
270.5	0.0004731963
270.6	0.000478735
270.7	0.00042021109999999996
270.8	0.0004705461999999999
270.9	0.00046344660000000005
271.0	0.000495497
271.1	0.00047654859999999997
271.2	0.000487317
271.3	0.0005025188
271.4	0.0004661892
271.5	0.0004779153
271.6	0.0004620599
271.7	0.00047313179999999995
271.8	0.000547217
271.9	0.0004918404
272.0	0.0004972608999999999
272.1	0.00041057460000000007
272.2	0.000478035
272.3	0.0004516436
272.4	0.00047789599999999995
272.5	0.0004724912
272.6	0.00047866040000000003
272.7	0.0004421854
272.8	0.000466075
272.9	0.0004715416
273.0	0.0005053758
273.1	0.0004859185
273.2	0.00047785739999999996
273.3	0.00046911740000000004
273.4	0.0004775873
273.5	0.0004864743
273.6	0.00048089970000000004
273.7	0.0004795484
273.8	0.0004772014
273.9	0.00046660740000000004
274.0	0.00047788040000000005
274.1	0.0004648857
274.2	0.0005121939999999999
274.3	0.0005045265999999999
274.4	0.0005150040999999999
274.5	0.0004914703
274.6	0.0004902191999999999
274.7	0.00046879269999999996
274.8	0.0004708235
274.9	0.00045685569999999996
275.0	0.0005012376
275.1	0.000490018
275.2	0.00043454940000000003
275.3	0.0004976004000000001
275.4	0.0004999863
275.5	0.0005233044
275.6	0.0004950445
275.7	0.0004886595
275.8	0.0004629474
275.9	0.0004740201
276.0	0.00047763349999999994
276.1	0.00047817400000000005
276.2	0.00047460680000000003
276.3	0.0004937011
276.4	0.00044853989999999995
276.5	0.00043521310000000003
276.6	0.0004543850000000001
276.7	0.00045077180000000004
276.8	0.0004861964
276.9	0.0004678585
277.0	0.0004915163
277.1	0.00042299799999999995
277.2	0.00048470579999999994
277.3	0.0004910916999999999
277.4	0.0005371714
277.5	0.0004685535
277.6	0.0005144255
277.7	0.00048023580000000003
277.8	0.0004679817
277.9	0.00047441350000000003
278.0	0.0004768924
278.1	0.0005150814
278.2	0.0004833937
278.3	0.0005221001
278.4	0.00044959799999999995
278.5	0.00042929139999999997
278.6	0.0004831236
278.7	0.0004998168
278.8	0.0004906593000000001
278.9	0.0004908835000000001
279.0	0.0004997856
279.1	0.00043882689999999994
279.2	0.0004831314
279.3	0.00049164
279.4	0.00048451329999999994
279.5	0.0004771004
279.6	0.000515205
279.7	0.0004973686
279.8	0.00048490699999999997
279.9	0.00047215170000000005
280.0	0.0004963423
280.1	0.00048661320000000007
280.2	0.0005290029000000001
280.3	0.0004780115
280.4	0.0004383557
280.5	0.00047670740000000007
280.6	0.0005157763
280.7	0.0005369323
280.8	0.0004949756
280.9	0.0004478217
281.0	0.00044579919999999994
281.1	0.00046917890000000004
281.2	0.0004875324000000001
281.3	0.0004919643
281.4	0.0004921343000000001
281.5	0.0004652175
281.6	0.0004645461
281.7	0.0004333989
281.8	0.0005273197
281.9	0.0005066037
282.0	0.0004760815
282.1	0.0005077927
282.2	0.0004515127
282.3	0.0004913777
282.4	0.0005110122
282.5	0.0004871614
282.6	0.0004868761
282.7	0.0004820653
282.8	0.0005135218
282.9	0.00044245539999999994
283.0	0.0004778576
283.1	0.0004869379
283.2	0.0005175674
283.3	0.0005022874
283.4	0.0004820886
283.5	0.00047307029999999996
283.6	0.0004191685
283.7	0.0004645461
283.8	0.0004641752
283.9	0.0004858873999999999
284.0	0.0004827374
284.1	0.00038838450000000004
284.2	0.00044230869999999995
284.3	0.0005018551000000001
284.4	0.0005350794000000001
284.5	0.0004845594
284.6	0.00047493890000000003
284.7	0.0004885280999999999
284.8	0.0004603459
284.9	0.000497732
285.0	0.0004913465
285.1	0.0004870227
285.2	0.0004579292
285.3	0.0005125953
285.4	0.0004298859
285.5	0.0005150815
285.6	0.0005282538
285.7	0.0004811234
285.8	0.00047778789999999995
285.9	0.0005051132
286.0	0.00047045279999999995
286.1	0.0005123636
286.2	0.0004987278
286.3	0.0004877484
286.4	0.0004939559
286.5	0.00044031739999999994
286.6	0.0004956701
286.7	0.0004676193
286.8	0.0005022642
286.9	0.0004954619000000001
287.0	0.000512325
287.1	0.00047938619999999995
287.2	0.0005168731
287.3	0.0004570101
287.4	0.0005038627
287.5	0.0004975233
287.6	0.0005008359
287.7	0.00047265340000000004
287.8	0.0005481668
287.9	0.000446664
288.0	0.00046737240000000005
288.1	0.0004897946
288.2	0.0004919562
288.3	0.0005092518999999999
288.4	0.0004773015
288.5	0.0004959249999999999
288.6	0.0004637894
288.7	0.0004881344
288.8	0.0005206714
288.9	0.0004737961
289.0	0.000498056
289.1	0.000493269
289.2	0.0004924891
289.3	0.0005075071000000001
289.4	0.0004950216
289.5	0.0004969827
289.6	0.0004849374
289.7	0.0005004034000000001
289.8	0.0004939406
289.9	0.00045575960000000007
290.0	0.00045296420000000005
290.1	0.00047900810000000004
290.2	0.00043981549999999993
290.3	0.0004392512
290.4	0.0004851852000000001
290.5	0.0005164093000000001
290.6	0.00046803600000000007
290.7	0.00047769519999999995
290.8	0.0005230188
290.9	0.0004910531
291.0	0.0004669548
291.1	0.0005046885999999999
291.2	0.0004946051
291.3	0.0004176243
291.4	0.0004954153
291.5	0.0005222856
291.6	0.0005056847
291.7	0.000543403
291.8	0.0004660518
291.9	0.00046803590000000004
292.0	0.0005125951000000001
292.1	0.000462971
292.2	0.00046642200000000003
292.3	0.0005120313
292.4	0.0004800272
292.5	0.00044379140000000005
292.6	0.0004641368
292.7	0.0005271033
292.8	0.0004980716
292.9	0.0004623454
293.0	0.0005144791
293.1	0.0005122246
293.2	0.00048299959999999995
293.3	0.0005006894
293.4	0.0004798031
293.5	0.0004797184
293.6	0.0004833703
293.7	0.00046624489999999997
293.8	0.0004779807
293.9	0.0004839187
294.0	0.0005264779999999999
294.1	0.0004992145
294.2	0.0004688471
294.3	0.0005143094
294.4	0.0004653261
294.5	0.0004892618
294.6	0.00047537120000000005
294.7	0.0004602219
294.8	0.00044918119999999995
294.9	0.00045746600000000007
295.0	0.0004835561
295.1	0.00048781769999999995
295.2	0.000470862
295.3	0.000468669
295.4	0.00048076849999999997
295.5	0.00048827329999999995
295.6	0.0005016233
295.7	0.0005186875
295.8	0.00047845969999999995
295.9	0.0004559522
296.0	0.0004719664
296.1	0.00046931729999999996
296.2	0.0005042644000000001
296.3	0.0004998708
296.4	0.0004956088999999999
296.5	0.00047062279999999997
296.6	0.0004752708
296.7	0.0005153130000000001
296.8	0.0005031828999999999
296.9	0.0005192742
297.0	0.0004955000000000001
297.1	0.0004800736
297.2	0.0005034297
297.3	0.0004981024
297.4	0.0005166489
297.5	0.0004758806
297.6	0.0004043749
297.7	0.0004922422
297.8	0.0005348628
297.9	0.000488096
298.0	0.000467372
298.1	0.0004928676999999999
298.2	0.0004926824000000001
298.3	0.0005100164
298.4	0.0005279067
298.5	0.0005140774999999999
298.6	0.0004883119
298.7	0.0005304851000000001
298.8	0.0004527786
298.9	0.0004542232
299.0	0.0005083945000000001
299.1	0.0005005967000000001
299.2	0.00048641280000000003
299.3	0.0005185481
299.4	0.0004892929
299.5	0.0004992527
299.6	0.0004238399
299.7	0.0004815099
299.8	0.0004658898
299.9	0.0004791165
300.0	0.0004897792
300.1	0.0005003262
300.2	0.00048028979999999996
300.3	0.0004699129
300.4	0.0005155442999999999
300.5	0.0004792783
300.6	0.0005091434999999999
300.7	0.00044221649999999995
300.8	0.0003861914
300.9	0.0004469649
301.0	0.00047962569999999993
301.1	0.0004952687999999999
301.2	0.0005010599
301.3	0.0004902037000000001
301.4	0.00048611940000000005
301.5	0.0004533043
301.6	0.0005505215
301.7	0.000494489
301.8	0.0005012144
301.9	0.0005070209
302.0	0.0004886054
302.1	0.0004812856
302.2	0.00047764140000000003
302.3	0.000495346
302.4	0.0005051517
302.5	0.0004965042999999999
302.6	0.0005021559999999999
302.7	0.00046445350000000004
302.8	0.0004894009
302.9	0.0005005731
303.0	0.0004522773
303.1	0.00048126229999999993
303.2	0.0005367629
303.3	0.0005173591
303.4	0.0004966433000000001
303.5	0.00047783460000000005
303.6	0.0005069973
303.7	0.0004719124
303.8	0.0004606312
303.9	0.0004881348
304.0	0.00046197510000000003
304.1	0.00047447559999999996
304.2	0.0005248178
304.3	0.00046731030000000007
304.4	0.0004951221
304.5	0.0004653264
304.6	0.0004943194
304.7	0.0004254536
304.8	0.0005005037
304.9	0.0004794636
305.0	0.0004985814
305.1	0.0005307317999999999
305.2	0.0005014379000000001
305.3	0.0004687467
305.4	0.0005204709
305.5	0.0005244704
305.6	0.0004785062
305.7	0.0004930454
305.8	0.0004787067
305.9	0.0004683912
306.0	0.0005093755
306.1	0.0005024420000000001
306.2	0.000499678
306.3	0.00048755539999999995
306.4	0.00047268429999999996
306.5	0.0004793243
306.6	0.00048443639999999995
306.7	0.00047083890000000004
306.8	0.0005079081
306.9	0.0004882812
307.0	0.0005237912
307.1	0.0004698274
307.2	0.00046854570000000003
307.3	0.0005035076
307.4	0.0004969442999999999
307.5	0.0004939869
307.6	0.0005606368
307.7	0.00047470689999999996
307.8	0.0004549486
307.9	0.00048252890000000006
308.0	0.0004710321
308.1	0.0005023413
308.2	0.00047442919999999997
308.3	0.00045404539999999995
308.4	0.0004844051
308.5	0.00044791450000000006
308.6	0.00044852449999999996
308.7	0.0004863817
308.8	0.0004902424
308.9	0.00048408090000000005
309.0	0.00048061429999999997
309.1	0.0004918021
309.2	0.0005040476
309.3	0.0004903505
309.4	0.0005137226999999999
309.5	0.00046860759999999994
309.6	0.0005073141
309.7	0.00047885349999999996
309.8	0.00046789710000000003
309.9	0.0004677811
310.0	0.000510124
310.1	0.0005005036
310.2	0.0004765681
310.3	0.0005253504999999999
310.4	0.00044217789999999996
310.5	0.00047417420000000007
310.6	0.0005148265999999999
310.7	0.00049618
310.8	0.0005196217000000001
310.9	0.0004729317
311.0	0.0004966663999999999
311.1	0.0004724989
311.2	0.0004821967
311.3	0.000510804
311.4	0.0004921420000000001
311.5	0.0004799266
311.6	0.00046030709999999995
311.7	0.0005171664
311.8	0.0005034458
311.9	0.0004851852
312.0	0.00047129420000000005
312.1	0.000452655
312.2	0.0004986891999999999
312.3	0.0004548327
312.4	0.000458346
312.5	0.0004990059
312.6	0.0005164093
312.7	0.0005188416
312.8	0.0004930606
312.9	0.00043739870000000005
313.0	0.0004821042
313.1	0.0004902193
313.2	0.0005295047999999999
313.3	0.00048259860000000003
313.4	0.0004307653
313.5	0.0004879565
313.6	0.00047565670000000005
313.7	0.0004493357
313.8	0.0005015924000000001
313.9	0.0005092906
314.0	0.0004873854
314.1	0.0005084645
314.2	0.00046040780000000003
314.3	0.00047676890000000006
314.4	0.0004554738
314.5	0.00046534890000000007
314.6	0.0003888551
314.7	0.00045975899999999996
314.8	0.0005004034
314.9	0.00044373
315.0	0.0004898949
315.1	0.0005120934
315.2	0.0004665227
315.3	0.0005037854
315.4	0.0004789537
315.5	0.00047206670000000007
315.6	0.0005055615
315.7	0.0004354601
315.8	0.0004945588
315.9	0.0005111900999999999
316.0	0.0004340937
316.1	0.0004861343
316.2	0.0005033834
316.3	0.0004941882
316.4	0.00046567339999999997
316.5	0.0004354988
316.6	0.0004468951
316.7	0.00043502019999999995
316.8	0.00037755109999999993
316.9	0.00037780640000000004
317.0	0.00031618329999999993
317.1	0.0002775541
317.2	0.00029199300000000005
317.3	0.00031046199999999996
317.4	0.0002769131
317.5	0.0003863843
317.6	0.00045283300000000003
317.7	0.00044252539999999996
317.8	0.0005137149000000001
317.9	0.0004840501
318.0	0.0004755725
318.1	0.0004814245
318.2	0.00046460749999999997
318.3	0.0005056921999999999
318.4	0.00045328849999999994
318.5	0.0005233891999999999
318.6	0.00046785850000000004
318.7	0.00048232040000000003
318.8	0.0005139774
318.9	0.0004923964000000001
319.0	0.0004657353
319.1	0.0004784287
319.2	0.00046154249999999996
319.3	0.0004845056
319.4	0.0004609942
319.5	0.00047158009999999996
319.6	0.000516556
319.7	0.0005044647
319.8	0.0004987433
319.9	0.0004609173
320.0	0.00046487819999999996
320.1	0.00047800379999999996
320.2	0.00048303040000000004
320.3	0.0004925587
320.4	0.0004875091
320.5	0.000457018
320.6	0.00047940959999999996
320.7	0.00045385270000000005
320.8	0.00045850029999999997
320.9	0.0004650403
321.0	0.0005033449000000001
321.1	0.00047730940000000006
321.2	0.00046543429999999997
321.3	0.0004796182
321.4	0.0004789075
321.5	0.0004917327000000001
321.6	0.00048418869999999995
321.7	0.000453675
321.8	0.0004847138
321.9	0.0004817642
322.0	0.0004993532
322.1	0.0004837567
322.2	0.00048672930000000003
322.3	0.0005073757
322.4	0.0005178766
322.5	0.0004695653
322.6	0.0005429782
322.7	0.00047607359999999997
322.8	0.0005027893000000001
322.9	0.0004861654
323.0	0.0004929366
323.1	0.0004913541000000001
323.2	0.0004621218
323.3	0.0004860115
323.4	0.00048669079999999997
323.5	0.0004793091
323.6	0.000462029
323.7	0.00047230589999999994
323.8	0.0005271421
323.9	0.0005120934000000001
324.0	0.0004510493
324.1	0.00047109370000000003
324.2	0.0004845208
324.3	0.0004677733
324.4	0.0005152898
324.5	0.0004238554
324.6	0.00043845619999999995
324.7	0.00044806139999999995
324.8	0.0004603847
324.9	0.0003623327
325.0	0.0003661086
325.1	0.0003460646
325.2	0.00033072980000000004
325.3	0.00022691059999999997
325.4	0.00021836350000000002
325.5	0.000257348
325.6	0.00017168870000000005
325.7	0.00014138299999999992
325.8	0.0002111439
325.9	0.00017506269999999994
326.0	0.00013925989999999996
326.1	0.0002312499999999999
326.2	0.00041388749999999994
326.3	0.00043458030000000005
326.4	0.0004726764
326.5	0.0005363998
326.6	0.0004902114000000001
326.7	0.0004900491
326.8	0.0004645847
326.9	0.0004973612
327.0	0.0004962802
327.1	0.0004694952
327.2	0.0004520689
327.3	0.000520764
327.4	0.000466693
327.5	0.0005102402
327.6	0.0005028123
327.7	0.00046026849999999996
327.8	0.00046106410000000005
327.9	0.0004212302
328.0	0.00048397310000000004
328.1	0.00047406670000000006
328.2	0.00048045939999999995
328.3	0.00047630519999999996
328.4	0.0004449111
328.5	0.00041620350000000003
328.6	0.0005310098000000001
328.7	0.0005371252
328.8	0.00047272310000000007
328.9	0.0004997547000000001
329.0	0.0004664378
329.1	0.0004067993
329.2	0.00047084659999999996
329.3	0.0004938789
329.4	0.0005241539
329.5	0.0004396065
329.6	0.00047726309999999994
329.7	0.00045462449999999994
329.8	0.0004417762
329.9	0.0005106801
330.0	0.0004789153
330.1	0.00048204239999999994
330.2	0.0004816103
330.3	0.0004770852
330.4	0.0004711555
330.5	0.0004794636
330.6	0.00046603599999999997
330.7	0.0004464011
330.8	0.0004773557
330.9	0.0004889063
331.0	0.00042109119999999997
331.1	0.0004494203
331.2	0.0004908754
331.3	0.00048205769999999995
331.4	0.00048394169999999996
331.5	0.00046318699999999994
331.6	0.0005007896
331.7	0.00047737879999999993
331.8	0.00047275370000000004
331.9	0.0004796256
332.0	0.0004690395
332.1	0.0004844592
332.2	0.0005110434
332.3	0.00046592819999999996
332.4	0.00048358680000000004
332.5	0.0004736878
332.6	0.0004895394999999999
332.7	0.0005145791000000001
332.8	0.0004721595
332.9	0.000435445
333.0	0.00046180480000000007
333.1	0.0005024807
333.2	0.000514927
333.3	0.000466067
333.4	0.0004883353
333.5	0.00044427029999999997
333.6	0.0003580244
333.7	0.00028698980000000003
333.8	0.0002790364
333.9	0.0002673466999999999
334.0	0.0003920131
334.1	0.00028321370000000006
334.2	0.0004269905
334.3	0.0004846211
334.4	0.0004940642000000001
334.5	0.0005010984999999999
334.6	0.00048075280000000004
334.7	0.000503268
334.8	0.0004747844
334.9	0.0004575045
335.0	0.00046250009999999995
335.1	0.0004958092999999999
335.2	0.0004730705
335.3	0.0005070745
335.4	0.0005008747000000001
335.5	0.00045972019999999996
335.6	0.0004822043
335.7	0.000492844
335.8	0.000516811
335.9	0.0005035689999999999
336.0	0.00047641339999999994
336.1	0.000487648
336.2	0.0003839369
336.3	0.0004737191
336.4	0.0004680134
336.5	0.0005222392
336.6	0.00046725630000000003
336.7	0.00044982940000000003
336.8	0.0004373062
336.9	0.0005174443
337.0	0.0005176449
337.1	0.00046283219999999995
337.2	0.0005070046999999999
337.3	0.0004645078
337.4	0.0004282951
337.5	0.00046092510000000003
337.6	0.0004895012999999999
337.7	0.000472839
337.8	0.0004880883
337.9	0.0005273812
338.0	0.00045348949999999996
338.1	0.0005142937
338.2	0.00050953
338.3	0.0004877792
338.4	0.0004520687
338.5	0.0004609327
338.6	0.0004625156
338.7	0.0004256544
338.8	0.0004668238
338.9	0.0005009359000000001
339.0	0.00048718449999999994
339.1	0.00047994989999999995
339.2	0.0004886438
339.3	0.00045131220000000006
339.4	0.0004518987
339.5	0.0004931995000000001
339.6	0.00045463940000000004
339.7	0.0005019478
339.8	0.00045162070000000004
339.9	0.000473472
340.0	0.0004424866
340.1	0.000473804
340.2	0.0004560682
340.3	0.0004920571
340.4	0.000485648
340.5	0.0004589561
340.6	0.00041817990000000006
340.7	0.0004302331
340.8	0.0004819269
340.9	0.0005485066
341.0	0.0004992298
341.1	0.0005116683
341.2	0.0004976781
341.3	0.0004493123
341.4	0.000550653
341.5	0.0004833167
341.6	0.0005104873999999999
341.7	0.00047419770000000006
341.8	0.0004967129
341.9	0.00044070329999999997
342.0	0.0004743595
342.1	0.0004842429
342.2	0.0004919949
342.3	0.0004097408
342.4	0.00037894119999999995
342.5	0.000372625
342.6	0.0004903347999999999
342.7	0.0004627242
342.8	0.00046267730000000004
342.9	0.00045210739999999996
343.0	0.0005131973000000001
343.1	0.000534755
343.2	0.0004853159
343.3	0.0004752323
343.4	0.0004555817
343.5	0.0004767072
343.6	0.0005176525
343.7	0.0004642451
343.8	0.0004980252000000001
343.9	0.0004628783
344.0	0.0004521225
344.1	0.0004925433
344.2	0.00045839989999999994
344.3	0.0004972451
344.4	0.0004488566
344.5	0.00045095690000000006
344.6	0.00048562540000000003
344.7	0.00044257920000000003
344.8	0.00046983499999999994
344.9	0.0004982338999999999
345.0	0.00047088500000000004
345.1	0.0004758733
345.2	0.0004865359
345.3	0.000483309
345.4	0.00047521650000000005
345.5	0.0004903271000000001
345.6	0.0005152201000000001
345.7	0.0005055766
345.8	0.00046239949999999996
345.9	0.0004913386999999999
346.0	0.0005177066
346.1	0.0005006971000000001
346.2	0.0005154751
346.3	0.0004957324
346.4	0.0005081942000000001
346.5	0.0004917327
346.6	0.00047318619999999997
346.7	0.0005124713999999999
346.8	0.0005257138
346.9	0.00048476039999999996
347.0	0.0004410196
347.1	0.00048142480000000005
347.2	0.0004720355
347.3	0.0005331025
347.4	0.0005292651
347.5	0.0005198069
347.6	0.00047830539999999997
347.7	0.0004344719
347.8	0.000500627
347.9	0.00045750420000000003
348.0	0.0005150045000000001
348.1	0.0005383991
348.2	0.00047552559999999996
348.3	0.000486752
348.4	0.0004548094
348.5	0.0005022023999999999
348.6	0.0004797182
348.7	0.0005010055999999999
348.8	0.000496558
348.9	0.00047594240000000006
349.0	0.00044250210000000003
349.1	0.00047895390000000004
349.2	0.0005069973999999999
349.3	0.00048113130000000003
349.4	0.0005264779999999999
349.5	0.00045950419999999997
349.6	0.0005008054
349.7	0.00047301640000000007
349.8	0.0004908061
349.9	0.0004977396
