0.0	0.00047862940000000003
0.1	0.00047220540000000004
0.2	0.0003999454
0.3	0.000524625
0.4	0.0004704555
0.5	0.0004878613
0.6	0.0004950243
0.7	0.0005056015
0.8	0.0004997767
0.9	0.0004964633
1.0	0.0004914155
1.1	0.0005071728999999999
1.2	0.0005086582
1.3	0.0004979718
1.4	0.0005125155999999999
1.5	0.0005059051000000001
1.6	0.000489331
1.7	0.0005151833
1.8	0.0005144518
1.9	0.0005092879
2.0	0.000497295
2.1	0.0004953277000000001
2.2	0.0005167077
2.3	0.0005394491
2.4	0.0005093421999999999
2.5	0.0004504207
2.6	0.00044294690000000003
2.7	0.0005015959
2.8	0.0004938734000000001
2.9	0.00044550540000000004
3.0	0.0004932510999999999
3.1	0.0005012072000000001
3.2	0.0004640083
3.3	0.0005172523
3.4	0.0004933133000000001
3.5	0.0004849369
3.6	0.0004918512
3.7	0.000487504
3.8	0.0005016897000000001
3.9	0.0005291825000000001
4.0	0.000480986
4.1	0.0005435240000000001
4.2	0.0005018683
4.3	0.0005018218
4.4	0.0005285838000000001
4.5	0.0004980030000000001
4.6	0.0005110071
4.7	0.00048454069999999996
4.8	0.0005114346
4.9	0.0005193755
5.0	0.0004896422
5.1	0.0004999863999999999
5.2	0.0005001578
5.3	0.0005004138000000001
5.4	0.0005065116
5.5	0.0005068693000000001
5.6	0.00047360549999999994
5.7	0.0005328145
5.8	0.0005062627
5.9	0.0005442398
6.0	0.0005059671
6.1	0.0005187063
6.2	0.000519018
6.3	0.0004484996
6.4	0.0005055314
6.5	0.0004962219999999999
6.6	0.0005232332
6.7	0.0005032451
6.8	0.0005231477999999999
6.9	0.00046608449999999997
7.0	0.0005479414000000001
7.1	0.0004944253
7.2	0.0005044272000000001
7.3	0.0005481516
7.4	0.0004762184
7.5	0.00046258460000000003
7.6	0.00048479700000000003
7.7	0.0005011142
7.8	0.000500204
7.9	0.0005176955
8.0	0.0005165752
8.1	0.0004292036
8.2	0.0004893699
8.3	0.00047826410000000003
8.4	0.0005107815
8.5	0.0004822304
8.6	0.0004919602
8.7	0.0005144985
8.8	0.0004869592
8.9	0.0005027242
9.0	0.0004998381000000001
9.1	0.0004916643
9.2	0.00047236859999999996
9.3	0.0004767393
9.4	0.00045297170000000006
9.5	0.00048201240000000006
9.6	0.00046943679999999994
9.7	0.0005008184
9.8	0.0005058815000000001
9.9	0.0005284595
10.0	0.0005071339
10.1	0.0004886468
10.2	0.0005100272
10.3	0.0004972486
10.4	0.0004918899
10.5	0.0005370147
10.6	0.0004817719
10.7	0.0005011998
10.8	0.00047554189999999993
10.9	0.0005221906000000001
11.0	0.00048325740000000004
11.1	0.0005279382
11.2	0.00044717770000000007
11.3	0.0004735977
11.4	0.0005311974000000001
11.5	0.0004728586
11.6	0.0005005618
11.7	0.0005080594999999999
11.8	0.0005096147
11.9	0.00048579219999999993
12.0	0.000481359
12.1	0.0004926287
12.2	0.00047775030000000003
12.3	0.0005376601
12.4	0.0004880634
12.5	0.0004991696
12.6	0.0004932277
12.7	0.0005247184
12.8	0.0004842445
12.9	0.0005001808
13.0	0.0005597479000000001
13.1	0.0005259627000000001
13.2	0.0005108126
13.3	0.0004821761
13.4	0.000505454
13.5	0.0004945263
13.6	0.0005067062000000001
13.7	0.0004837237
13.8	0.0004777426
13.9	0.0004926991999999999
14.0	0.0005200215
14.1	0.0004863056
14.2	0.000498804
14.3	0.0005352177
14.4	0.0005392699000000001
14.5	0.0005036957
14.6	0.0004965019
14.7	0.00048454810000000004
14.8	0.0005093348
14.9	0.000534246
15.0	0.00045768509999999997
15.1	0.0005042713
15.2	0.000499162
15.3	0.000497583
15.4	0.0005015726
15.5	0.0004936087
15.6	0.0005326826
15.7	0.0005050262000000001
15.8	0.0005273782000000001
15.9	0.0005042326000000001
16.0	0.0005319825
16.1	0.0005316945
16.2	0.0005010674
16.3	0.0005244926000000001
16.4	0.0004936554000000001
16.5	0.0005136045
16.6	0.0004801146
16.7	0.0005114343
16.8	0.00048189610000000003
16.9	0.00048545010000000004
17.0	0.0004971399
17.1	0.00048525609999999997
17.2	0.0004974971
17.3	0.00046675389999999996
17.4	0.0004969220999999999
17.5	0.0005032916999999999
17.6	0.0005115511
17.7	0.0005143668
17.8	0.0005113412000000001
17.9	0.0004977310000000001
18.0	0.0005262583
18.1	0.000511248
18.2	0.0004829536
18.3	0.0005288484999999999
18.4	0.0005216541999999999
18.5	0.0005020241
18.6	0.0004589138
18.7	0.00048814910000000004
18.8	0.00047036210000000003
18.9	0.0005471948
19.0	0.0004695064
19.1	0.0004937797
19.2	0.0004985787
19.3	0.0005109835
19.4	0.0005411680000000001
19.5	0.0005076626
19.6	0.00047995920000000003
19.7	0.00047445300000000006
19.8	0.0004485542
19.9	0.0004822461
20.0	0.0005055004
20.1	0.0005124224
20.2	0.0005199352000000001
20.3	0.00046905549999999997
20.4	0.0004837161
20.5	0.0005078882
20.6	0.0004914698000000001
20.7	0.0004999161
20.8	0.0004790183
20.9	0.0004469443
21.0	0.000491128
21.1	0.0005064181
21.2	0.0004938886
21.3	0.0004772917
21.4	0.0004842678
21.5	0.0005571894000000001
21.6	0.0005008259
21.7	0.0005482760999999999
21.8	0.0004884913
21.9	0.00047701180000000006
22.0	0.000481624
22.1	0.00046308999999999993
22.2	0.0004855977
22.3	0.000514273
22.4	0.0005165207
22.5	0.0004992784999999999
22.6	0.0004871846
22.7	0.000537761
22.8	0.0004763589
22.9	0.0004846956
23.0	0.0005025294
23.1	0.0005017517
23.2	0.0005182713
23.3	0.0005115355
23.4	0.0004875034
23.5	0.00044437
23.6	0.0005039058999999999
23.7	0.0005303648
23.8	0.0005006473999999999
23.9	0.0004972564
24.0	0.0004817175
24.1	0.0004845717
24.2	0.0005208531
24.3	0.0005334447999999999
24.4	0.0005103690000000001
24.5	0.0004581825
24.6	0.0004852478
24.7	0.0004838173
24.8	0.0005182867
24.9	0.0004846568
25.0	0.00047391659999999994
25.1	0.0004926056999999999
25.2	0.0005300929999999999
25.3	0.0005266860000000001
25.4	0.00047910410000000003
25.5	0.0004959811
25.6	0.000495763
25.7	0.0005483770000000001
25.8	0.0004773232
25.9	0.0004667066
26.0	0.0005179679999999999
26.1	0.0005071725
26.2	0.0005243216
26.3	0.00047673149999999994
26.4	0.0005234430000000001
26.5	0.0004897746
26.6	0.00045842360000000005
26.7	0.0004894171000000001
26.8	0.0005209852
26.9	0.00046276350000000005
27.0	0.0004922943
27.1	0.0005327836
27.2	0.0005083471
27.3	0.0004800996
27.4	0.0005211562
27.5	0.0005059201
27.6	0.0004936555
27.7	0.0004904201
27.8	0.00047043229999999995
27.9	0.00047719059999999994
28.0	0.00047981170000000004
28.1	0.0005278449
28.2	0.00046549339999999996
28.3	0.00048292269999999996
28.4	0.0005089847
28.5	0.0004776573
28.6	0.0005306757
28.7	0.0005431431
28.8	0.0005063481
28.9	0.0005201609000000001
29.0	0.0005243608
29.1	0.00046167470000000005
29.2	0.0005038436000000001
29.3	0.0004820279
29.4	0.000506838
29.5	0.0004990296
29.6	0.0004865003
29.7	0.00048608010000000004
29.8	0.0004911588000000001
29.9	0.000487433
30.0	0.0004920301
30.1	0.000552406
30.2	0.0004714665
30.3	0.0004840972
30.4	0.0004873637
30.5	0.0005095681
30.6	0.0005112949
30.7	0.0004558185
30.8	0.0005124768
30.9	0.0004773382
31.0	0.0005119402
31.1	0.0004928466
31.2	0.0005247494
31.3	0.00047465520000000006
31.4	0.0004693507000000001
31.5	0.0005110997999999999
31.6	0.0005157663000000001
31.7	0.0005064182000000001
31.8	0.0005050727999999999
31.9	0.0005476849
32.0	0.0004938812999999999
32.1	0.0005182635000000001
32.2	0.0004982519
32.3	0.0005095522
32.4	0.0005036185
32.5	0.0004926136
32.6	0.0005302401999999999
32.7	0.0004832727
32.8	0.00048363019999999994
32.9	0.0005292214
33.0	0.00048764380000000006
33.1	0.0005104698
33.2	0.000506286
33.3	0.0005603004
33.4	0.0004884602
33.5	0.00046586660000000004
33.6	0.00045321329999999994
33.7	0.0004971007999999999
33.8	0.0004514395
33.9	0.0005119013
34.0	0.0005197407999999999
34.1	0.0005068307
34.2	0.0005012384999999999
34.3	0.00047702730000000003
34.4	0.00047300679999999994
34.5	0.0004973107
34.6	0.0004899616999999999
34.7	0.0004690397999999999
34.8	0.00047588390000000006
34.9	0.000503945
35.0	0.0005548714
35.1	0.0005009196
35.2	0.0005271760000000001
35.3	0.00048240150000000004
35.4	0.0005426763999999999
35.5	0.0005079737
35.6	0.0004971164
35.7	0.0005202233000000001
35.8	0.0005171045
35.9	0.0005287007
36.0	0.0005164664000000001
36.1	0.0004846569
36.2	0.0005401255
36.3	0.00048222300000000005
36.4	0.0004527693
36.5	0.0004987651
36.6	0.0005194144
36.7	0.0004885611
36.8	0.0004754018
36.9	0.000525574
37.0	0.0004887946000000001
37.1	0.0005199664
37.2	0.0005054073
37.3	0.0005172054999999999
37.4	0.0005124924
37.5	0.0004757599
37.6	0.0005385232
37.7	0.0004955612
37.8	0.000514281
37.9	0.0004980340999999999
38.0	0.0005255196999999999
38.1	0.0004761564
38.2	0.0004890667
38.3	0.0005114266
38.4	0.00048504550000000004
38.5	0.0004912753999999999
38.6	0.0005267172
38.7	0.0005373722
38.8	0.0004885841000000001
38.9	0.00048484330000000004
39.0	0.0005133944
39.1	0.0005010675
39.2	0.0005101511000000001
39.3	0.0004876203
39.4	0.00048472690000000003
39.5	0.0004947214000000001
39.6	0.0004992552
39.7	0.00047561170000000005
39.8	0.0005149342
39.9	0.0005367576
40.0	0.0004810171
40.1	0.0005156969
40.2	0.00047393989999999997
40.3	0.0005015107
40.4	0.0005274409
40.5	0.0005194612
40.6	0.0004571714
40.7	0.0004699418
40.8	0.000530085
40.9	0.0004842291
41.0	0.0004373468
41.1	0.0005084249
41.2	0.0004787778
41.3	0.0004915010999999999
41.4	0.0005384922
41.5	0.00047077470000000005
41.6	0.0005156658000000001
41.7	0.0005005306999999999
41.8	0.0005264213999999999
41.9	0.0004996283999999999
42.0	0.0005343001
42.1	0.0005198577
42.2	0.000482985
42.3	0.00047295970000000003
42.4	0.0005143745999999999
42.5	0.0004767397
42.6	0.0005556881
42.7	0.0004924501999999999
42.8	0.0004982672
42.9	0.0005344943
43.0	0.00045682160000000004
43.1	0.0005060367
43.2	0.000492403
43.3	0.0005538603000000001
43.4	0.0004955842
43.5	0.0005043417000000001
43.6	0.0005103927
43.7	0.00047540940000000007
43.8	0.0004664264
43.9	0.0004993173999999999
44.0	0.0005453282
44.1	0.0004754095
44.2	0.0005164435
44.3	0.00048615800000000004
44.4	0.00046875229999999995
44.5	0.0004552035
44.6	0.0005337250000000001
44.7	0.0005341289
44.8	0.0004916798
44.9	0.0005048082999999999
45.0	0.0004974425999999999
45.1	0.0005072738
45.2	0.000447551
45.3	0.0004681065
45.4	0.0005159378
45.5	0.0004883432000000001
45.6	0.0004963932
45.7	0.000489401
45.8	0.0005185814999999999
45.9	0.0004681613
46.0	0.0005205498
46.1	0.0005122198
46.2	0.00047614840000000005
46.3	0.0004705563
46.4	0.0004829071
46.5	0.0005187145
46.6	0.00047278099999999997
46.7	0.0004757284
46.8	0.0004816858
46.9	0.0004378447
47.0	0.0005151209000000001
47.1	0.0004934923
47.2	0.00048564480000000003
47.3	0.0004937256
47.4	0.0004878693
47.5	0.0004823625
47.6	0.0004901558
47.7	0.0004609591
47.8	0.0005040768999999999
47.9	0.0005222914
48.0	0.0005253792
48.1	0.0004863681
48.2	0.0005074138
48.3	0.0004772298
48.4	0.00047458519999999993
48.5	0.00046524440000000005
48.6	0.00045349259999999993
48.7	0.0004977383000000001
48.8	0.0004802939
48.9	0.0004945189
49.0	0.0005003051
49.1	0.0005055235000000001
49.2	0.0004968905
49.3	0.0004515561
49.4	0.00046633370000000006
49.5	0.0004663491
49.6	0.0005057335
49.7	0.0005076629
49.8	0.00048342039999999995
49.9	0.0004937486999999999
50.0	0.0004891676
50.1	0.00046955310000000003
50.2	0.0004750673
50.3	0.0005120955999999999
50.4	0.0004955217
50.5	0.00047003519999999995
50.6	0.0004635025
50.7	0.00044783080000000003
50.8	0.0004589369
50.9	0.0004933522
51.0	0.0004748807
51.1	0.0004946276000000001
51.2	0.00044322679999999996
51.3	0.0004774471
51.4	0.0004522643
51.5	0.0004614879
51.6	0.000458836
51.7	0.0004621885
51.8	0.00045263720000000005
51.9	0.0004261943
52.0	0.0004194435
52.1	0.00044962740000000005
52.2	0.00041506489999999996
52.3	0.00043464020000000004
52.4	0.0004176705
52.5	0.00042379089999999993
52.6	0.00041167389999999997
52.7	0.00038246189999999994
52.8	0.00042499670000000004
52.9	0.00045054519999999996
53.0	0.0004607181
53.1	0.0004401313
53.2	0.0004484767
53.3	0.00047070440000000004
53.4	0.00042812340000000006
53.5	0.0004675623
53.6	0.00045815950000000004
53.7	0.00045708600000000005
53.8	0.0004046197
53.9	0.0003712782000000001
54.0	0.00040829079999999996
54.1	0.00045344630000000003
54.2	0.00047060339999999997
54.3	0.00040063
54.4	0.00042821639999999995
54.5	0.00047355060000000003
54.6	0.0004443081
54.7	0.0004637123
54.8	0.0004659368
54.9	0.0004859637
55.0	0.00044222330000000005
55.1	0.0004632459
55.2	0.0004974663
55.3	0.00047078220000000006
55.4	0.0005031358999999999
55.5	0.0005086269
55.6	0.0005124225
55.7	0.00042329300000000004
55.8	0.00048058990000000005
55.9	0.0005061612
56.0	0.0005208607
56.1	0.00044992320000000004
56.2	0.00046253019999999996
56.3	0.00046257709999999997
56.4	0.00043750250000000005
56.5	0.0004883125
56.6	0.0005030271
56.7	0.00046995010000000005
56.8	0.0005105948999999999
56.9	0.0004583304
57.0	0.0004996598
57.1	0.00046396910000000004
57.2	0.0004990686000000001
57.3	0.0005458964
57.4	0.0005050803
57.5	0.0005193210999999999
57.6	0.0004811495
57.7	0.0004667849
57.8	0.00048024700000000005
57.9	0.00046918790000000007
58.0	0.00046676139999999997
58.1	0.0005299218
58.2	0.0005015499
58.3	0.00048546609999999997
58.4	0.0004662088
58.5	0.0005468452000000001
58.6	0.00046103689999999994
58.7	0.0004686274
58.8	0.000509941
58.9	0.00046680759999999995
59.0	0.0004845872
59.1	0.0004941063
59.2	0.0004528862
59.3	0.0004534309
59.4	0.0004892067000000001
59.5	0.0004845171
59.6	0.0004968983000000001
59.7	0.0004898444999999999
59.8	0.00044592589999999994
59.9	0.00044280689999999994
60.0	0.00043522369999999996
60.1	0.0004360641
60.2	0.00044179539999999995
60.3	0.0004922478
60.4	0.0004808304
60.5	0.0004227102
60.6	0.00037991079999999996
60.7	0.00037815320000000006
60.8	0.0003636406
60.9	0.0004330925999999999
61.0	0.00045416959999999997
61.1	0.000414365
61.2	0.000417997
61.3	0.00042605419999999994
61.4	0.0004108963
61.5	0.00044743450000000003
61.6	0.00044148449999999997
61.7	0.0004630437
61.8	0.00041990209999999997
61.9	0.0004928311
62.0	0.0004764832
62.1	0.0004897979
62.2	0.0004787618
62.3	0.00048723939999999996
62.4	0.0004669553
62.5	0.0004437945000000001
62.6	0.000491921
62.7	0.0005195308000000001
62.8	0.0004912446
62.9	0.0004914621
63.0	0.00048430660000000004
63.1	0.00037984109999999994
63.2	0.0003515699
63.3	0.0003410475
63.4	0.0003622016
63.5	0.0003807744999999999
63.6	0.0004412977
63.7	0.0004748648
63.8	0.00046683889999999995
63.9	0.0004446344
64.0	0.00047783650000000005
64.1	0.0004930100999999999
64.2	0.0004649023
64.3	0.00048821920000000004
64.4	0.0004249419
64.5	0.0005076466
64.6	0.0005438977
64.7	0.0005392774
64.8	0.0005140553999999999
64.9	0.00047158320000000004
65.0	0.0004897051
65.1	0.0004676636
65.2	0.0004993719
65.3	0.0005044661999999999
65.4	0.00046633340000000006
65.5	0.0004813826
65.6	0.00048277510000000005
65.7	0.0004841279
65.8	0.0004908788
65.9	0.0005167695
66.0	0.0004808383
66.1	0.0004987342999999999
66.2	0.00047288930000000004
66.3	0.0005089382000000001
66.4	0.0004822768
66.5	0.0005130057
66.6	0.0005092801
66.7	0.00046925790000000003
66.8	0.00047579839999999996
66.9	0.0004667223
67.0	0.0004944099
67.1	0.00046253029999999994
67.2	0.0004913452999999999
67.3	0.00048175630000000006
67.4	0.00047297539999999996
67.5	0.0005044739
67.6	0.0004669326
67.7	0.0004943246
67.8	0.0004961675
67.9	0.0004842759
68.0	0.0004250201
68.1	0.0005157976999999999
68.2	0.00046966189999999994
68.3	0.00045166510000000005
68.4	0.00047943080000000004
68.5	0.0004897282000000001
68.6	0.0004712799
68.7	0.00046948359999999996
68.8	0.0004837391
68.9	0.0004859245
69.0	0.0004933987
69.1	0.0004731385
69.2	0.0004902490000000001
69.3	0.0004953354
69.4	0.00044652449999999996
69.5	0.0004957244
69.6	0.00048595600000000006
69.7	0.0005010909
69.8	0.0004954286
69.9	0.00046412469999999997
70.0	0.00046855830000000004
70.1	0.00045815149999999997
70.2	0.00044602670000000005
70.3	0.0005231939
70.4	0.00053276
70.5	0.0004839336
70.6	0.00047992839999999994
70.7	0.0004724465
70.8	0.00047342629999999993
70.9	0.00045883599999999996
71.0	0.0004682859
71.1	0.0004798197
71.2	0.00048066710000000003
71.3	0.00048348219999999994
71.4	0.00046533029999999996
71.5	0.00041595160000000006
71.6	0.000475985
71.7	0.0004605782
71.8	0.00043985169999999997
71.9	0.0004284964
72.0	0.0004153135
72.1	0.0004271432
72.2	0.00042502770000000004
72.3	0.0004384046
72.4	0.00039332719999999997
72.5	0.00029991239999999997
72.6	0.000375991
72.7	0.00021372290000000005
72.8	0.00020420340000000005
72.9	0.00015445889999999999
73.0	0.00017762859999999998
73.1	0.00015082690000000004
73.2	0.00014482299999999998
73.3	0.00015137910000000002
73.4	0.0002600925
73.5	0.0004891679999999999
73.6	0.0004271743
73.7	0.00044339779999999994
73.8	0.00041080260000000003
73.9	0.0003990981
74.0	0.0004329449
74.1	0.00043160739999999995
74.2	0.0004862512
74.3	0.000500126
74.4	0.0004676088999999999
74.5	0.00047225199999999994
74.6	0.0005025527999999999
74.7	0.0005006475000000001
74.8	0.0004982362000000001
74.9	0.0004418036
75.0	0.0004329374000000001
75.1	0.00046598310000000003
75.2	0.0005210707
75.3	0.0004520076
75.4	0.0004759852
75.5	0.0004526217
75.6	0.0004787229
75.7	0.00047440620000000004
75.8	0.0004609282
75.9	0.0004567437
76.0	0.0005032373
76.1	0.0004445799
76.2	0.0005135189
76.3	0.00045115199999999997
76.4	0.00043519260000000003
76.5	0.00048415899999999996
76.6	0.0004955767
76.7	0.0004991851000000001
76.8	0.00047421950000000007
76.9	0.0004667772
77.0	0.0004508019
77.1	0.00046179880000000003
77.2	0.0005360115
77.3	0.0004426436
77.4	0.0004299349
77.5	0.00044223140000000004
77.6	0.0004484609
77.7	0.0004768407
77.8	0.0004812975
77.9	0.00047539370000000003
78.0	0.0004770193
78.1	0.0004661313
78.2	0.0005094593
78.3	0.0004565959
78.4	0.0005247958
78.5	0.0005350080999999999
78.6	0.000466139
78.7	0.0004687911
78.8	0.0004930177000000001
78.9	0.0004927687
79.0	0.00046232829999999996
79.1	0.0004917578999999999
79.2	0.0004945730999999999
79.3	0.0004628881
79.4	0.00045798070000000005
79.5	0.0005002895000000001
79.6	0.00046568760000000004
79.7	0.0004956696
79.8	0.00046919539999999997
79.9	0.00047485729999999996
80.0	0.0004503353
80.1	0.00043707470000000005
80.2	0.00045319730000000007
80.3	0.0004983687
80.4	0.0004702687
80.5	0.00047713620000000003
80.6	0.00045526630000000006
80.7	0.00047855959999999997
80.8	0.00047354300000000004
80.9	0.00047175399999999996
81.0	0.0004675308
81.1	0.000467951
81.2	0.0004479399
81.3	0.00044296240000000006
81.4	0.0004288385
81.5	0.0005067059
81.6	0.00044452559999999996
81.7	0.00041745279999999996
81.8	0.0004100248
81.9	0.0004047443
82.0	0.00040281530000000005
82.1	0.0004010889999999999
82.2	0.0003052323
82.3	0.0003415916
82.4	0.0004266605
82.5	0.0004135483
82.6	0.00035885769999999994
82.7	0.0004519529
82.8	0.00041942009999999997
82.9	0.00042792869999999997
83.0	0.0003859851
83.1	0.00044669580000000005
83.2	0.0003784875
83.3	0.0004499699
83.4	0.00042946849999999997
83.5	0.0003878436
83.6	0.0004017341
83.7	0.0004423554
83.8	0.00039208259999999997
83.9	0.00041232709999999996
84.0	0.00041681479999999994
84.1	0.0003951078
84.2	0.00040366310000000005
84.3	0.0004212476
84.4	0.0003864051
84.5	0.00041780250000000006
84.6	0.0004830779
84.7	0.0004702451
84.8	0.00044717780000000005
84.9	0.0004676011
85.0	0.0004233013
85.1	0.00044197439999999995
85.2	0.00044414430000000004
85.3	0.00043943150000000006
85.4	0.00046808349999999995
85.5	0.00048079930000000006
85.6	0.00043937700000000007
85.7	0.0004115489
85.8	0.0004593807
85.9	0.0004929009
86.0	0.0004608815
86.1	0.0004636269
86.2	0.0004342357
86.3	0.0004680912
86.4	0.00045424729999999996
86.5	0.00045631600000000007
86.6	0.00046473159999999995
86.7	0.0004918591999999999
86.8	0.0004554759
86.9	0.00047112440000000004
87.0	0.000461776
87.1	0.0004968443
87.2	0.0004744526
87.3	0.0004634324
87.4	0.0004905601
87.5	0.00044823559999999994
87.6	0.00044421470000000003
87.7	0.00046904
87.8	0.00042405519999999996
87.9	0.00046281030000000007
88.0	0.0004721509
88.1	0.00048417489999999996
88.2	0.0004767551
88.3	0.0005017671
88.4	0.0004910890999999999
88.5	0.00036807349999999996
88.6	0.0004403177
88.7	0.0004566198
88.8	0.0004898679
88.9	0.00048081489999999996
89.0	0.000488919
89.1	0.00046358060000000005
89.2	0.0004883120999999999
89.3	0.00044405929999999995
89.4	0.0004363206
89.5	0.00047457749999999996
89.6	0.00046602190000000004
89.7	0.0005037351
89.8	0.000501487
89.9	0.0004754641000000001
90.0	0.00044131340000000006
90.1	0.0005048703
90.2	0.0005087672
90.3	0.00046030610000000004
90.4	0.0004900004
90.5	0.00047677030000000005
90.6	0.00041442689999999995
90.7	0.00044646999999999997
90.8	0.0004382492
90.9	0.0004871146
91.0	0.0004391044
91.1	0.00043302270000000005
91.2	0.00047848180000000006
91.3	0.00046954550000000004
91.4	0.0004089515
91.5	0.0004941921999999999
91.6	0.00046309799999999995
91.7	0.00046117729999999995
91.8	0.0004370127
91.9	0.00046932819999999994
92.0	0.0004837628
92.1	0.0005351247999999999
92.2	0.0005171122
92.3	0.00048202049999999995
92.4	0.0004476444
92.5	0.00048425219999999997
92.6	0.00045022609999999995
92.7	0.00048535710000000004
92.8	0.00048175630000000006
92.9	0.0005080826
93.0	0.0005220116
93.1	0.00047778919999999996
93.2	0.000491703
93.3	0.0004564328
93.4	0.0005112793
93.5	0.0005131377999999999
93.6	0.000527184
93.7	0.0004705489
93.8	0.0004501173
93.9	0.00044422990000000007
94.0	0.0004865315
94.1	0.0005115127
94.2	0.000425743
94.3	0.0004859093
94.4	0.00048058960000000006
94.5	0.00044400440000000004
94.6	0.00047978830000000003
94.7	0.00048697460000000003
94.8	0.0005088916
94.9	0.0004554915
95.0	0.0004562772
95.1	0.0004827984000000001
95.2	0.0004881099
95.3	0.0005430032
95.4	0.00044842209999999995
95.5	0.0004473178
95.6	0.00047154440000000004
95.7	0.0004664033
95.8	0.0005159765
95.9	0.00046455979999999997
96.0	0.000510657
96.1	0.0004760319
96.2	0.0004774631
96.3	0.0004636271
96.4	0.0004520077
96.5	0.0005372559
96.6	0.0004679282
96.7	0.0004004124
96.8	0.00047463949999999996
96.9	0.0004566664
97.0	0.0004341505
97.1	0.0005357705
97.2	0.00046191550000000003
97.3	0.000438576
97.4	0.0004900001999999999
97.5	0.0004536016
97.6	0.00046561
97.7	0.0005034238000000001
97.8	0.00048038709999999996
97.9	0.0005009115999999999
98.0	0.0004655944
98.1	0.0004518828
98.2	0.000478466
98.3	0.00042179189999999996
98.4	0.0004961366000000001
98.5	0.0004433744
98.6	0.0004596602
98.7	0.00044434629999999997
98.8	0.00046300440000000007
98.9	0.00044518680000000003
99.0	0.0004870678
99.1	0.0005049172
99.2	0.0005073749
99.3	0.00048492939999999997
99.4	0.0004932043
99.5	0.0004380004
99.6	0.00043577609999999995
99.7	0.0004783265
99.8	0.0004873325
99.9	0.00045924059999999996
100.0	0.00043896479999999997
100.1	0.00048467270000000003
100.2	0.0005274794
100.3	0.0004971166000000001
100.4	0.0004913768
100.5	0.00048816459999999996
100.6	0.00042730630000000007
100.7	0.0004664112
100.8	0.00047215880000000003
100.9	0.00047137309999999995
101.0	0.0004782019000000001
101.1	0.00045177389999999997
101.2	0.0004543093
101.3	0.00041982429999999995
101.4	0.0004913532
101.5	0.0004767861000000001
101.6	0.0004996209
101.7	0.0004630436
101.8	0.00046154259999999994
101.9	0.00044627550000000005
102.0	0.0004323692
102.1	0.0004885224
102.2	0.0004486318
102.3	0.00042800619999999994
102.4	0.00044350700000000005
102.5	0.00043211300000000003
102.6	0.0004084459
102.7	0.00048167810000000007
102.8	0.0004545973
102.9	0.0004456534
103.0	0.0004223369
103.1	0.0003930393
103.2	0.00041007919999999995
103.3	0.00050872
103.4	0.00046942859999999997
103.5	0.0004130194
103.6	0.00040724059999999994
103.7	0.00036268399999999994
103.8	0.00043233100000000005
103.9	0.00042051630000000006
104.0	0.00039725450000000005
104.1	0.0003664556
104.2	0.0004436857
104.3	0.0003841728
104.4	0.0004023022
104.5	0.00042748529999999996
104.6	0.0004211932
104.7	0.00041824529999999997
104.8	0.00035732529999999997
104.9	0.00040101110000000003
105.0	0.00039063600000000003
105.1	0.0004302695
105.2	0.0004085398
105.3	0.000418526
105.4	0.00037170590000000004
105.5	0.00039019270000000006
105.6	0.0004384202
105.7	0.0004496431
105.8	0.00039993769999999997
105.9	0.0004916254
106.0	0.00044482930000000004
106.1	0.00041350910000000004
106.2	0.00041077940000000003
106.3	0.00045626950000000004
106.4	0.00039492950000000003
106.5	0.00045133080000000006
106.6	0.00042652090000000004
106.7	0.00041800489999999996
106.8	0.000420983
106.9	0.0003991829
107.0	0.00042506630000000003
107.1	0.0004754017
107.2	0.0004985163
107.3	0.000430744
107.4	0.00044045809999999994
107.5	0.00047181689999999994
107.6	0.00044877940000000004
107.7	0.0004607337
107.8	0.00046067110000000004
107.9	0.00043884779999999997
108.0	0.00044217690000000005
108.1	0.0004464546
108.2	0.0004391206
108.3	0.0004641948000000001
108.4	0.0005005618999999999
108.5	0.0004257123
108.6	0.00045766139999999997
108.7	0.00046087349999999994
108.8	0.0004233633
108.9	0.00044300120000000006
109.0	0.0004276642
109.1	0.0004405436
109.2	0.0004377127
109.3	0.00041147140000000003
109.4	0.0004550801
109.5	0.0004976456
109.6	0.0004884837
109.7	0.0004475899
109.8	0.00044776839999999995
109.9	0.0003762165
110.0	0.0004720344
110.1	0.0004681533
110.2	0.0004902413999999999
110.3	0.0004775795
110.4	0.00043849050000000005
110.5	0.00046370499999999997
110.6	0.00042911109999999996
110.7	0.00046786550000000004
110.8	0.0004656022
110.9	0.000437658
111.0	0.0004055142
111.1	0.0004665508
111.2	0.00046219589999999997
111.3	0.0004318096999999999
111.4	0.0004607022
111.5	0.0005010438999999999
111.6	0.0004616436
111.7	0.00045569380000000007
111.8	0.0005018758
111.9	0.0004202678
112.0	0.00044814999999999997
112.1	0.0004762647
112.2	0.00048267369999999995
112.3	0.00044265869999999993
112.4	0.00042931310000000005
112.5	0.00041203919999999996
112.6	0.0004259222
112.7	0.0005078957
112.8	0.00044850770000000003
112.9	0.0004277422
113.0	0.0004806748
113.1	0.00047134959999999996
113.2	0.00046439699999999997
113.3	0.0004674378
113.4	0.0005366486
113.5	0.00043653839999999996
113.6	0.00045579500000000005
113.7	0.0004457
113.8	0.0004492235
113.9	0.0004740795
114.0	0.0005058659
114.1	0.0004932901
114.2	0.0004460581
114.3	0.0004380319
114.4	0.0005008491
114.5	0.000467578
114.6	0.0004643191
114.7	0.0004789795
114.8	0.00042378349999999996
114.9	0.00043327929999999995
115.0	0.0004451477
115.1	0.0004520851
115.2	0.00048811
115.3	0.00047329399999999997
115.4	0.00044926209999999995
115.5	0.00048367740000000004
115.6	0.0004383504
115.7	0.0004413135
115.8	0.0005076932999999999
115.9	0.0005146309
116.0	0.0004251287
116.1	0.00045255210000000003
116.2	0.00046749199999999996
116.3	0.0005288943999999999
116.4	0.0005001962
116.5	0.0004418887
116.6	0.0004605314
116.7	0.00042072680000000007
116.8	0.000481126
116.9	0.0004668621
117.0	0.0005156653999999999
117.1	0.00046392259999999995
117.2	0.0004584162
117.3	0.00040733409999999995
117.4	0.00044591760000000004
117.5	0.000411347
117.6	0.00045902249999999996
117.7	0.00045728090000000005
117.8	0.000456137
117.9	0.0004649883
118.0	0.00041153360000000005
118.1	0.0004931652999999999
118.2	0.0004137194
118.3	0.0004884289
118.4	0.0004305027
118.5	0.0004552973
118.6	0.0004376271
118.7	0.0004442299
118.8	0.00044524839999999995
118.9	0.0004895101
119.0	0.0004674379
119.1	0.00042805279999999995
119.2	0.0004659914
119.3	0.0004145285
119.4	0.0004636035
119.5	0.0004928935000000001
119.6	0.0004826585
119.7	0.0004636428
119.8	0.0004919441
119.9	0.0004554139
120.0	0.0004500084
120.1	0.00043789880000000004
120.2	0.0004907386999999999
120.3	0.00045752180000000007
120.4	0.0004553281
120.5	0.0004958250000000001
120.6	0.00043683389999999995
120.7	0.0004501177
120.8	0.0004148626
120.9	0.0004249578
121.0	0.0004294061
121.1	0.0004610993
121.2	0.0004972408
121.3	0.0004487719
121.4	0.0005114738
121.5	0.0004436623
121.6	0.00045945050000000004
121.7	0.00045111270000000006
121.8	0.0004686589
121.9	0.0004054986
122.0	0.0004592401
122.1	0.00048027810000000003
122.2	0.0004281854
122.3	0.00045266849999999994
122.4	0.0004625146
122.5	0.0004445565
122.6	0.00045335300000000004
122.7	0.00044068380000000004
122.8	0.00048767440000000003
122.9	0.00040245740000000003
123.0	0.0004674999
123.1	0.00045918560000000007
123.2	0.00042430399999999997
123.3	0.00046412480000000006
123.4	0.0004474575
123.5	0.0004414456
123.6	0.00046272479999999997
123.7	0.0004382802
123.8	0.0003998209
123.9	0.0004914078
124.0	0.0005042480999999999
124.1	0.00047902610000000005
124.2	0.0005117148
124.3	0.00047568919999999997
124.4	0.0004648788
124.5	0.0004572259
124.6	0.0004733951
124.7	0.0004612237
124.8	0.0004217298
124.9	0.000448344
125.0	0.00047146659999999996
125.1	0.0005245549000000001
125.2	0.0004706809
125.3	0.00046241399999999997
125.4	0.00047824840000000005
125.5	0.0004627943
125.6	0.0004587428
125.7	0.00045966050000000004
125.8	0.00048808680000000004
125.9	0.00046086580000000003
126.0	0.00045680589999999994
126.1	0.00045343870000000004
126.2	0.0004895953999999999
126.3	0.0004713965000000001
126.4	0.0004745539
126.5	0.0004701677
126.6	0.00040741219999999997
126.7	0.00045304179999999995
126.8	0.00047717489999999995
126.9	0.00039668699999999995
127.0	0.0005062318999999999
127.1	0.00047375330000000004
127.2	0.00041410039999999996
127.3	0.0004752306
127.4	0.00042261670000000003
127.5	0.0004633701
127.6	0.000478521
127.7	0.00046604550000000006
127.8	0.0005014176000000001
127.9	0.0004580811
128.0	0.0004671969
128.1	0.000472112
128.2	0.0005008963000000001
128.3	0.00043667049999999996
128.4	0.00045032009999999996
128.5	0.0004973806
128.6	0.0005207054
128.7	0.000541269
128.8	0.00046555569999999995
128.9	0.0004838328
129.0	0.0004909567
129.1	0.0004852246
129.2	0.0005098871
129.3	0.00046092809999999997
129.4	0.0004223057
129.5	0.0005218174000000001
129.6	0.0004979251
129.7	0.00045323639999999996
129.8	0.00042258579999999995
129.9	0.0004824327999999999
130.0	0.00040458069999999995
130.1	0.00047628039999999996
130.2	0.0005191886000000001
130.3	0.00043983550000000003
130.4	0.00044031010000000005
130.5	0.0004522871
130.6	0.00043733140000000003
130.7	0.00045967619999999997
130.8	0.00048058920000000003
130.9	0.0004355895
131.0	0.00046549300000000004
131.1	0.0004529952
131.2	0.00044523310000000005
131.3	0.0004725631
131.4	0.00048135930000000005
131.5	0.0004323699
131.6	0.0004770507
131.7	0.0004797262
131.8	0.00047704279999999995
131.9	0.00045542149999999997
132.0	0.0005046213999999999
132.1	0.0004717231
132.2	0.0004859872
132.3	0.0004302927
132.4	0.00047612500000000004
132.5	0.0004855827
132.6	0.0004787619
132.7	0.00048331900000000007
132.8	0.00044773
132.9	0.00047575149999999996
133.0	0.0004947285
133.1	0.0004965099999999999
133.2	0.0004608118
133.3	0.00046920329999999995
133.4	0.00047423509999999997
133.5	0.0004632534
133.6	0.0004573816
133.7	0.0005148955
133.8	0.00048181849999999997
133.9	0.0005059749
134.0	0.00046495719999999996
134.1	0.0004912442999999999
134.2	0.00044538110000000004
134.3	0.00046599879999999997
134.4	0.0004694987
134.5	0.00044706110000000004
134.6	0.00045713270000000004
134.7	0.00047352730000000006
134.8	0.00045976970000000003
134.9	0.00046122400000000004
135.0	0.0004005443
135.1	0.00048573020000000004
135.2	0.00043096970000000004
135.3	0.00046735980000000004
135.4	0.00046534580000000004
135.5	0.000441679
135.6	0.0003629872
135.7	0.00034807
135.8	0.0003841259
135.9	0.0003359061999999999
136.0	0.00038249309999999995
136.1	0.000317435
136.2	0.000327102
136.3	0.00043939259999999997
136.4	0.0005265694
136.5	0.0004193813
136.6	0.0003963522
136.7	0.0003973167
136.8	0.00038289750000000005
136.9	0.0004187042
137.0	0.0004526136
137.1	0.00044064479999999997
137.2	0.0004450698
137.3	0.0004395012
137.4	0.0004354961
137.5	0.0004273766
137.6	0.0004839883
137.7	0.0004911824
137.8	0.00041403800000000004
137.9	0.00042886939999999994
138.0	0.0004797964
138.1	0.00037966209999999994
138.2	0.00046253790000000004
138.3	0.0004645831
138.4	0.0004457929
138.5	0.0004821137000000001
138.6	0.0005065811999999999
138.7	0.0004750518
138.8	0.00047611750000000003
138.9	0.0004830391
139.0	0.00048318680000000003
139.1	0.0004884371
139.2	0.0004695376
139.3	0.00046410139999999994
139.4	0.0004644825
139.5	0.0005044119000000001
139.6	0.00043714480000000004
139.7	0.00046314459999999996
139.8	0.0004916021000000001
139.9	0.0004272986
140.0	0.0004355347
140.1	0.00047159870000000007
140.2	0.0005045592
140.3	0.0005021174
140.4	0.00047264109999999997
140.5	0.0004352937
140.6	0.00044146109999999996
140.7	0.00043827250000000003
140.8	0.00047546409999999997
140.9	0.0004797729
141.0	0.00041764659999999997
141.1	0.0004385759
141.2	0.0004529018
141.3	0.0004461196
141.4	0.0004991849
141.5	0.0004909953
141.6	0.00043306180000000005
141.7	0.0004930875999999999
141.8	0.00043239239999999995
141.9	0.00045286320000000003
142.0	0.00045127599999999997
142.1	0.00044570780000000005
142.2	0.000525745
142.3	0.0004394936
142.4	0.00047559619999999996
142.5	0.00043954
142.6	0.0005328459
142.7	0.0004626628000000001
142.8	0.0004775564
142.9	0.0004554763
143.0	0.00048179470000000004
143.1	0.00046857310000000005
143.2	0.0004392368
143.3	0.0003991833
143.4	0.00045602029999999995
143.5	0.0004580039
143.6	0.00041435729999999996
143.7	0.00043870810000000004
143.8	0.0003329664
143.9	0.0004587738
144.0	0.00042085869999999994
144.1	0.00043429830000000006
144.2	0.0004178725
144.3	0.00044670299999999995
144.4	0.00043824170000000004
144.5	0.00046578900000000004
144.6	0.00042309870000000003
144.7	0.0004350759
144.8	0.00041396010000000003
144.9	0.00029177749999999996
145.0	0.00027392020000000005
145.1	0.00021180230000000008
145.2	0.00023742860000000002
145.3	0.00028735169999999995
145.4	0.00020785939999999994
145.5	0.00018668880000000001
145.6	0.00017846780000000003
145.7	0.00017501509999999997
145.8	0.0001714062
145.9	0.00017059750000000004
146.0	0.00017898969999999997
146.1	0.00015858089999999994
146.2	0.00016122579999999992
146.3	0.00015691720000000008
146.4	0.0001850014
146.5	0.00042511329999999996
146.6	0.0003672263
146.7	0.00042809959999999997
146.8	0.00040896729999999993
146.9	0.00038355050000000003
147.0	0.0004843458
147.1	0.00044161699999999994
147.2	0.0004728198
147.3	0.00044496069999999996
147.4	0.0004399605
147.5	0.0004764283
147.6	0.00043581500000000004
147.7	0.00045777819999999995
147.8	0.0004426981
147.9	0.00042163669999999994
148.0	0.0004608034
148.1	0.0004589059
148.2	0.0004482824
148.3	0.0004381012
148.4	0.0004379923
148.5	0.0004303705
148.6	0.00044377829999999997
148.7	0.0004429158
148.8	0.00042520639999999994
148.9	0.0005030192
149.0	0.0004898133999999999
149.1	0.0004620716
149.2	0.00040997840000000005
149.3	0.0004491997
149.4	0.00045549169999999995
149.5	0.0005202615
149.6	0.00043687989999999997
149.7	0.0004934534
149.8	0.0004470685
149.9	0.0004316697
150.0	0.00042509000000000004
150.1	0.0004621181
150.2	0.0004733021
150.3	0.00046781100000000005
150.4	0.0004383193
150.5	0.00045569439999999995
150.6	0.0004205791
150.7	0.0005056245
150.8	0.00045239640000000007
150.9	0.0004528238
151.0	0.0004573429
151.1	0.0004652215
151.2	0.0004734733
151.3	0.000423309
151.4	0.00047372999999999995
151.5	0.0004542079
151.6	0.0004365303
151.7	0.0004644434
151.8	0.0004411349
151.9	0.00048202800000000007
152.0	0.00048775230000000004
152.1	0.0004757832
152.2	0.0004339327
152.3	0.0004094572
152.4	0.0004608736
152.5	0.000465377
152.6	0.0005239797
152.7	0.00045854800000000003
152.8	0.0004583696
152.9	0.0004328126
153.0	0.0004704555
153.1	0.0004106937
153.2	0.00045533579999999996
153.3	0.00044912980000000004
153.4	0.0004329605
153.5	0.00045934960000000005
153.6	0.00040697649999999993
153.7	0.000412576
153.8	0.0004347882
153.9	0.0004303627
154.0	0.00040790980000000003
154.1	0.0004216906
154.2	0.0003859385
154.3	0.00039678790000000004
154.4	0.0003389936000000001
154.5	0.00040650239999999997
154.6	0.0004338862
154.7	0.00035532650000000005
154.8	0.0003256325
154.9	0.0003336506999999999
155.0	0.00036861049999999996
155.1	0.0003651881
155.2	0.00040543630000000006
155.3	0.0003758514
155.4	0.0004131436
155.5	0.00046781890000000003
155.6	0.00043180139999999997
155.7	0.000441648
155.8	0.000455103
155.9	0.0004994730000000001
156.0	0.0004300439
156.1	0.00039055850000000006
156.2	0.00048767460000000005
156.3	0.00044010039999999994
156.4	0.0004998386
156.5	0.00044197470000000006
156.6	0.00045780949999999995
156.7	0.0004791585
156.8	0.0004822691
156.9	0.0004831873
157.0	0.0004771208
157.1	0.0005116915
157.2	0.0004469211
157.3	0.0004286829
157.4	0.00048018510000000003
157.5	0.00043493620000000004
157.6	0.00046722809999999996
157.7	0.0005087745
157.8	0.00043174770000000003
157.9	0.0004992319
158.0	0.00047209650000000004
158.1	0.0004490364
158.2	0.0004971398
158.3	0.00047689509999999995
158.4	0.00049168
158.5	0.0005152144000000001
158.6	0.00042975649999999995
158.7	0.0004608582
158.8	0.0004884757
158.9	0.00047808499999999995
159.0	0.00047275740000000006
159.1	0.0004640935
159.2	0.0004608971
159.3	0.0004455369
159.4	0.00048495259999999996
159.5	0.00046597559999999997
159.6	0.0004984227999999999
159.7	0.0004528863999999999
159.8	0.00048202029999999994
159.9	0.0004740563
160.0	0.0005185122999999999
160.1	0.00046543919999999996
160.2	0.0004940755
160.3	0.00047841949999999996
160.4	0.0005254184999999999
160.5	0.00047851279999999995
160.6	0.00042204099999999995
160.7	0.0004514474
160.8	0.00047972630000000003
160.9	0.0005066278
161.0	0.0005400557
161.1	0.0004676944
161.2	0.00044465019999999995
161.3	0.00044411349999999995
161.4	0.0005138066999999999
161.5	0.0004957396
161.6	0.00043266520000000006
161.7	0.0004955996
161.8	0.0004459176
161.9	0.00047134990000000007
162.0	0.0004817328
162.1	0.0005016197
162.2	0.0005235984
162.3	0.0004914076
162.4	0.0004776103
162.5	0.00046889189999999996
162.6	0.00048216059999999997
162.7	0.0004939198000000001
162.8	0.0004571792
162.9	0.0004631137
163.0	0.0005161009999999999
163.1	0.0005148329999999999
163.2	0.00045956699999999997
163.3	0.0005107114
163.4	0.000535428
163.5	0.00048287579999999996
163.6	0.0004875271
163.7	0.0005233262
163.8	0.0003876183999999999
163.9	0.00043527040000000005
164.0	0.00042459230000000005
164.1	0.00038282720000000004
164.2	0.0004827828
164.3	0.0004279988
164.4	0.0004456223
164.5	0.0004635883
164.6	0.00048473479999999996
164.7	0.0004716373
164.8	0.0005107118
164.9	0.0004688377
165.0	0.0004633934
165.1	0.0004897199
165.2	0.0005147239999999999
165.3	0.0005068148
165.4	0.0004930332
165.5	0.00048188859999999997
165.6	0.0005096458
165.7	0.0004982286
165.8	0.00046351769999999995
165.9	0.0005096616
166.0	0.0005047224999999999
166.1	0.0004914778
166.2	0.0004568215
166.3	0.0004907858
166.4	0.0005063012
166.5	0.0005409499000000001
166.6	0.0004601039
166.7	0.00046403130000000005
166.8	0.0004998463999999999
166.9	0.0005057263000000001
167.0	0.0005209542
167.1	0.0004926366000000001
167.2	0.0004911353999999999
167.3	0.0005460365
167.4	0.0004485229
167.5	0.0004862277
167.6	0.000466784
167.7	0.00048672570000000005
167.8	0.00048762820000000006
167.9	0.0004874415
168.0	0.0004514943
168.1	0.00045998699999999997
168.2	0.0004949386999999999
168.3	0.0005101280999999999
168.4	0.0004708289
168.5	0.0004577162
168.6	0.00045301120000000003
168.7	0.0005183719
168.8	0.00048406569999999996
168.9	0.0005057103
169.0	0.0005059203
169.1	0.0004925277
169.2	0.0004567439
169.3	0.00047575170000000003
169.4	0.0005041161
169.5	0.0005021566
169.6	0.0005008028999999999
169.7	0.0005226184
169.8	0.0004737996
169.9	0.000512057
170.0	0.0005037189000000001
170.1	0.0004836462
170.2	0.0005332346
170.3	0.0005029106000000001
170.4	0.00048384029999999997
170.5	0.00047410290000000004
170.6	0.00046561819999999996
170.7	0.0004859326
170.8	0.0005153858
170.9	0.00048020820000000005
171.0	0.0005121583
171.1	0.0004776498
171.2	0.000472672
171.3	0.00045918609999999997
171.4	0.0005268572
171.5	0.0004984853
171.6	0.0005102058000000001
171.7	0.0004905288999999999
171.8	0.00046856609999999994
171.9	0.00046494150000000003
172.0	0.00045602849999999993
172.1	0.0005569242
172.2	0.0005190330999999999
172.3	0.00047367490000000003
172.4	0.0004822613
172.5	0.0004825648
172.6	0.000504497
172.7	0.0005276429
172.8	0.0004848749
172.9	0.00048597909999999997
173.0	0.00047962520000000003
173.1	0.00047748599999999995
173.2	0.0004661697
173.3	0.0005099102
173.4	0.00046277110000000004
173.5	0.0005088371
173.6	0.0005015729
173.7	0.00044755099999999997
173.8	0.0004922867
173.9	0.00048702909999999997
174.0	0.0005091089
174.1	0.0005235131
174.2	0.0005105247
174.3	0.0005140088
174.4	0.0004957555
174.5	0.0005062234999999999
174.6	0.0004879856
174.7	0.0005140012
174.8	0.0004967659
174.9	0.0004895805
175.0	0.0004847658
175.1	0.0005204486
175.2	0.000459738
175.3	0.0004917576
175.4	0.0005266778
175.5	0.0005017595
175.6	0.0005381269
175.7	0.0004999087
175.8	0.0005126015
175.9	0.0004721663
176.0	0.00048588580000000003
176.1	0.0004946434
176.2	0.0004895800999999999
176.3	0.0004961907
176.4	0.0005292136
176.5	0.0005104702
176.6	0.0005102368999999999
176.7	0.0004791429
176.8	0.00048155390000000005
176.9	0.00047104660000000007
177.0	0.00046293469999999994
177.1	0.0005026306
177.2	0.00046022789999999994
177.3	0.0005101668999999999
177.4	0.00048149920000000005
177.5	0.0005019773999999999
177.6	0.0005176569000000001
177.7	0.000499014
177.8	0.0005200906
177.9	0.00048744870000000005
178.0	0.0004996676999999999
178.1	0.0005049017
178.2	0.0005023581999999999
178.3	0.0005437888
178.4	0.0004923486000000001
178.5	0.0005100268999999999
178.6	0.00047635860000000006
178.7	0.0005764694
178.8	0.0005075459
178.9	0.0005279460000000001
179.0	0.0004791817
179.1	0.0004780384
179.2	0.0004681691
179.3	0.0005138923
179.4	0.0005361124
179.5	0.000542264
179.6	0.00046022059999999994
179.7	0.0005152924
179.8	0.000474321
179.9	0.0004953590999999999
180.0	0.0004737608
180.1	0.0005117767
180.2	0.0004841903
180.3	0.000500943
180.4	0.0004891606
180.5	0.0004820205
180.6	0.00046683900000000003
180.7	0.0004983298999999999
180.8	0.000480597
180.9	0.000526655
181.0	0.0005073745000000001
181.1	0.0005000171
181.2	0.00047906470000000004
181.3	0.0005560458000000001
181.4	0.0005031828000000001
181.5	0.0004558727
181.6	0.0005195154
181.7	0.00046417100000000004
181.8	0.0005030503
181.9	0.00044247249999999997
182.0	0.0004770971
182.1	0.00044959640000000005
182.2	0.000437907
182.3	0.0004990687
182.4	0.00046715809999999994
182.5	0.0004902954999999999
182.6	0.0005099335999999999
182.7	0.00047467859999999996
182.8	0.0004857383
182.9	0.0004612548
183.0	0.0004718477
183.1	0.0004828219
183.2	0.00047418110000000004
183.3	0.0004462133
183.4	0.00048213689999999996
183.5	0.00047941540000000004
183.6	0.0004906533000000001
183.7	0.00045163409999999995
183.8	0.0004853492
183.9	0.0005218483
184.0	0.0004887089
184.1	0.0004825341
184.2	0.0005152146
184.3	0.0005577879
184.4	0.0005319204
184.5	0.00047881609999999994
184.6	0.0004958096
184.7	0.0005013940000000001
184.8	0.0004928703
184.9	0.000468869
185.0	0.0004939198000000001
185.1	0.0005443946999999999
185.2	0.00047307630000000006
185.3	0.0005079818
185.4	0.0004946738
185.5	0.00048425260000000005
185.6	0.0005154789
185.7	0.00047369059999999996
185.8	0.0005398066999999999
185.9	0.000495351
186.0	0.0005078648000000001
186.1	0.0005122281
186.2	0.000522914
186.3	0.0005134645999999999
186.4	0.0004678187
186.5	0.00047852040000000005
186.6	0.000478863
186.7	0.0004899847
186.8	0.0004823005
186.9	0.00047225200000000005
187.0	0.0004977855000000001
187.1	0.0004952263
187.2	0.0004899143
187.3	0.0004740719
187.4	0.0005173689999999999
187.5	0.0004970544
187.6	0.0004935698
187.7	0.0005065194
187.8	0.0004647312
187.9	0.0005092182
188.0	0.0004888726
188.1	0.0004961134
188.2	0.0004917814000000001
188.3	0.0004965491
188.4	0.0004946588999999999
188.5	0.00047225990000000003
188.6	0.000478622
188.7	0.00046070210000000004
188.8	0.0004948298
188.9	0.0004961446
189.0	0.00048240939999999997
189.1	0.0004805506
189.2	0.0004838717
189.3	0.0005076859999999999
189.4	0.0004883669
189.5	0.000488888
189.6	0.00045796510000000004
189.7	0.0004832727
189.8	0.0004571561
189.9	0.0005021172
190.0	0.0004811647
190.1	0.0005079429
190.2	0.0004905211
190.3	0.0004821213
190.4	0.000542225
190.5	0.0004920765999999999
190.6	0.0005074687
190.7	0.0004979332
190.8	0.00047565870000000003
190.9	0.00048151499999999996
191.0	0.000462826
191.1	0.00046611549999999997
191.2	0.0005172442
191.3	0.00047953130000000005
191.4	0.0005109293
191.5	0.0004679508
191.6	0.0005076546
191.7	0.00044426919999999997
191.8	0.0005195390000000001
191.9	0.00045820630000000006
192.0	0.0004384826
192.1	0.0004757984
192.2	0.0005088526
192.3	0.0004957557
192.4	0.00044412110000000005
192.5	0.0004664968
192.6	0.00047193319999999997
192.7	0.0005042793
192.8	0.00044265879999999996
192.9	0.0005044191
193.0	0.00048232380000000005
193.1	0.00044094
193.2	0.0004815537
193.3	0.0005202233
193.4	0.0004545117
193.5	0.000489471
193.6	0.000493453
193.7	0.0004705098
193.8	0.00048447070000000005
193.9	0.0004913379
194.0	0.0005170421
194.1	0.0004229664
194.2	0.00045932599999999997
194.3	0.00046186129999999993
194.4	0.0004628571
194.5	0.00047161429999999997
194.6	0.00047464729999999996
194.7	0.00046792770000000006
194.8	0.000470533
194.9	0.0004502342
195.0	0.00045762289999999996
195.1	0.00048300019999999994
195.2	0.0004647549
195.3	0.0004723452
195.4	0.0004620868
195.5	0.00044923889999999995
195.6	0.0004537027
195.7	0.0004982596999999999
195.8	0.00046662909999999996
195.9	0.0004546595
196.0	0.00047001219999999997
196.1	0.0004240245
196.2	0.00043939250000000005
196.3	0.0004826814
196.4	0.0005214287
196.5	0.00045014860000000003
196.6	0.00044940979999999995
196.7	0.000417079
196.8	0.0004077147
196.9	0.0004696701
197.0	0.0004911354999999999
197.1	0.00043494400000000004
197.2	0.0005659701000000001
197.3	0.0004891521000000001
197.4	0.0004783339
197.5	0.00047649879999999995
197.6	0.00045706279999999994
197.7	0.0005042791000000001
197.8	0.00043339649999999996
197.9	0.00046880660000000004
198.0	0.00041952129999999995
198.1	0.0004291418
198.2	0.00047316980000000007
198.3	0.00044829790000000004
198.4	0.00041688489999999994
198.5	0.0005019772
198.6	0.00046748439999999997
198.7	0.0004106239
198.8	0.00044250320000000003
198.9	0.00041921819999999997
199.0	0.00043415039999999993
199.1	0.0004383192
199.2	0.00045724959999999995
199.3	0.00037114570000000005
199.4	0.00039989870000000006
199.5	0.0004503512
199.6	0.00043786060000000003
199.7	0.0004372847
199.8	0.0004745694
199.9	0.0004629345
200.0	0.00045305749999999994
200.1	0.00046732090000000005
200.2	0.0004772453
200.3	0.00047364440000000004
200.4	0.0004248642
200.5	0.0004793218
200.6	0.00045320540000000006
200.7	0.00046956889999999994
200.8	0.00046805189999999996
200.9	0.0004348663
201.0	0.00044989190000000004
201.1	0.00041105140000000003
201.2	0.00042745410000000005
201.3	0.00048214529999999995
201.4	0.00047951630000000003
201.5	0.0005102683
201.6	0.00046614660000000006
201.7	0.0004486009
201.8	0.0004466328
201.9	0.00043689590000000006
202.0	0.0004778364
202.1	0.000464646
202.2	0.00042484099999999997
202.3	0.0004259607
202.4	0.00045675929999999993
202.5	0.00042521430000000003
202.6	0.0004689002
202.7	0.0004334193
202.8	0.0004027611
202.9	0.00046103719999999993
203.0	0.0004218547
203.1	0.0004715832
203.2	0.00043770470000000004
203.3	0.0005013708
203.4	0.00043742459999999994
203.5	0.00042163689999999995
203.6	0.0003983124
203.7	0.00047502849999999996
203.8	0.0004333574
203.9	0.0004496198
204.0	0.00040403609999999996
204.1	0.0004283019
204.2	0.00040140759999999993
204.3	0.0003641305
204.4	0.0004283335
204.5	0.0004890591000000001
204.6	0.00043404169999999994
204.7	0.0004447046
204.8	0.0004447822
204.9	0.0004146679
205.0	0.00043970380000000006
205.1	0.00042898649999999997
205.2	0.00047299079999999996
205.3	0.0004562306
205.4	0.0004688142
205.5	0.0004912366
205.6	0.00045527369999999993
205.7	0.0004123345
205.8	0.0004771284
205.9	0.000453905
206.0	0.00044492239999999997
206.1	0.00045749840000000006
206.2	0.0004678266
206.3	0.00041446619999999996
206.4	0.0004311486
206.5	0.0004664037
206.6	0.0004310471
206.7	0.00042064139999999995
206.8	0.000440466
206.9	0.00041989419999999993
207.0	0.0004814527
207.1	0.0004340801
207.2	0.00043118680000000007
207.3	0.0004159357
207.4	0.0004468977
207.5	0.0004071631
207.6	0.0004384202
207.7	0.00046378230000000003
207.8	0.00040580959999999996
207.9	0.0004325955
208.0	0.00042080450000000005
208.1	0.00042766430000000007
208.2	0.00039648429999999995
208.3	0.00040323500000000005
208.4	0.0004341972
208.5	0.0004541072
208.6	0.0004895568
208.7	0.00046099819999999997
208.8	0.00047313110000000004
208.9	0.00044381039999999997
209.0	0.00041319039999999994
209.1	0.00043824150000000003
209.2	0.00043418929999999997
209.3	0.00039481220000000004
209.4	0.00039975060000000003
209.5	0.0004887795000000001
209.6	0.00040674309999999997
209.7	0.00045414630000000005
209.8	0.0004137975
209.9	0.0004320272
210.0	0.0004362818
210.1	0.0004889266
210.2	0.0004310238
210.3	0.00042062550000000005
210.4	0.00043350489999999996
210.5	0.0004239932
210.6	0.00046305909999999997
210.7	0.00046050809999999997
210.8	0.0004483522000000001
210.9	0.0004559818
211.0	0.0004498609
211.1	0.00041747550000000006
211.2	0.0004141393
211.3	0.0004491841
211.4	0.000462056
211.5	0.0004428538
211.6	0.00040346100000000003
211.7	0.0004653224
211.8	0.0004224535
211.9	0.000433536
212.0	0.00046447440000000007
212.1	0.00045859479999999994
212.2	0.0004597224
212.3	0.00042162879999999996
212.4	0.00044443239999999995
212.5	0.00046060169999999996
212.6	0.00043950890000000006
212.7	0.00048002949999999993
212.8	0.00041598259999999995
212.9	0.0004529098
213.0	0.0004438488
213.1	0.0004687133
213.2	0.0004083219
213.3	0.00045045149999999994
213.4	0.00046025920000000004
213.5	0.00038766479999999997
213.6	0.0004664654
213.7	0.0004268319
213.8	0.00043737020000000004
213.9	0.0005119092
214.0	0.0005402341
214.1	0.0004445641
214.2	0.00041554670000000006
214.3	0.0005002038999999999
214.4	0.0004169545
214.5	0.0004806829
214.6	0.00045774700000000005
214.7	0.0004618538
214.8	0.00041080269999999996
214.9	0.00042098339999999996
215.0	0.0004985477
215.1	0.00043450049999999994
215.2	0.0004148236
215.3	0.00044769069999999996
215.4	0.0004200891
215.5	0.0004479241000000001
215.6	0.0004039739
215.7	0.00042065649999999995
215.8	0.0004664113
215.9	0.0004167213
216.0	0.0004458559
216.1	0.0004176081
216.2	0.0004291111
216.3	0.00038923610000000003
216.4	0.00042402449999999996
216.5	0.0004475513
216.6	0.000439968
216.7	0.00042163669999999994
216.8	0.0004168848
216.9	0.0004092863
217.0	0.00044348329999999994
217.1	0.00042880759999999995
217.2	0.0004131512
217.3	0.00036263720000000003
217.4	0.00032704009999999994
217.5	0.0003119367
217.6	0.0002515761
217.7	0.0003950694
217.8	0.00045658059999999993
217.9	0.00041105920000000004
218.0	0.0003719235
218.1	0.00031247300000000007
218.2	0.00037096709999999997
218.3	0.00032424800000000007
218.4	0.0003508621
218.5	0.0004100405
218.6	0.000434913
218.7	0.00016865330000000005
218.8	0.00034251729999999997
218.9	0.00041083400000000006
219.0	0.00037725860000000004
219.1	0.00041346309999999996
219.2	0.00038971829999999994
219.3	0.0004018122
219.4	0.00041108279999999995
219.5	0.00042445989999999995
219.6	0.0004720888
219.7	0.0004200736
219.8	0.00043293720000000006
219.9	0.0003843983
220.0	0.000452894
220.1	0.0004701907
220.2	0.00044763629999999995
220.3	0.0004169933
220.4	0.00043197290000000007
220.5	0.00042834080000000004
220.6	0.0003912895
220.7	0.0004341121
220.8	0.0004810794
220.9	0.0003992221
221.0	0.00039943989999999995
221.1	0.00042685520000000003
221.2	0.0004782327
221.3	0.000409403
221.4	0.00043616510000000006
221.5	0.0004765062
221.6	0.0004202831
221.7	0.00044472019999999997
221.8	0.0004389258
221.9	0.0004339792
222.0	0.00041962200000000003
222.1	0.0004256108
222.2	0.00043414299999999995
222.3	0.00042175329999999997
222.4	0.00040907650000000003
222.5	0.0003879994
222.6	0.0004255645
222.7	0.00044769899999999997
222.8	0.0004212633
222.9	0.0004126693
223.0	0.0004276489
223.1	0.00044309450000000006
223.2	0.00043208959999999996
223.3	0.0004330771
223.4	0.000443297
223.5	0.0004380472
223.6	0.00039258809999999996
223.7	0.00042723640000000003
223.8	0.0004496433
223.9	0.0004525365
224.0	0.00038028390000000007
224.1	0.00045057640000000003
224.2	0.00043436079999999996
224.3	0.0004141938
224.4	0.0004542313
224.5	0.0004073963
224.6	0.0003815131
224.7	0.0004214499
224.8	0.00039807920000000004
224.9	0.000401929
225.0	0.00045199940000000005
225.1	0.0004970464
225.2	0.00046526
225.3	0.0004391047
225.4	0.000470813
225.5	0.0004187436
225.6	0.0004998698000000001
225.7	0.0003992301
225.8	0.0004568526
225.9	0.00039166229999999997
226.0	0.0004343837
226.1	0.0004145358
226.2	0.00044373230000000006
226.3	0.00043593129999999996
226.4	0.000422764
226.5	0.00039901209999999995
226.6	0.0004169468
226.7	0.00035223139999999997
226.8	0.0003710914
226.9	0.0004002177
227.0	0.00042309879999999995
227.1	0.0004595049
227.2	0.0003959948
227.3	0.0004442766
227.4	0.0003653744
227.5	0.0003926659
227.6	0.0004363053
227.7	0.0004125139
227.8	0.0004506463
227.9	0.0004279904
228.0	0.0004888409
228.1	0.00045865749999999996
228.2	0.0004295150999999999
228.3	0.0004892685999999999
228.4	0.00046948350000000004
228.5	0.00042569659999999997
228.6	0.0005384608
228.7	0.0004778828
228.8	0.0005228438000000001
228.9	0.00045292509999999994
229.0	0.0004807138
229.1	0.00044534969999999996
229.2	0.00046485579999999997
229.3	0.00044840660000000003
229.4	0.00047173070000000003
229.5	0.00046187690000000004
229.6	0.00045143189999999995
229.7	0.00044552879999999994
229.8	0.0004390038
229.9	0.0004782329
230.0	0.00046590579999999997
230.1	0.00040921599999999995
230.2	0.0004275476
230.3	0.0004500165
230.4	0.00040737270000000005
230.5	0.0004324783
230.6	0.0005063869
230.7	0.00043179369999999994
230.8	0.00045684480000000003
230.9	0.0004438023
231.0	0.000447411
231.1	0.00044885789999999997
231.2	0.00046851080000000005
231.3	0.0004678652
231.4	0.000461846
231.5	0.00044644650000000004
231.6	0.0004846339
231.7	0.0004366236
231.8	0.000467228
231.9	0.0005083393000000001
232.0	0.00041186060000000005
232.1	0.00044001460000000006
232.2	0.0004742589
232.3	0.000492761
232.4	0.00044993119999999995
232.5	0.00047319310000000004
232.6	0.0004739473
232.7	0.00047200339999999995
232.8	0.0004859247
232.9	0.00048505380000000005
233.0	0.00048261960000000004
233.1	0.000516451
233.2	0.0004431412
233.3	0.00045555380000000004
233.4	0.00043549610000000004
233.5	0.0004788711
233.6	0.0004386922
233.7	0.00044529549999999997
233.8	0.0004616203
233.9	0.00045669730000000004
234.0	0.00044110350000000004
234.1	0.0005149109
234.2	0.00046320689999999995
234.3	0.0005188852
234.4	0.0005068693
234.5	0.0005030351
234.6	0.00046138710000000004
234.7	0.00042208800000000004
234.8	0.0004315062
234.9	0.00048643030000000004
235.0	0.0004926912
235.1	0.0004688144
235.2	0.000457607
235.3	0.00047385429999999995
235.4	0.0004545432
235.5	0.0004566114
235.6	0.00047367519999999997
235.7	0.0005002275
235.8	0.00041598229999999996
235.9	0.0004286285
236.0	0.00038054840000000006
236.1	0.0004250277
236.2	0.00040128319999999996
236.3	0.00038795260000000004
236.4	0.0004367636
236.5	0.00040133769999999995
236.6	0.00040896730000000004
236.7	0.00037712659999999997
236.8	0.00040438679999999996
236.9	0.00043579160000000003
237.0	0.00045931050000000005
237.1	0.00042532339999999994
237.2	0.00043806289999999995
237.3	0.0004656334
237.4	0.0004998151999999999
237.5	0.00046641080000000006
237.6	0.0004284731
237.7	0.00042040000000000003
237.8	0.00047831050000000003
237.9	0.00046091219999999997
238.0	0.00045644849999999993
238.1	0.000472812
238.2	0.0004576223
238.3	0.0004363827
238.4	0.0004498141000000001
238.5	0.0004472009
238.6	0.0004799518
238.7	0.00045770059999999995
238.8	0.00042852759999999993
238.9	0.00046487899999999996
239.0	0.0004370049
239.1	0.00044190449999999997
239.2	0.000435885
239.3	0.0004945887
239.4	0.00044086230000000003
239.5	0.00038173860000000005
239.6	0.00046154999999999997
239.7	0.00041949800000000003
239.8	0.0004273454
239.9	0.00046138700000000006
240.0	0.0004283638
240.1	0.00045768480000000003
240.2	0.0005206118000000001
240.3	0.0004573896
240.4	0.0004298495
240.5	0.0005193444000000001
240.6	0.00047982730000000005
240.7	0.00048652349999999994
240.8	0.00047564279999999997
240.9	0.00044940179999999994
241.0	0.00046599900000000004
241.1	0.0004539126
241.2	0.00045555359999999997
241.3	0.00045278540000000006
241.4	0.0004975286
241.5	0.0004236819
241.6	0.0004538585
241.7	0.0004622504
241.8	0.0004257044
241.9	0.0005297268
242.0	0.00048679609999999993
242.1	0.0004323072
242.2	0.00041322139999999994
242.3	0.00042081990000000005
242.4	0.0004706189
242.5	0.00048618109999999995
242.6	0.00042399329999999994
242.7	0.0004219943
242.8	0.0004534228
242.9	0.0004412979
243.0	0.0004506464
243.1	0.0005287159
243.2	0.0004289161
243.3	0.0004322139
243.4	0.0004755419
243.5	0.00047872290000000004
243.6	0.0005111779
243.7	0.00045347740000000006
243.8	0.00046795869999999995
243.9	0.00045766949999999997
244.0	0.00042047020000000006
244.1	0.00045597410000000003
244.2	0.00046265449999999996
244.3	0.00048260400000000003
244.4	0.00049525
244.5	0.0004239461
244.6	0.0004371215
244.7	0.00044448660000000006
244.8	0.0004970157
244.9	0.0004962842999999999
245.0	0.0004312727
245.1	0.00042501999999999997
245.2	0.0004304563
245.3	0.0004198401
245.4	0.00045038200000000004
245.5	0.00047365179999999996
245.6	0.0004776961
245.7	0.0004470297
245.8	0.00042286559999999996
245.9	0.0004516262
246.0	0.00038386950000000007
246.1	0.0004508715
246.2	0.000440069
246.3	0.0004659597
246.4	0.00045633180000000003
246.5	0.00044949569999999997
246.6	0.0004720576
246.7	0.00048619709999999993
246.8	0.00045059950000000005
246.9	0.0004945499
247.0	0.0004246
247.1	0.00045686070000000004
247.2	0.0004339638
247.3	0.00048418250000000006
247.4	0.0004514162
247.5	0.00045586500000000007
247.6	0.00046332370000000004
247.7	0.00045438749999999995
247.8	0.00043058820000000005
247.9	0.000415057
248.0	0.00042728259999999995
248.1	0.00047641290000000004
248.2	0.00043964890000000004
248.3	0.00040745850000000004
248.4	0.0004586956
248.5	0.0004679355
248.6	0.0005197718999999999
248.7	0.0005026307
248.8	0.00045127639999999994
248.9	0.0004419355000000001
249.0	0.0004123812
249.1	0.0004124596
249.2	0.00044790880000000006
249.3	0.00047546409999999997
249.4	0.0004569617999999999
249.5	0.0004142406
249.6	0.00047024559999999993
249.7	0.000472594
249.8	0.00039854530000000003
249.9	0.00047925179999999993
250.0	0.0004468121
250.1	0.00042795960000000004
250.2	0.00048576919999999995
250.3	0.0004322681
250.4	0.00046671449999999997
250.5	0.0004534931
250.6	0.00047058759999999995
250.7	0.00044500780000000003
250.8	0.0004126611
250.9	0.00047166870000000003
251.0	0.0003885437
251.1	0.0003679879
251.2	0.00045505640000000004
251.3	0.00041704039999999995
251.4	0.00048665620000000004
251.5	0.00045739709999999994
251.6	0.0004951411
251.7	0.0004258752
251.8	0.00046877590000000003
251.9	0.00044129790000000004
252.0	0.0004603601
252.1	0.00041764700000000005
252.2	0.0004564173
252.3	0.0004429549
252.4	0.0004556707
252.5	0.0005100733999999999
252.6	0.00044339799999999996
252.7	0.000448002
252.8	0.00045824509999999995
252.9	0.0004919989999999999
253.0	0.00048049590000000004
253.1	0.00044496889999999994
253.2	0.00045850139999999997
253.3	0.00042391540000000005
253.4	0.00041749139999999995
253.5	0.0004602593
253.6	0.0004847816
253.7	0.0004229821
253.8	0.0004809938
253.9	0.0004813597000000001
254.0	0.0004367013
254.1	0.0004057317
254.2	0.000410414
254.3	0.0004627088
254.4	0.0004751687
254.5	0.0004064703
254.6	0.00042946099999999996
254.7	0.0004784662
254.8	0.00046865120000000006
254.9	0.0004607493
255.0	0.00048378600000000005
255.1	0.00038480310000000006
255.2	0.00041251349999999994
255.3	0.0004351069
255.4	0.0004300903
255.5	0.00046145689999999994
255.6	0.00051607
255.7	0.00041161949999999996
255.8	0.0004353637
255.9	0.00043887909999999996
256.0	0.00044010020000000003
256.1	0.00047927510000000007
256.2	0.0004864845
256.3	0.0004539361
256.4	0.0004614882
256.5	0.00046705650000000004
256.6	0.000489806
256.7	0.00042736849999999997
256.8	0.00047978059999999995
256.9	0.0004692346
257.0	0.0004824484
257.1	0.0004260778
257.2	0.00040936380000000005
257.3	0.00042718979999999997
257.4	0.000507274
257.5	0.000485279
257.6	0.0004427367
257.7	0.00042990410000000003
257.8	0.0004268863
257.9	0.00042374430000000004
258.0	0.00045710960000000007
258.1	0.000462958
258.2	0.00047563529999999996
258.3	0.0004269256
258.4	0.0004119929
258.5	0.00042537790000000004
258.6	0.00047407179999999996
258.7	0.0004477533
258.8	0.0004839183
258.9	0.0004433897
259.0	0.00043319410000000006
259.1	0.0004069763
259.2	0.000436857
259.3	0.0004848125
259.4	0.00046977890000000005
259.5	0.0004330929
259.6	0.0004415473
259.7	0.00040389649999999995
259.8	0.0004306512
259.9	0.0004467188
260.0	0.0004318641
260.1	0.0004542708
260.2	0.00044713070000000003
260.3	0.0004495263
260.4	0.00041304279999999997
260.5	0.0004147307
260.6	0.00048230040000000004
260.7	0.0004319728
260.8	0.0004706264
260.9	0.0004009484
261.0	0.0004522409
261.1	0.00042719000000000003
261.2	0.00044359209999999996
261.3	0.00044959629999999996
261.4	0.0004519757
261.5	0.0004860027
261.6	0.00043073600000000003
261.7	0.00046162030000000004
261.8	0.00042687869999999997
261.9	0.0004768329
262.0	0.0004154537
262.1	0.00044974409999999995
262.2	0.00041126169999999997
262.3	0.0004684955
262.4	0.00048393430000000004
262.5	0.00042522999999999997
262.6	0.00048440049999999996
262.7	0.0003892907
262.8	0.00041399930000000007
262.9	0.0004478622
263.0	0.00041639499999999996
263.1	0.0005013783
263.2	0.00040006220000000003
263.3	0.00039564460000000005
263.4	0.0004143727
263.5	0.0004347421
263.6	0.00040085550000000005
263.7	0.0004819346
263.8	0.00041707900000000005
263.9	0.0004805348
264.0	0.00040815860000000003
264.1	0.0004603214
264.2	0.00043217529999999997
264.3	0.0004621026
264.4	0.0004616747
264.5	0.0004936323
264.6	0.00047692620000000003
264.7	0.0004612085
264.8	0.0004311955
264.9	0.0004482587
265.0	0.000452482
265.1	0.00040433980000000003
265.2	0.00045357860000000004
265.3	0.00040859409999999995
265.4	0.00043884029999999996
265.5	0.0004386144
265.6	0.00039618119999999997
265.7	0.0004974896
265.8	0.0004350137
265.9	0.0004668933
266.0	0.00046732920000000007
266.1	0.0004756505
266.2	0.00047939200000000003
266.3	0.00047709790000000004
266.4	0.00047477209999999997
266.5	0.00044867119999999995
266.6	0.00041092689999999997
266.7	0.00045582580000000004
266.8	0.0004656956
266.9	0.0004591316
267.0	0.00047045560000000004
267.1	0.0004312728
267.2	0.00043054150000000006
267.3	0.00046939050000000004
267.4	0.0004922324
267.5	0.00043752609999999996
267.6	0.0004348742
267.7	0.00047268759999999994
267.8	0.0004119767
267.9	0.00044846070000000005
268.0	0.00043898069999999997
268.1	0.0004678965
268.2	0.0004955687000000001
268.3	0.0004224996
268.4	0.00047853660000000004
268.5	0.00042126330000000006
268.6	0.0004524121
268.7	0.0004284499
268.8	0.00047285089999999996
268.9	0.00040911480000000003
269.0	0.00045720270000000005
269.1	0.00047508280000000005
269.2	0.00042993510000000003
269.3	0.0004763117
269.4	0.0004362814
269.5	0.00039953309999999996
269.6	0.000487317
269.7	0.00046141789999999997
269.8	0.00043420519999999997
269.9	0.00039107169999999996
270.0	0.00042449090000000006
270.1	0.0004575995
270.2	0.00046681570000000006
270.3	0.0004308294
270.4	0.00043851370000000004
270.5	0.00047394739999999993
270.6	0.00046914059999999993
270.7	0.00045397469999999997
270.8	0.0004596682
270.9	0.00042167580000000005
271.0	0.00041826880000000007
271.1	0.0004189533
271.2	0.0004712566
271.3	0.00044106449999999997
271.4	0.0005148644
271.5	0.0004204701
271.6	0.0003962904
271.7	0.0003856816
271.8	0.00043542609999999997
271.9	0.00042988849999999997
272.0	0.00041663569999999997
272.1	0.00042529169999999997
272.2	0.0004045807999999999
272.3	0.00041578080000000004
272.4	0.0004164884
272.5	0.000501355
272.6	0.0004809162
272.7	0.0004540294
272.8	0.00040348470000000004
272.9	0.0004400771
273.0	0.00043136609999999996
273.1	0.0004442689
273.2	0.0004699501
273.3	0.000433015
273.4	0.00042358099999999997
273.5	0.00043331790000000005
273.6	0.00042049309999999995
273.7	0.0004237525
273.8	0.00044483690000000003
273.9	0.0004408624
274.0	0.00044997750000000007
274.1	0.00048776820000000004
274.2	0.0004152436
274.3	0.0003718536
274.4	0.00044553670000000003
274.5	0.00044072240000000003
274.6	0.00042546300000000006
274.7	0.0004264587
274.8	0.0004134935
274.9	0.0004057322
275.0	0.00047102309999999997
275.1	0.00047497419999999993
275.2	0.0004257974
275.3	0.00044521770000000005
275.4	0.0004329995
275.5	0.00045551469999999993
275.6	0.00044632970000000005
275.7	0.0005049329999999999
275.8	0.0004301139
275.9	0.0004317782
276.0	0.0004081273
276.1	0.00046758540000000004
276.2	0.0004860884
276.3	0.00045538269999999997
276.4	0.0004235731
276.5	0.0004255562
276.6	0.00042665289999999995
276.7	0.00046979419999999995
276.8	0.00045877360000000004
276.9	0.00046942109999999996
277.0	0.0004512839
277.1	0.0004295929
277.2	0.00039794680000000004
277.3	0.00043949369999999997
277.4	0.0004616671
277.5	0.0004467582
277.6	0.0004210687
277.7	0.00041228040000000003
277.8	0.00041546179999999995
277.9	0.0004300671
278.0	0.0004697555
278.1	0.00042173730000000004
278.2	0.00044500749999999993
278.3	0.0005033145
278.4	0.00041923359999999996
278.5	0.0004169004
278.6	0.0004324321
278.7	0.0004703545
278.8	0.00044542759999999996
278.9	0.00043981239999999996
279.0	0.00046547
279.1	0.0003748247
279.2	0.0004373389
279.3	0.0004289941
279.4	0.0004672824
279.5	0.0004304795
279.6	0.0004733095
279.7	0.00041042920000000004
279.8	0.00048004499999999996
279.9	0.00048125060000000006
280.0	0.0004928158
280.1	0.0004755029000000001
280.2	0.00041296469999999995
280.3	0.00040136919999999996
280.4	0.00041418630000000003
280.5	0.0004167988
280.6	0.00039640680000000003
280.7	0.00045587290000000005
280.8	0.0004171336
280.9	0.0005045053
281.0	0.00048223050000000006
281.1	0.0005243296
281.2	0.0004483364999999999
281.3	0.0004630668
281.4	0.00043737800000000004
281.5	0.00042348019999999996
281.6	0.00042951530000000004
281.7	0.00041153360000000005
281.8	0.00041551580000000004
281.9	0.0004884285999999999
282.0	0.00042061
282.1	0.000405662
282.2	0.00042053999999999995
282.3	0.00044505470000000003
282.4	0.0004375495
282.5	0.00045228710000000004
282.6	0.00044522550000000006
282.7	0.00044985319999999996
282.8	0.00045220960000000006
282.9	0.0004182691
283.0	0.00038695689999999997
283.1	0.0004986329
283.2	0.00043580740000000005
283.3	0.0003990514
283.4	0.0004453968
283.5	0.00041443530000000005
283.6	0.0004375725
283.7	0.0004376118
283.8	0.00048269729999999997
283.9	0.0004215127
284.0	0.0004145205
284.1	0.00041592010000000005
284.2	0.00041003270000000003
284.3	0.00041089560000000003
284.4	0.00046323800000000004
284.5	0.0004575138
284.6	0.0004336683
284.7	0.00042391499999999997
284.8	0.00040755999999999995
284.9	0.00041118370000000005
285.0	0.00048409719999999997
285.1	0.0004104998
285.2	0.00042280329999999996
285.3	0.0004848359
285.4	0.000444728
285.5	0.0004180436
285.6	0.000456324
285.7	0.000476063
285.8	0.0004224065
285.9	0.0003824228
286.0	0.000412164
286.1	0.00037878329999999993
286.2	0.0004968909
286.3	0.0005058344999999999
286.4	0.00043649149999999996
286.5	0.00042832520000000003
286.6	0.00042029090000000007
286.7	0.0004017418
286.8	0.0004751688
286.9	0.000434983
287.0	0.0004106236
287.1	0.0004242887
287.2	0.00040481409999999996
287.3	0.0004171026
287.4	0.0004531115
287.5	0.00047102329999999993
287.6	0.00040746600000000005
287.7	0.00043603260000000003
287.8	0.0004088118
287.9	0.00039102490000000005
288.0	0.0004887711000000001
288.1	0.00047302970000000005
288.2	0.00042827869999999995
288.3	0.0004199721
288.4	0.00045290169999999993
288.5	0.00041077189999999997
288.6	0.0004235886
288.7	0.0004729132
288.8	0.0004521631
288.9	0.0004486246
289.0	0.0003965232
289.1	0.0003992614
289.2	0.0004240786
289.3	0.0004013919
289.4	0.000438918
289.5	0.0004137891
289.6	0.0003552255
289.7	0.0003285877000000001
289.8	0.00032907779999999994
289.9	0.0002623866000000001
290.0	0.00021863060000000003
290.1	0.00020490350000000005
290.2	0.00022401259999999998
290.3	0.00023918659999999994
290.4	0.00021271189999999996
290.5	0.00016161439999999995
290.6	0.00017090050000000004
290.7	0.0003787440000000001
290.8	0.00036451920000000007
290.9	0.00041734359999999997
291.0	0.0004135714
291.1	0.0003536775
291.2	0.0003424316
291.3	0.0005073672000000001
291.4	0.0004115962
291.5	0.0004185723000000001
291.6	0.00038872259999999997
291.7	0.00039374680000000005
291.8	0.0004188448
291.9	0.0004019212
292.0	0.00042876839999999997
292.1	0.0003878437
292.2	0.00042667649999999997
292.3	0.0004661078
292.4	0.000420073
292.5	0.00047991300000000005
292.6	0.0004622504
292.7	0.000392409
292.8	0.00039304669999999994
292.9	0.0004338626
293.0	0.00045525059999999997
293.1	0.0004432813
293.2	0.0004093329
293.3	0.00040169550000000004
293.4	0.00041537599999999996
293.5	0.0004317242
293.6	0.00041371919999999996
293.7	0.00043799279999999995
293.8	0.0004600722
293.9	0.0004384282
294.0	0.0004507708
294.1	0.0003954109
294.2	0.0003816684000000001
294.3	0.000472073
294.4	0.0004875112
294.5	0.0004355193
294.6	0.0004375258
294.7	0.000460376
294.8	0.00042400830000000007
294.9	0.0004177246
295.0	0.0005155488000000001
295.1	0.00047989710000000005
295.2	0.00039209019999999995
295.3	0.0004025431
295.4	0.00042167569999999996
295.5	0.00044601070000000007
295.6	0.00048330380000000003
295.7	0.00041035930000000005
295.8	0.00045027280000000004
295.9	0.0004591238
296.0	0.00047313090000000003
296.1	0.0004206098
296.2	0.0004468197
296.3	0.00040898299999999997
296.4	0.0004341974
296.5	0.00043716789999999995
296.6	0.0003877504
296.7	0.00040708509999999994
296.8	0.0004539205
296.9	0.0005421086
297.0	0.00039660150000000007
297.1	0.0004310864
297.2	0.000453026
297.3	0.0004138903
297.4	0.0004356436
297.5	0.0004361336
297.6	0.00040307200000000003
297.7	0.0004203612
297.8	0.0004626003
297.9	0.00042704190000000006
298.0	0.0004254552
298.1	0.000433505
298.2	0.00042345690000000004
298.3	0.0004264353
298.4	0.0003992533
298.5	0.0003784488
298.6	0.0004226712
298.7	0.0004231997
298.8	0.00046032920000000006
298.9	0.0003710138
299.0	0.0004025507
299.1	0.0003044154000000001
299.2	0.00027232609999999996
299.3	0.00019909370000000003
299.4	0.0002886742
299.5	0.00015592920000000003
299.6	0.0003183058
299.7	0.0004597073
299.8	0.0004307748
299.9	0.000397931
300.0	0.0004214029
300.1	0.0004619159
300.2	0.00045824480000000007
300.3	0.00046090489999999997
300.4	0.0004306587
300.5	0.0004003967
300.6	0.000436056
300.7	0.00038022189999999996
300.8	0.00044142990000000005
300.9	0.0004412436
301.0	0.00041200840000000003
301.1	0.0004152512
301.2	0.0004415779
301.3	0.00042066470000000003
301.4	0.00043008280000000004
301.5	0.00039433040000000006
301.6	0.00045423190000000007
301.7	0.00041144830000000007
301.8	0.0004327971
301.9	0.00039126590000000005
302.0	0.0004405438
302.1	0.0003983277
302.2	0.0003911804
302.3	0.00038985029999999996
302.4	0.0004110594
302.5	0.00045703130000000004
302.6	0.00043513780000000005
302.7	0.0004310159
302.8	0.000436429
302.9	0.0004420059
303.0	0.00040123679999999997
303.1	0.00039352939999999997
303.2	0.00043698950000000005
303.3	0.0003647604
303.4	0.0004191945
303.5	0.00043087599999999996
303.6	0.00043009029999999994
303.7	0.0005147478
303.8	0.0004521012
303.9	0.00044580890000000005
304.0	0.00044303239999999997
304.1	0.00043489719999999997
304.2	0.000426031
304.3	0.0004270494
304.4	0.000456192
304.5	0.00038673159999999995
304.6	0.00040195190000000004
304.7	0.00040811159999999994
304.8	0.0004292977
304.9	0.0004302155
305.0	0.00041559359999999995
305.1	0.0004469132
305.2	0.0004170168
305.3	0.0003913592
305.4	0.00039009140000000004
305.5	0.0004093949
305.6	0.00048141380000000004
305.7	0.0004945731
305.8	0.00038202620000000006
305.9	0.0004453734
306.0	0.00040486870000000004
306.1	0.0003728023
306.2	0.000388435
306.3	0.00043290609999999997
306.4	0.00047502050000000005
306.5	0.0004357602
306.6	0.00043490479999999996
306.7	0.0004315372
306.8	0.0004288542
306.9	0.000481196
307.0	0.000373619
307.1	0.0004296083
307.2	0.00047410329999999996
307.3	0.0003927746
307.4	0.0004883435
307.5	0.0004062143
307.6	0.000404402
307.7	0.0004166042
307.8	0.00041749090000000005
307.9	0.0004525361
308.0	0.00047844289999999997
308.1	0.0004563551
308.2	0.00040045109999999994
308.3	0.00043950169999999993
308.4	0.00040402079999999995
308.5	0.00041926459999999996
308.6	0.0004592015
308.7	0.0004231847
308.8	0.00032767029999999995
308.9	0.0003730821
309.0	0.00043193370000000003
309.1	0.0004970773000000001
309.2	0.0004772766
309.3	0.0004401002
309.4	0.00042946050000000006
309.5	0.0004438415
309.6	0.00045474539999999997
309.7	0.0004705488
309.8	0.00042890049999999997
309.9	0.000397371
310.0	0.00042866769999999995
310.1	0.0004097994
310.2	0.0004381251
310.3	0.00041833139999999995
310.4	0.0004594424
310.5	0.00042445979999999997
310.6	0.00040751290000000005
310.7	0.00042288870000000003
310.8	0.000424382
310.9	0.0004037331
311.0	0.00043653050000000003
311.1	0.00045525059999999997
311.2	0.00046309039999999996
311.3	0.00042803770000000006
311.4	0.00040120500000000007
311.5	0.00039719200000000004
311.6	0.0004626549
311.7	0.0003975035
311.8	0.0004271122
311.9	0.00038575150000000005
312.0	0.0004260931
312.1	0.00042032999999999995
312.2	0.00039250269999999994
312.3	0.0004327038
312.4	0.0004210068
312.5	0.00045735029999999997
312.6	0.0004127469
312.7	0.00039377000000000005
312.8	0.0003943845
312.9	0.0004227796
313.0	0.00039945569999999997
313.1	0.00043550370000000003
313.2	0.00041746020000000005
313.3	0.00043201979999999996
313.4	0.00043344259999999996
313.5	0.00042174570000000003
313.6	0.0003905426
313.7	0.0003747699
313.8	0.0004064787
313.9	0.00043690400000000006
314.0	0.0003931633
314.1	0.00039363779999999996
314.2	0.0003872918
314.3	0.00047575979999999997
314.4	0.00042715069999999997
314.5	0.00041685360000000006
314.6	0.0004438957
314.7	0.0003958465
314.8	0.0003905269
314.9	0.0004937022
315.0	0.00040682820000000004
315.1	0.00044178839999999995
315.2	0.0004212553
315.3	0.0004096130000000001
315.4	0.0003995333
315.5	0.0004413135
315.6	0.0004232699
315.7	0.00041880609999999995
315.8	0.0004361105
315.9	0.00044029500000000005
316.0	0.000386545
316.1	0.00044094030000000006
316.2	0.00039767409999999997
316.3	0.00043763459999999994
316.4	0.0004092625
316.5	0.00040984579999999994
316.6	0.00039223009999999996
316.7	0.0004410569
316.8	0.0004641795
316.9	0.00045275389999999995
317.0	0.0004435303
317.1	0.0005274171999999999
317.2	0.00048251829999999997
317.3	0.0004440976
317.4	0.00040677380000000003
317.5	0.000416542
317.6	0.00045518859999999997
317.7	0.0004510823
317.8	0.0004284498000000001
317.9	0.00041710249999999993
318.0	0.00044016270000000004
318.1	0.00042977209999999996
318.2	0.0004541929
318.3	0.0004177637
318.4	0.0003736345
318.5	0.00044031
318.6	0.00043066610000000005
318.7	0.0004105542
318.8	0.00042913420000000003
318.9	0.00044891160000000007
319.0	0.0004557483
319.1	0.00040411390000000003
319.2	0.0004468123
319.3	0.0003958935
319.4	0.0004173279
319.5	0.00040419960000000004
319.6	0.00042627180000000004
319.7	0.0004069063
319.8	0.00044772240000000004
319.9	0.0004210531
320.0	0.00041391389999999995
320.1	0.0004044332
320.2	0.00040287000000000005
320.3	0.0004460968
320.4	0.0004240009
320.5	0.00037921890000000005
320.6	0.00041340020000000003
320.7	0.00039506139999999996
320.8	0.00042270189999999997
320.9	0.00042596090000000006
321.0	0.00041235020000000004
321.1	0.0004240476
321.2	0.0004758919
321.3	0.00041044489999999997
321.4	0.00038873839999999994
321.5	0.0003983745
321.6	0.00039894200000000006
321.7	0.00042164420000000006
321.8	0.0004001941
321.9	0.0004941527
322.0	0.0004517195
322.1	0.00042135670000000003
322.2	0.00042025959999999996
322.3	0.00041931110000000005
322.4	0.00039861529999999994
322.5	0.0003626917
322.6	0.00042645120000000007
322.7	0.0004168533
322.8	0.0004221188
322.9	0.0004645449
323.0	0.00041244359999999996
323.1	0.00043917450000000003
323.2	0.0003952561
323.3	0.0004205246
323.4	0.00038029259999999994
323.5	0.00044242559999999997
323.6	0.0004112616
323.7	0.00042031459999999996
323.8	0.0004683637
323.9	0.000436919
324.0	0.0004262098
324.1	0.00048305440000000004
324.2	0.0003850286
324.3	0.00046319130000000005
324.4	0.00047585270000000005
324.5	0.00039928450000000003
324.6	0.000436678
324.7	0.00042528460000000004
324.8	0.00046000999999999995
324.9	0.00041772440000000004
325.0	0.00046406250000000007
325.1	0.0004366469
325.2	0.00040497
325.3	0.00039523190000000005
325.4	0.00043789940000000003
325.5	0.00046253810000000006
325.6	0.0004137501
325.7	0.00045668149999999997
325.8	0.00044086259999999997
325.9	0.00043181769999999994
326.0	0.0004450855
326.1	0.00045894489999999996
326.2	0.000435815
326.3	0.00039135889999999994
326.4	0.00047011309999999996
326.5	0.00044251900000000005
326.6	0.00046744559999999997
326.7	0.0004939666
326.8	0.00042032980000000005
326.9	0.0004309696
327.0	0.0005013162
327.1	0.0005018608000000001
327.2	0.00044818099999999997
327.3	0.0004747486
327.4	0.00047198
327.5	0.0004854036
327.6	0.00047133419999999997
327.7	0.0005045676
327.8	0.0004576539
327.9	0.0005126558
328.0	0.0004756742
328.1	0.0004375106
328.2	0.0004384745
328.3	0.0005001182
328.4	0.00043215170000000005
328.5	0.00046114589999999997
328.6	0.0005020628
328.7	0.0004243821
328.8	0.00037615430000000007
328.9	0.000457911
329.0	0.00048741809999999997
329.1	0.00045711710000000003
329.2	0.00046241360000000005
329.3	0.0004345081
329.4	0.0004133692
329.5	0.0004921698
329.6	0.00043520809999999995
329.7	0.0004475895
329.8	0.00044202109999999994
329.9	0.0004464153
330.0	0.00043036279999999994
330.1	0.0004256729
330.2	0.00046945209999999996
330.3	0.00047505210000000004
330.4	0.0004206955
330.5	0.00046827020000000003
330.6	0.00042225879999999996
330.7	0.0004265749
330.8	0.0004314908
330.9	0.0004578167
331.0	0.00047408760000000003
331.1	0.0004581203
331.2	0.00042698759999999997
331.3	0.00042541620000000004
331.4	0.00046071809999999997
331.5	0.00047810090000000006
331.6	0.00045310440000000005
331.7	0.0004905212999999999
331.8	0.0004765682
331.9	0.000393848
332.0	0.0003983512
332.1	0.00044290799999999994
332.2	0.00046429560000000003
332.3	0.00046951459999999997
332.4	0.0004239075
332.5	0.00045403690000000004
332.6	0.0004206099
332.7	0.0004392217
332.8	0.00041193830000000003
332.9	0.0004552737
333.0	0.00043448490000000005
333.1	0.00048809450000000007
333.2	0.0004287762
333.3	0.00042717400000000005
333.4	0.00043109380000000007
333.5	0.00040573219999999997
333.6	0.0004434288
333.7	0.00041630149999999995
333.8	0.0003908924
333.9	0.00045795739999999997
334.0	0.00043070529999999997
334.1	0.00044153890000000004
334.2	0.0004207887
334.3	0.00040818939999999996
334.4	0.0004309774
334.5	0.00039552790000000005
334.6	0.00047271840000000004
334.7	0.00046008080000000003
334.8	0.0004476986
334.9	0.0004584161
335.0	0.0004696233
335.1	0.0004828682
335.2	0.0005067992
335.3	0.00048084610000000003
335.4	0.0004570706
335.5	0.00044868659999999994
335.6	0.00044851540000000005
335.7	0.00048676450000000005
335.8	0.00045938840000000006
335.9	0.0004103049
336.0	0.00046868230000000004
336.1	0.00046643440000000003
336.2	0.00040664939999999995
336.3	0.00041883689999999994
336.4	0.0004166825
336.5	0.00046162789999999997
336.6	0.00039873989999999993
336.7	0.00045281630000000003
336.8	0.00044887299999999997
336.9	0.00041171249999999996
337.0	0.0004643733
337.1	0.000435597
337.2	0.0004348112
337.3	0.00044114259999999993
337.4	0.00044699120000000006
337.5	0.00039845200000000004
337.6	0.0003971454
337.7	0.0004511208
337.8	0.0004203067
337.9	0.0004044562
338.0	0.0004178026
338.1	0.0004052813
338.2	0.000395582
338.3	0.0004066808
338.4	0.0004507244
338.5	0.00039092369999999997
338.6	0.00044559889999999994
338.7	0.0004802934
338.8	0.00042015880000000007
338.9	0.00044369350000000006
339.0	0.00047608609999999995
339.1	0.0004466096
339.2	0.0004758453
339.3	0.00045859459999999993
339.4	0.00042897039999999995
339.5	0.00042020580000000005
339.6	0.0004340649
339.7	0.0004093717
339.8	0.00044551290000000005
339.9	0.0004283486
340.0	0.0004157338
340.1	0.0003900761
340.2	0.00044156260000000004
340.3	0.00044000720000000003
340.4	0.000440497
340.5	0.00041794289999999996
340.6	0.0004530417
340.7	0.00040658750000000004
340.8	0.0004127471
340.9	0.0004155625
341.0	0.0004113317
341.1	0.00042186229999999995
341.2	0.0004150182
341.3	0.0004211077
341.4	0.00044169460000000006
341.5	0.00040974520000000006
341.6	0.00044094020000000003
341.7	0.0004384901
341.8	0.00043960269999999995
341.9	0.00040766010000000004
342.0	0.00047016789999999994
342.1	0.0004488731
342.2	0.00042333960000000005
342.3	0.0004695842
342.4	0.0004413832
342.5	0.0004218854
342.6	0.00043872370000000004
342.7	0.0004204779
342.8	0.00044394229999999995
342.9	0.00043394839999999995
343.0	0.00040934829999999996
343.1	0.00041379749999999994
343.2	0.0004022869
343.3	0.000460345
343.4	0.0004062063
343.5	0.0004535863
343.6	0.00039286039999999995
343.7	0.00043937669999999997
343.8	0.0004163789
343.9	0.00040197540000000003
344.0	0.00037655110000000007
344.1	0.0004200733
344.2	0.0004444944
344.3	0.000418401
344.4	0.0004655708
344.5	0.00044668740000000006
344.6	0.0004043092
344.7	0.0004456376
344.8	0.00043616470000000003
344.9	0.00038359759999999994
345.0	0.00045003960000000005
345.1	0.00044527989999999996
345.2	0.000430052
345.3	0.0004174678
345.4	0.0004325562
345.5	0.00042235250000000003
345.6	0.00042202540000000005
345.7	0.00041452780000000004
345.8	0.00042617869999999995
345.9	0.0004459021
346.0	0.00040592639999999995
346.1	0.00045477610000000003
346.2	0.000433007
346.3	0.0004071555
346.4	0.000431911
346.5	0.0004492391
346.6	0.00037944389999999996
346.7	0.00037886090000000005
346.8	0.00046880659999999993
346.9	0.0004429625
347.0	0.0004318562
347.1	0.00044348320000000006
347.2	0.00046440479999999997
347.3	0.0003890961999999999
347.4	0.0004420676
347.5	0.0004083534
347.6	0.0004202912
347.7	0.0004524582
347.8	0.00041652729999999997
347.9	0.0004330462
348.0	0.00043614140000000005
348.1	0.0004097296
348.2	0.0004691021
348.3	0.0004280141
348.4	0.0004373233
348.5	0.000418448
348.6	0.0004294294
348.7	0.00042995040000000004
348.8	0.00045378849999999995
348.9	0.00042509760000000003
349.0	0.0004145437
349.1	0.0003903013
349.2	0.00038737699999999995
349.3	0.00038948490000000004
349.4	0.0004331238
349.5	0.00045716419999999994
349.6	0.0004858628
349.7	0.000409115
349.8	0.00041832310000000005
349.9	0.0004178803
