0.0	0.0004176475
0.1	0.00043898850000000003
0.2	0.00043037960000000004
0.3	0.0004935082
0.4	0.00039158880000000006
0.5	0.0004462317
0.6	0.0004033938
0.7	0.0003948934
0.8	0.0004209369
0.9	0.00040615829999999994
1.0	0.00041315369999999995
1.1	0.0004391046
1.2	0.000396337
1.3	0.00048452110000000005
1.4	0.00042895180000000006
1.5	0.00043532140000000004
1.6	0.0004529331
1.7	0.0004146515
1.8	0.00044813830000000005
1.9	0.00043021789999999997
2.0	0.0004196782
2.1	0.0004138877
2.2	0.00039558810000000003
2.3	0.00048473740000000003
2.4	0.00040374970000000004
2.5	0.00045337400000000004
2.6	0.00040834349999999993
2.7	0.00042024930000000003
2.8	0.0005054758
2.9	0.00046615240000000003
3.0	0.00040032899999999994
3.1	0.000490072
3.2	0.00042544589999999997
3.3	0.00041205720000000003
3.4	0.0004945430000000001
3.5	0.0004912769
3.6	0.00041946169999999996
3.7	0.00043475759999999996
3.8	0.00044328239999999995
3.9	0.00040520139999999997
4.0	0.0003812651
4.1	0.0004067993
4.2	0.00041604129999999996
4.3	0.0003953484
4.4	0.0004355066
4.5	0.00037752840000000005
4.6	0.0003952485
4.7	0.00043241849999999996
4.8	0.0004514047999999999
4.9	0.0004483625
5.0	0.00047700050000000006
5.1	0.00043624840000000006
5.2	0.0004375762
5.3	0.0004099266
5.4	0.00042601
5.5	0.0004029543
5.6	0.0004079418
5.7	0.0004087377
5.8	0.0004228515
5.9	0.0003642862
6.0	0.00046341869999999997
6.1	0.0004337227
6.2	0.00045449289999999995
6.3	0.00042482029999999995
6.4	0.0004407494
6.5	0.00042565439999999995
6.6	0.00048194230000000006
6.7	0.00046143439999999996
6.8	0.0003992247
6.9	0.00039964950000000003
7.0	0.0003926463
7.1	0.00044667930000000006
7.2	0.0004438615
7.3	0.0004886363000000001
7.4	0.0003828556
7.5	0.0004190915
7.6	0.00039064680000000003
7.7	0.00036824720000000005
7.8	0.0004298395
7.9	0.00043959159999999996
8.0	0.00042976230000000003
8.1	0.0003677144
8.2	0.00045560500000000004
8.3	0.0003907622000000001
8.4	0.00039961840000000005
8.5	0.0004365488
8.6	0.0004420622
8.7	0.00044288860000000005
8.8	0.00041120779999999997
8.9	0.0004079191
9.0	0.00042397899999999995
9.1	0.0003635452
9.2	0.0004180026
9.3	0.0004693259000000001
9.4	0.0004245269
9.5	0.00040842060000000004
9.6	0.00038307159999999995
9.7	0.00040571840000000004
9.8	0.0004064826
9.9	0.0003920982
10.0	0.00041497549999999994
10.1	0.00038219199999999995
10.2	0.0004229983
10.3	0.0004142273
10.4	0.00048462099999999997
10.5	0.0004568941
10.6	0.00044158369999999997
10.7	0.0004379928
10.8	0.00041644279999999994
10.9	0.0004228518
11.0	0.0003550906
11.1	0.0004242724
11.2	0.00044543630000000006
11.3	0.00038941889999999997
11.4	0.0003976575
11.5	0.00035973849999999997
11.6	0.0003751423
11.7	0.00039764149999999996
11.8	0.00039609800000000006
11.9	0.00041115400000000006
12.0	0.0004571566
12.1	0.00046525660000000003
12.2	0.0003724479
12.3	0.0004496671
12.4	0.0003802225
12.5	0.0005068583999999999
12.6	0.0004446099
12.7	0.00040913870000000005
12.8	0.0003843071
12.9	0.00042991679999999997
13.0	0.00041446620000000007
13.1	0.0004302796
13.2	0.0004187592
13.3	0.0004073786
13.4	0.00039985
13.5	0.00042449610000000004
13.6	0.00037857799999999997
13.7	0.00042399439999999994
13.8	0.00041315389999999996
13.9	0.00038258609999999995
14.0	0.0004018885
14.1	0.00045270159999999995
14.2	0.00038363560000000005
14.3	0.0004079109
14.4	0.000436302
14.5	0.0003872572
14.6	0.0004430657
14.7	0.00044864829999999994
14.8	0.000398221
14.9	0.0004037108999999999
15.0	0.0004043051
15.1	0.00039715540000000003
15.2	0.0004275308
15.3	0.00036939789999999997
15.4	0.0004232225
15.5	0.0003888784
15.6	0.0004105053
15.7	0.0003937039
15.8	0.0003921907000000001
15.9	0.0003941134
16.0	0.0004108065
16.1	0.00039270050000000007
16.2	0.00039890060000000003
16.3	0.00043481980000000003
16.4	0.00039044570000000003
16.5	0.00046151140000000003
16.6	0.0004344026
16.7	0.00037096499999999996
16.8	0.0003622247
16.9	0.00043554540000000005
17.0	0.00044477989999999995
17.1	0.0003904612
17.2	0.00038497119999999997
17.3	0.00037996810000000004
17.4	0.0003693744
17.5	0.00041366360000000003
17.6	0.000394909
17.7	0.0004279785
17.8	0.0004046603
17.9	0.0004218402
18.0	0.00043731350000000005
18.1	0.0004097488
18.2	0.00041092239999999995
18.3	0.0003784702
18.4	0.00038477030000000004
18.5	0.00040383439999999997
18.6	0.0004230986999999999
18.7	0.0004118255
18.8	0.00039690050000000006
18.9	0.00041001129999999994
19.0	0.0004054478
19.1	0.0003978116
19.2	0.0004147369
19.3	0.0004227129
19.4	0.0004189521
19.5	0.00035102930000000004
19.6	0.00039938669999999997
19.7	0.0004221336
19.8	0.0003975956
19.9	0.0004038884
20.0	0.0004227437
20.1	0.0004316616999999999
20.2	0.00041587179999999995
20.3	0.00046314109999999996
20.4	0.00042217209999999994
20.5	0.00044161419999999996
20.6	0.00042180969999999995
20.7	0.0003809948
20.8	0.0004164043
20.9	0.0003991086
21.0	0.0004067762
21.1	0.0003670734
21.2	0.00039195969999999996
21.3	0.0003899977
21.4	0.00042211039999999993
21.5	0.00044965980000000004
21.6	0.000417493
21.7	0.0004292293
21.8	0.00039069329999999995
21.9	0.00038658520000000007
22.0	0.00043864899999999994
22.1	0.000444726
22.2	0.00041238169999999993
22.3	0.0004219945
22.4	0.0004210139
22.5	0.00042136919999999996
22.6	0.0004095252
22.7	0.0003983294
22.8	0.000409625
22.9	0.00038700970000000003
23.0	0.0004129299
23.1	0.00038138129999999997
23.2	0.0004008773
23.3	0.0003989082
23.4	0.00042976160000000006
23.5	0.0003743238
23.6	0.0004390819
23.7	0.00042303690000000004
23.8	0.00041480639999999996
23.9	0.0003888472
24.0	0.0003785393
24.1	0.00042220300000000006
24.2	0.00038754250000000006
24.3	0.00041411109999999997
24.4	0.0004100811
24.5	0.00041561690000000004
24.6	0.00040374209999999994
24.7	0.0003702777
24.8	0.00040333260000000005
24.9	0.0004131848
25.0	0.0004326729
25.1	0.0004797493
25.2	0.00042326850000000004
25.3	0.00039127169999999997
25.4	0.000387743
25.5	0.0004554196
25.6	0.00042500599999999996
25.7	0.00040182689999999997
25.8	0.00041076780000000003
25.9	0.0003836894
26.0	0.0003851723
26.1	0.00044678729999999997
26.2	0.000406444
26.3	0.000389203
26.4	0.000484706
26.5	0.0004464476
26.6	0.00037035489999999997
26.7	0.00042481269999999997
26.8	0.00042192540000000005
26.9	0.0004511805
27.0	0.00040967160000000006
27.1	0.0004335687
27.2	0.0003420028
27.3	0.00040965589999999996
27.4	0.0004024984
27.5	0.00047552580000000003
27.6	0.00043858760000000004
27.7	0.0004120804
27.8	0.0004007228
27.9	0.00042448809999999997
28.0	0.00038883930000000003
28.1	0.0004028689999999999
28.2	0.0004403405
28.3	0.0003994566
28.4	0.0003732739
28.5	0.0004444248
28.6	0.00042392510000000005
28.7	0.00037661709999999997
28.8	0.00041805649999999994
28.9	0.0004175395
29.0	0.00036673410000000005
29.1	0.0004119106
29.2	0.00039196699999999996
29.3	0.0004000355
29.4	0.00042433410000000004
29.5	0.00042299810000000004
29.6	0.00043642519999999996
29.7	0.0004139494
29.8	0.00036691919999999996
29.9	0.00042753820000000005
30.0	0.00044586119999999994
30.1	0.00042856540000000003
30.2	0.00045863199999999994
30.3	0.000436634
30.4	0.00040010499999999994
30.5	0.0003811959
30.6	0.00045291809999999994
30.7	0.00038170549999999993
30.8	0.0003829715
30.9	0.00044681859999999996
31.0	0.0004195778
31.1	0.00041357829999999994
31.2	0.0004692943
31.3	0.0004327738
31.4	0.0004493585
31.5	0.00044612309999999996
31.6	0.0004520993
31.7	0.0004955389999999999
31.8	0.00047935530000000004
31.9	0.0004192456
32.0	0.0003948544
32.1	0.000397526
32.2	0.0004232917
32.3	0.00039625209999999997
32.4	0.00040505420000000003
32.5	0.0003867321
32.6	0.0003967618
32.7	0.0004487951
32.8	0.0003989699
32.9	0.0003878206
33.0	0.00037730410000000005
33.1	0.0004678353
33.2	0.0003718995
33.3	0.00042528349999999994
33.4	0.00043344520000000004
33.5	0.00042334579999999994
33.6	0.0004153387
33.7	0.00034892849999999993
33.8	0.0004332133
33.9	0.00040132479999999994
34.0	0.00046709419999999994
34.1	0.0004141654
34.2	0.00037744320000000005
34.3	0.0004046916
34.4	0.0004206664
34.5	0.00039063860000000005
34.6	0.00039952599999999993
34.7	0.0004221259
34.8	0.0004124204
34.9	0.00042964649999999995
35.0	0.00044879469999999994
35.1	0.00042219560000000003
35.2	0.0004193849
35.3	0.0005060628000000001
35.4	0.00044688029999999997
35.5	0.0004112082
35.6	0.0004045139
35.7	0.00042736059999999993
35.8	0.00048640470000000004
35.9	0.0004605387
36.0	0.0004622533
36.1	0.0004022051
36.2	0.00042187090000000006
36.3	0.0004396374
36.4	0.00045450110000000004
36.5	0.0004375138999999999
36.6	0.0004182192
36.7	0.00044328200000000003
36.8	0.00039068519999999995
36.9	0.0004158948
37.0	0.00041706060000000006
37.1	0.0004230601
37.2	0.00047784960000000007
37.3	0.0004218095
37.4	0.00043588479999999994
37.5	0.0004106059
37.6	0.00041897570000000006
37.7	0.00043356859999999994
37.8	0.00046839939999999996
37.9	0.00041750859999999996
38.0	0.00043756070000000005
38.1	0.00045952700000000005
38.2	0.00039829040000000007
38.3	0.0004172613
38.4	0.0004138949
38.5	0.00042615600000000007
38.6	0.0004561686
38.7	0.0003776518
38.8	0.00039006770000000004
38.9	0.0004645458
39.0	0.0003883609
39.1	0.0004388965
39.2	0.0004408806
39.3	0.00048351689999999995
39.4	0.00041403400000000003
39.5	0.00042588600000000005
39.6	0.00039372710000000005
39.7	0.00037687969999999996
39.8	0.00043633250000000006
39.9	0.0004194002
40.0	0.00042994740000000005
40.1	0.00044326629999999993
40.2	0.0004239787
40.3	0.00043478859999999996
40.4	0.00042337660000000004
40.5	0.00041851230000000006
40.6	0.0004127061000000001
40.7	0.00040347170000000005
40.8	0.0004703988
40.9	0.0005150351
41.0	0.00042375469999999995
41.1	0.0004575047
41.2	0.00043392389999999994
41.3	0.00041706860000000003
41.4	0.0004701907
41.5	0.00045213070000000005
41.6	0.0004963423
41.7	0.0004350126
41.8	0.00042594000000000003
41.9	0.0004329435
42.0	0.00039823619999999996
42.1	0.00040371080000000005
42.2	0.00041032
42.3	0.0004647621999999999
42.4	0.00038372819999999997
42.5	0.00040287700000000005
42.6	0.0004228517
42.7	0.00042300599999999997
42.8	0.00047531730000000005
42.9	0.0003835895
43.0	0.0004568945
43.1	0.0004885587999999999
43.2	0.0003885235
43.3	0.00042947590000000005
43.4	0.0004416374
43.5	0.00045230799999999995
43.6	0.0004567324
43.7	0.0004096871
43.8	0.00041505329999999997
43.9	0.0004291441
44.0	0.00044508099999999995
44.1	0.000450463
44.2	0.000484629
44.3	0.00038728030000000004
44.4	0.0004636348
44.5	0.00038143519999999997
44.6	0.0004483545
44.7	0.000397256
44.8	0.00044568289999999996
44.9	0.00044406950000000007
45.0	0.0004244192
45.1	0.00037609979999999997
45.2	0.0004507252
45.3	0.0004554117
45.4	0.0004457761
45.5	0.00039910900000000003
45.6	0.0004285345
45.7	0.00045087949999999996
45.8	0.00044806910000000003
45.9	0.00040055310000000003
46.0	0.0003815045
46.1	0.00042826389999999994
46.2	0.0004233381
46.3	0.00047796540000000004
46.4	0.0004151764
46.5	0.0003820763
46.6	0.0004343869
46.7	0.00039161180000000004
46.8	0.0004494666
46.9	0.0004282023
47.0	0.00042040390000000006
47.1	0.00037430050000000005
47.2	0.0004044598
47.3	0.00038897869999999997
47.4	0.00047446820000000004
47.5	0.0004626932
47.6	0.0004165822
47.7	0.00044985310000000004
47.8	0.000397696
47.9	0.0004352981
48.0	0.00043935979999999995
48.1	0.0004377842
48.2	0.00041435039999999994
48.3	0.00041177950000000004
48.4	0.00042404079999999993
48.5	0.0004026221
48.6	0.00044228599999999996
48.7	0.0004595118
48.8	0.0004570411
48.9	0.00043744459999999993
49.0	0.00041339320000000003
49.1	0.00043752920000000005
49.2	0.00045738100000000003
49.3	0.00045980500000000003
49.4	0.0003885541
49.5	0.0004454748
49.6	0.00040550969999999994
49.7	0.0004430427
49.8	0.0004164352
49.9	0.0004627466
50.0	0.00041601839999999996
50.1	0.00041873659999999994
50.2	0.00043217879999999997
50.3	0.00049757
50.4	0.00038683989999999997
50.5	0.0004096102
50.6	0.0004745068
50.7	0.00034794829999999994
50.8	0.00041182580000000005
50.9	0.00045098030000000007
51.0	0.00041435060000000006
51.1	0.0004737727
51.2	0.0004422473
51.3	0.00043163800000000003
51.4	0.00042791680000000003
51.5	0.0004580756
51.6	0.00041296070000000005
51.7	0.00043600040000000005
51.8	0.00040564100000000004
51.9	0.0003973951000000001
52.0	0.00047748669999999997
52.1	0.0004317077
52.2	0.00039501680000000004
52.3	0.00040545560000000003
52.4	0.0003562872
52.5	0.0004588634
52.6	0.0004303954
52.7	0.00039920909999999996
52.8	0.00038281719999999994
52.9	0.00034919890000000004
53.0	0.00041024270000000003
53.1	0.00043183149999999993
53.2	0.00040719290000000005
53.3	0.0004250293
53.4	0.00039289299999999995
53.5	0.00039869170000000003
53.6	0.00036471880000000004
53.7	0.0003970163
53.8	0.00041405719999999997
53.9	0.00041387199999999997
54.0	0.0004136402
54.1	0.00037351339999999993
54.2	0.00042979309999999996
54.3	0.0004555739
54.4	0.0004159725
54.5	0.0004245737
54.6	0.0003679615
54.7	0.0004086528
54.8	0.0004024905
54.9	0.00038894790000000004
55.0	0.0004191606
55.1	0.0004495671
55.2	0.0004146595
55.3	0.00044749020000000005
55.4	0.0003860139
55.5	0.00037949680000000006
55.6	0.00041675950000000006
55.7	0.00044622349999999994
55.8	0.00041705290000000004
55.9	0.0004111386
56.0	0.0004154393
56.1	0.00041181829999999993
56.2	0.0004719046
56.3	0.0004063822
56.4	0.0004883815
56.5	0.00040240619999999997
56.6	0.00041404170000000005
56.7	0.0003802151
56.8	0.00042638789999999995
56.9	0.0003993407
57.0	0.0004119801
57.1	0.00038990499999999996
57.2	0.00043231799999999995
57.3	0.00038226899999999997
57.4	0.0003986846
57.5	0.00040018209999999994
57.6	0.00042728400000000005
57.7	0.0004660366
57.8	0.0004252763
57.9	0.00043576150000000007
58.0	0.00045020030000000004
58.1	0.0004815248
58.2	0.00043639470000000007
58.3	0.00043988459999999997
58.4	0.00045623810000000007
58.5	0.00040790360000000003
58.6	0.00041032009999999997
58.7	0.0004066758
58.8	0.00037793789999999994
58.9	0.00043574630000000003
59.0	0.00038561190000000004
59.1	0.0004098724
59.2	0.0004654571
59.3	0.0003885386
59.4	0.0003920669
59.5	0.00041105359999999997
59.6	0.00039382779999999997
59.7	0.00039127220000000003
59.8	0.00038941119999999995
59.9	0.00041219659999999997
60.0	0.0003943217
60.1	0.0004064829
60.2	0.00040663719999999996
60.3	0.00041296080000000003
60.4	0.00042695170000000003
60.5	0.00037520450000000003
60.6	0.0003752581
60.7	0.00038543480000000004
60.8	0.0004029771
60.9	0.00039010579999999997
61.0	0.0004008308
61.1	0.00037605329999999994
61.2	0.00036769879999999996
61.3	0.0003636532
61.4	0.000389473
61.5	0.0004184815
61.6	0.0003979509
61.7	0.00041340070000000004
61.8	0.0004416834
61.9	0.0004043207
62.0	0.000382663
62.1	0.00035712870000000004
62.2	0.00043027930000000004
62.3	0.00042147740000000004
62.4	0.00042547680000000005
62.5	0.0003680704
62.6	0.0004117558
62.7	0.0004321634
62.8	0.00040526259999999997
62.9	0.0004260247
63.0	0.00042373199999999996
63.1	0.00041922259999999995
63.2	0.00032747160000000006
63.3	0.00042919869999999996
63.4	0.00040071489999999997
63.5	0.00042521439999999996
63.6	0.0004319398
63.7	0.0004313681
63.8	0.00043793110000000005
63.9	0.00043420929999999996
64.0	0.00039961870000000004
64.1	0.00043774559999999995
64.2	0.00042858079999999997
64.3	0.00042363910000000005
64.4	0.0004184043
64.5	0.00042910580000000005
64.6	0.00041269049999999996
64.7	0.00041462860000000004
64.8	0.0004360856
64.9	0.0004571104
65.0	0.00038545770000000004
65.1	0.0003830954
65.2	0.00040256039999999997
65.3	0.00042956129999999996
65.4	0.0004219945
65.5	0.00042758459999999994
65.6	0.0004312134
65.7	0.0004157638
65.8	0.0003812422
65.9	0.0004126132
66.0	0.0004354061
66.1	0.000422226
66.2	0.00040381909999999996
66.3	0.0003902681
66.4	0.00043511330000000004
66.5	0.00035580050000000004
66.6	0.00041046680000000007
66.7	0.0003516391
66.8	0.0002573709
66.9	0.00024046949999999994
67.0	0.00025760279999999995
67.1	0.0003729496
67.2	0.000393287
67.3	0.0004387265000000001
67.4	0.0003813578
67.5	0.0004104514
67.6	0.00038910979999999995
67.7	0.0004276929
67.8	0.00039642970000000003
67.9	0.00044942010000000005
68.0	0.0004652643
68.1	0.0004268823
68.2	0.00043092029999999994
68.3	0.0004977472000000001
68.4	0.00040063770000000004
68.5	0.00044502699999999997
68.6	0.00041187189999999994
68.7	0.0003791268
68.8	0.000401348
68.9	0.0003882761
69.0	0.00044111249999999997
69.1	0.00042394069999999995
69.2	0.0004470111
69.3	0.000440062
69.4	0.00038639990000000003
69.5	0.00044212380000000005
69.6	0.00039842940000000003
69.7	0.0003900676
69.8	0.00041440469999999997
69.9	0.00037383760000000006
70.0	0.00041547779999999993
70.1	0.0004071465
70.2	0.00041248260000000003
70.3	0.0004130227
70.4	0.0004061429
70.5	0.00042579339999999997
70.6	0.00045266319999999997
70.7	0.0004021046
70.8	0.00043445660000000004
70.9	0.00038135019999999993
71.0	0.0004253608
71.1	0.0004264958
71.2	0.00041294599999999997
71.3	0.0004129611
71.4	0.00038173620000000005
71.5	0.00042556200000000004
71.6	0.0004646158
71.7	0.0004152847
71.8	0.00041471389999999997
71.9	0.0004025756
72.0	0.0004298702
72.1	0.00043118299999999997
72.2	0.0004112619
72.3	0.0004824132
72.4	0.0003917509
72.5	0.00041364779999999995
72.6	0.0004207132
72.7	0.0003917586
72.8	0.00040550969999999994
72.9	0.0004260482
73.0	0.00044136690000000004
73.1	0.00039762639999999996
73.2	0.0004613417
73.3	0.00043745259999999995
73.4	0.0003689811
73.5	0.0004367651
73.6	0.00046292450000000004
73.7	0.0004464473
73.8	0.0003943295000000001
73.9	0.00041714560000000005
74.0	0.00039995060000000003
74.1	0.00043796239999999994
74.2	0.00039951820000000003
74.3	0.00042930640000000004
74.4	0.0004221569
74.5	0.0004445254
74.6	0.00040832050000000006
74.7	0.00045220009999999997
74.8	0.0003983448
74.9	0.0004270212
75.0	0.00044000820000000005
75.1	0.0004162882
75.2	0.0003711736
75.3	0.0004072627
75.4	0.0003964219
75.5	0.00040279179999999995
75.6	0.0003950086
75.7	0.0003272168
75.8	0.0003090412
75.9	0.0003221675
76.0	0.00018519320000000001
76.1	0.00025974120000000003
76.2	0.00018337080000000003
76.3	0.0001452434
76.4	0.00015649320000000002
76.5	0.0001680135
76.6	0.00014705839999999996
76.7	0.00030076370000000003
76.8	0.0003547428
76.9	0.0002999068
77.0	0.0003777524
77.1	0.0003547897
77.2	0.0003958659
77.3	0.0004501923
77.4	0.0004415756
77.5	0.00040688419999999995
77.6	0.0004149918
77.7	0.0004354451
77.8	0.0004150533
77.9	0.00044877949999999996
78.0	0.0004963497
78.1	0.0004319392
78.2	0.00041064469999999996
78.3	0.0004866285
78.4	0.00045724130000000004
78.5	0.0004007228
78.6	0.0004377458
78.7	0.0004210447
78.8	0.00039741749999999996
78.9	0.00037566719999999995
79.0	0.0004284495
79.1	0.000404568
79.2	0.00044882609999999997
79.3	0.0004014719
79.4	0.00040750210000000005
79.5	0.0004397765000000001
79.6	0.0004346345
79.7	0.00037855550000000005
79.8	0.0004400852
79.9	0.0004043126
80.0	0.00044799970000000005
80.1	0.0004303027
80.2	0.0004292757
80.3	0.000386709
80.4	0.0004003367
80.5	0.00039660709999999997
80.6	0.00045034670000000004
80.7	0.0004330283
80.8	0.0003851492
80.9	0.0004276309
81.0	0.00042153160000000004
81.1	0.0004094863
81.2	0.000409193
81.3	0.00042173979999999997
81.4	0.00043973799999999996
81.5	0.0004093858
81.6	0.0004346729
81.7	0.00039329480000000003
81.8	0.0004381394
81.9	0.00035575449999999996
82.0	0.00046834510000000004
82.1	0.0004155862
82.2	0.00039401310000000006
82.3	0.00036434790000000004
82.4	0.00040933969999999996
82.5	0.00040126339999999993
82.6	0.00042046599999999993
82.7	0.0003990548
82.8	0.0004009309
82.9	0.0003768721
83.0	0.0003807789
83.1	0.00040239050000000004
83.2	0.00041425769999999993
83.3	0.00038486370000000007
83.4	0.00036566089999999995
83.5	0.000376447
83.6	0.0003715906
83.7	0.00042179340000000003
83.8	0.00038863140000000004
83.9	0.0003496312
84.0	0.0004333139
84.1	0.00045335789999999997
84.2	0.00039748769999999994
84.3	0.0003584494
84.4	0.00034841930000000003
84.5	0.00038625320000000004
84.6	0.0003816362
84.7	0.00037886389999999994
84.8	0.0003775746
84.9	0.0004135632
85.0	0.00045369770000000005
85.1	0.00037441670000000005
85.2	0.00027413320000000004
85.3	0.00031421459999999993
85.4	0.0004492426
85.5	0.0004500609
85.6	0.00041712259999999996
85.7	0.00035647250000000005
85.8	0.0004292295
85.9	0.00041259810000000006
86.0	0.00042184780000000004
86.1	0.0003653593
86.2	0.00039597430000000005
86.3	0.0004314838
86.4	0.0004435058
86.5	0.00039614389999999993
86.6	0.0004150611
86.7	0.00040023590000000007
86.8	0.0004019037
86.9	0.00038456979999999997
87.0	0.00043142220000000006
87.1	0.0004328507
87.2	0.00040171870000000004
87.3	0.0004128679
87.4	0.0003954339
87.5	0.0004056411
87.6	0.0004508566
87.7	0.0004083204
87.8	0.00040626629999999996
87.9	0.0003847013
88.0	0.00038423019999999996
88.1	0.0003672282
88.2	0.00043037960000000004
88.3	0.0003989393
88.4	0.00040225119999999997
88.5	0.0004350047
88.6	0.00042059700000000004
88.7	0.00037658650000000005
88.8	0.00039403610000000004
88.9	0.00042046579999999997
89.0	0.0004409809
89.1	0.000397966
89.2	0.0004538136
89.3	0.00042990880000000006
89.4	0.00045489460000000005
89.5	0.00043055750000000004
89.6	0.0003753125
89.7	0.00039146479999999995
89.8	0.000421199
89.9	0.0004088605
90.0	0.0004235701
90.1	0.0004345722
90.2	0.00046076270000000005
90.3	0.00042160829999999996
90.4	0.0004307427
90.5	0.00038391339999999997
90.6	0.00039961869999999994
90.7	0.0004246351
90.8	0.00042317619999999995
90.9	0.00043169199999999996
91.0	0.00042113780000000003
91.1	0.00046494049999999996
91.2	0.00042992430000000003
91.3	0.0003999121
91.4	0.00041220410000000003
91.5	0.00041228159999999995
91.6	0.00041625040000000004
91.7	0.000443583
91.8	0.00038726470000000003
91.9	0.00041840400000000004
92.0	0.000415439
92.1	0.0004331517
92.2	0.00042916760000000003
92.3	0.00046073960000000004
92.4	0.00044030930000000005
92.5	0.00044820060000000004
92.6	0.0004280482
92.7	0.00043343709999999993
92.8	0.00042906720000000006
92.9	0.00044135130000000003
93.0	0.0004093004
93.1	0.00043030259999999996
93.2	0.0004528638000000001
93.3	0.000408822
93.4	0.00043905040000000005
93.5	0.00044145969999999997
93.6	0.00044217800000000005
93.7	0.0004041585
93.8	0.0004155317
93.9	0.00034310669999999995
94.0	0.0004370975
94.1	0.0004279705
94.2	0.00042062809999999996
94.3	0.00046941809999999996
94.4	0.00040963279999999994
94.5	0.00042037300000000004
94.6	0.0003718683
94.7	0.0004147369
94.8	0.0004216857
94.9	0.00042251200000000005
95.0	0.00041409589999999994
95.1	0.0003894424
95.2	0.0004187207
95.3	0.0003643171
95.4	0.0004200182
95.5	0.0004060193
95.6	0.00043025629999999995
95.7	0.00040469919999999997
95.8	0.00040459879999999994
95.9	0.00042741489999999997
96.0	0.00040235989999999996
96.1	0.00045008440000000004
96.2	0.0004416991000000001
96.3	0.00041404199999999994
96.4	0.00041325369999999995
96.5	0.00041916889999999996
96.6	0.00038648499999999994
96.7	0.00042835670000000004
96.8	0.00041108430000000003
96.9	0.0004011629
97.0	0.0004010391
97.1	0.0004662214
97.2	0.0004673797
97.3	0.00040508499999999996
97.4	0.0004743985
97.5	0.0003756595
97.6	0.0004488337
97.7	0.00040586459999999996
97.8	0.00040403479999999995
97.9	0.00040279160000000004
98.0	0.0004246196
98.1	0.0004297391
98.2	0.00037853189999999997
98.3	0.00043315169999999997
98.4	0.00037860899999999997
98.5	0.000466129
98.6	0.0004593574
98.7	0.00040150219999999994
98.8	0.00040122460000000003
98.9	0.00038851550000000004
99.0	0.00045469360000000003
99.1	0.00040960199999999996
99.2	0.00042265879999999997
99.3	0.00042449649999999996
99.4	0.00039837540000000005
99.5	0.0004143505
99.6	0.00038674710000000004
99.7	0.0003947158
99.8	0.00041687559999999997
99.9	0.0003962133
100.0	0.00041259830000000007
100.1	0.0004432434
100.2	0.0003891022
100.3	0.00039666140000000006
100.4	0.00042720620000000003
100.5	0.0003735669
100.6	0.00039783500000000003
100.7	0.00041532369999999996
100.8	0.0003955805
100.9	0.0004024365
101.0	0.0004593261
101.1	0.0004697268
101.2	0.00039865329999999995
101.3	0.0003812264
101.4	0.0004135862
101.5	0.0004184736
101.6	0.0003547739
101.7	0.00039995810000000004
101.8	0.00037392240000000003
101.9	0.000400862
102.0	0.0004018267
102.1	0.00041221209999999994
102.2	0.0003702165
102.3	0.0004108373
102.4	0.0004278163
102.5	0.0004192151
102.6	0.00039123349999999995
102.7	0.0003762773
102.8	0.0004317157
102.9	0.0004245428
103.0	0.00040064530000000003
103.1	0.00039353429999999996
103.2	0.0003874962
103.3	0.0003948624
103.4	0.00036954429999999996
103.5	0.00035051170000000004
103.6	0.0004748463
103.7	0.0004070156
103.8	0.00040339399999999995
103.9	0.00040829739999999993
104.0	0.000434696
104.1	0.00044541319999999993
104.2	0.0003336637
104.3	0.0004438763
104.4	0.0003653596
104.5	0.0003863377
104.6	0.00039852240000000003
104.7	0.00036234839999999994
104.8	0.00037341260000000004
104.9	0.0003723163
105.0	0.00042420260000000003
105.1	0.0003426053
105.2	0.00042085960000000003
105.3	0.0004192304
105.4	0.0004071929
105.5	0.00038550410000000003
105.6	0.0003750725
105.7	0.0004095866000000001
105.8	0.00038066280000000004
105.9	0.0004274147
106.0	0.00036148340000000004
106.1	0.0003768794
106.2	0.00037872499999999995
106.3	0.00039765
106.4	0.0004013638
106.5	0.00042471220000000006
106.6	0.0004270521
106.7	0.00039132570000000006
106.8	0.0004222882
106.9	0.00042529130000000005
107.0	0.0004449572
107.1	0.00042190160000000007
107.2	0.00039551889999999996
107.3	0.00039151910000000004
107.4	0.0004039732
107.5	0.0004034556
107.6	0.0003853733
107.7	0.00036356060000000006
107.8	0.0003989545
107.9	0.00040531690000000006
108.0	0.0003854812
108.1	0.00044544370000000003
108.2	0.00045821459999999996
108.3	0.0004342324
108.4	0.0004411897
108.5	0.00042359270000000006
108.6	0.0003744473
108.7	0.0004064829
108.8	0.0003667726
108.9	0.0003916504
109.0	0.00038795940000000003
109.1	0.0004627394
109.2	0.0004234077
109.3	0.00041496850000000005
109.4	0.0003884305
109.5	0.0003820372
109.6	0.0004100267
109.7	0.0004093475
109.8	0.00039138810000000003
109.9	0.0004197245
110.0	0.0004303252
110.1	0.00038298700000000005
110.2	0.0003828092
110.3	0.00043976929999999995
110.4	0.00045541989999999997
110.5	0.00047472260000000005
110.6	0.0004104435
110.7	0.0004267509
110.8	0.0004327039
110.9	0.00037770619999999997
111.0	0.00045862409999999996
111.1	0.0004288896
111.2	0.00045385200000000003
111.3	0.00038962710000000006
111.4	0.00037047869999999995
111.5	0.0003980821
111.6	0.0004084593
111.7	0.0003752503
111.8	0.00044107369999999996
111.9	0.0004304648
112.0	0.00037440130000000006
112.1	0.0003985066
112.2	0.00043339059999999996
112.3	0.00043095890000000004
112.4	0.0004324957
112.5	0.0004155318
112.6	0.00044183060000000003
112.7	0.00041515359999999996
112.8	0.00039776499999999996
112.9	0.00042606400000000003
113.0	0.00038708709999999997
113.1	0.00046465419999999996
113.2	0.0004422629
113.3	0.00041513800000000006
113.4	0.00044648629999999995
113.5	0.0003895887
113.6	0.00039397440000000003
113.7	0.0004422166
113.8	0.0004529568
113.9	0.00037636980000000004
114.0	0.0004214692
114.1	0.00043545240000000005
114.2	0.00045010749999999995
114.3	0.00041957019999999993
114.4	0.0004661294
114.5	0.0004767535
114.6	0.0004495515
114.7	0.00041262920000000004
114.8	0.0004385643
114.9	0.0004581915
115.0	0.00040012030000000006
115.1	0.00042458910000000004
115.2	0.00038550440000000003
115.3	0.00038341170000000003
115.4	0.00042707530000000006
115.5	0.00036830879999999997
115.6	0.00040846729999999997
115.7	0.0004191688
115.8	0.000381219
115.9	0.0003706641
116.0	0.0003935809
116.1	0.0004282021
116.2	0.0004089689
116.3	0.00038809859999999996
116.4	0.0003790182
116.5	0.000418412
116.6	0.00037846230000000003
116.7	0.00042035740000000003
116.8	0.0003858669
116.9	0.00044080319999999993
117.0	0.00044968289999999995
117.1	0.0004110076
117.2	0.0004287814
117.3	0.00041983220000000004
117.4	0.00039869990000000006
117.5	0.0004044678
117.6	0.00039009840000000005
117.7	0.0004011551
117.8	0.00042847290000000004
117.9	0.00039341100000000003
118.0	0.0004127752
118.1	0.00037751260000000003
118.2	0.0004504702
118.3	0.0003985919
118.4	0.00040035149999999997
118.5	0.00044032489999999995
118.6	0.00042025730000000005
118.7	0.0004283107000000001
118.8	0.00040194239999999994
118.9	0.0004011705
119.0	0.0003834582999999999
119.1	0.00038312600000000007
119.2	0.00039429909999999995
119.3	0.0003978118
119.4	0.0004113623
119.5	0.0004516212
119.6	0.0004959865
119.7	0.00044067239999999995
119.8	0.0003989934
119.9	0.00043383089999999994
120.0	0.0004035025
120.1	0.0004918016
120.2	0.0004180179
120.3	0.0003976347
120.4	0.0004025834
120.5	0.0003875967
120.6	0.0004227744
120.7	0.00037078010000000006
120.8	0.0004456757
120.9	0.0004326577
121.0	0.0004040659
121.1	0.0004620673
121.2	0.00039615940000000007
121.3	0.0003914031
121.4	0.0004162422
121.5	0.0004205198
121.6	0.0004172846
121.7	0.0004640673000000001
121.8	0.00039874550000000005
121.9	0.00041428900000000003
122.0	0.0004241876
122.1	0.00042034269999999995
122.2	0.00042499800000000005
122.3	0.0004490493
122.4	0.0004081119
122.5	0.00040131700000000005
122.6	0.0004202107
122.7	0.00047801969999999996
122.8	0.00040996530000000003
122.9	0.0004275768
123.0	0.0004150686
123.1	0.00037983699999999995
123.2	0.0003861606
123.3	0.0004705534
123.4	0.00043734409999999997
123.5	0.00043995450000000006
123.6	0.00044443990000000007
123.7	0.00039846019999999996
123.8	0.0003989467
123.9	0.0003980356
124.0	0.0004469646
124.1	0.00040650619999999996
124.2	0.00042502130000000003
124.3	0.0004419927
124.4	0.0003971324
124.5	0.0003928625
124.6	0.00038720240000000004
124.7	0.0004204503
124.8	0.0003914417
124.9	0.00046229130000000003
125.0	0.00038897869999999997
125.1	0.0003868631
125.2	0.0004291521
125.3	0.00045226960000000003
125.4	0.00047845209999999996
125.5	0.00044977579999999997
125.6	0.0004083047
125.7	0.00043054949999999997
125.8	0.00040974100000000003
125.9	0.0004723522
126.0	0.0004495055
126.1	0.0004624613
126.2	0.0003863532
126.3	0.00041154
126.4	0.0004657121
126.5	0.00044857850000000005
126.6	0.0004340705
126.7	0.0004349969
126.8	0.0004457529
126.9	0.0004126831
127.0	0.0004279784
127.1	0.0004351438
127.2	0.00048116249999999994
127.3	0.00040463719999999997
127.4	0.00045696370000000003
127.5	0.00043061920000000005
127.6	0.0003860058
127.7	0.0003985841
127.8	0.00046436080000000003
127.9	0.0004599056
128.0	0.0004251299
128.1	0.0003862993
128.2	0.00037825369999999997
128.3	0.00046368870000000005
128.4	0.0004322714
128.5	0.0004626002
128.6	0.0004379158
128.7	0.00040855949999999997
128.8	0.0004384793
128.9	0.0004166435
129.0	0.0003992169
129.1	0.00043960639999999997
129.2	0.00043922089999999997
129.3	0.00042651170000000005
129.4	0.00041462080000000004
129.5	0.00040624310000000007
129.6	0.00042080560000000005
129.7	0.00045370549999999995
129.8	0.0004157252
129.9	0.0004196705
130.0	0.0004121965
130.1	0.00045302619999999994
130.2	0.00038183680000000004
130.3	0.00044535140000000005
130.4	0.00043295890000000003
130.5	0.00040415089999999997
130.6	0.0004375378
130.7	0.00041143169999999994
130.8	0.00042561609999999995
130.9	0.00040598870000000005
131.0	0.00042783949999999996
131.1	0.00040909270000000003
131.2	0.0004817873
131.3	0.00040547129999999996
131.4	0.0003937118
131.5	0.00041237369999999997
131.6	0.0005216827999999999
131.7	0.0004589637
131.8	0.0004259634
131.9	0.00040914630000000004
132.0	0.0004087839
132.1	0.00040283079999999997
132.2	0.0004545162
132.3	0.0004573809
132.4	0.0003886779
132.5	0.00041431210000000005
132.6	0.00043522090000000003
132.7	0.00039307870000000007
132.8	0.00038216830000000005
132.9	0.00041478289999999997
133.0	0.0004305499
133.1	0.0004247202
133.2	0.00040398109999999996
133.3	0.0004105056
133.4	0.0004657814
133.5	0.0004250755
133.6	0.0004293219
133.7	0.00041497630000000005
133.8	0.0004302642
133.9	0.00045288729999999996
134.0	0.00041279859999999996
134.1	0.00047659110000000004
134.2	0.00043973039999999997
134.3	0.0003978195
134.4	0.0003925926
134.5	0.00042808639999999997
134.6	0.0004500069
134.7	0.00045614559999999996
134.8	0.00044879530000000004
134.9	0.0004259175
135.0	0.000453883
135.1	0.0004410118
135.2	0.00042302929999999994
135.3	0.00041696830000000003
135.4	0.0004676963
135.5	0.0004650171
135.6	0.00042753850000000005
135.7	0.00042953800000000003
135.8	0.00043415580000000004
135.9	0.0004557901
136.0	0.0004333141
136.1	0.00046665419999999995
136.2	0.0004464709
136.3	0.0004603844
136.4	0.0004367729
136.5	0.0004195237
136.6	0.00046125649999999996
136.7	0.0004572883
136.8	0.000398252
136.9	0.0004167596
137.0	0.0004553581
137.1	0.0004117561
137.2	0.00040067600000000004
137.3	0.0004340164
137.4	0.00048616560000000003
137.5	0.0004558216
137.6	0.00047619730000000003
137.7	0.00047263819999999996
137.8	0.00043046519999999995
137.9	0.00043633319999999997
138.0	0.00044851699999999995
138.1	0.00044087319999999995
138.2	0.0004285653
138.3	0.00041113840000000005
138.4	0.00046248469999999995
138.5	0.00044327429999999995
138.6	0.0005139154
138.7	0.0004670479
138.8	0.00047874549999999994
138.9	0.00041854340000000004
139.0	0.000479271
139.1	0.00042141560000000006
139.2	0.00045016129999999997
139.3	0.00047103939999999995
139.4	0.0004381627
139.5	0.0004316925
139.6	0.0004721669
139.7	0.00041694470000000006
139.8	0.00044576059999999995
139.9	0.00044946640000000006
140.0	0.00042173190000000004
140.1	0.0004320941
140.2	0.0004483934
140.3	0.00045111129999999996
140.4	0.0004355146
140.5	0.00044331260000000006
140.6	0.0004570873
140.7	0.0005159385
140.8	0.00046564239999999997
140.9	0.0004091541
141.0	0.00043664189999999996
141.1	0.00047557169999999996
141.2	0.00048450569999999995
141.3	0.00042366969999999997
141.4	0.0004233532
141.5	0.00044614650000000003
141.6	0.00043208590000000006
141.7	0.00044847809999999996
141.8	0.00045190659999999995
141.9	0.0004725839
142.0	0.00040845929999999995
142.1	0.0004542692
142.2	0.0004158559
142.3	0.0004285808
142.4	0.0004280867
142.5	0.00042058929999999996
142.6	0.00043995400000000005
142.7	0.00032623609999999996
142.8	0.00027996330000000004
142.9	0.00036653330000000004
143.0	0.00028017130000000006
143.1	0.00033283019999999996
143.2	0.00035689709999999993
143.3	0.0005069511000000001
143.4	0.00044789119999999997
143.5	0.0003694905
143.6	0.0003821842
143.7	0.00047829000000000003
143.8	0.00042794749999999993
143.9	0.000419053
144.0	0.00041850449999999994
144.1	0.0004047454
144.2	0.00043909699999999995
144.3	0.00044904179999999996
144.4	0.0004416216
144.5	0.0004776178
144.6	0.00047111669999999996
144.7	0.00043726699999999997
144.8	0.0004214697
144.9	0.00042776239999999996
145.0	0.00041601860000000003
145.1	0.0004518907
145.2	0.00038414530000000006
145.3	0.0004216781
145.4	0.0004433204
145.5	0.00043224840000000007
145.6	0.00040218959999999994
145.7	0.0004739273
145.8	0.0004181573
145.9	0.0004271679
146.0	0.0004308741
146.1	0.0004077489
146.2	0.0004282178
146.3	0.0004003135000000001
146.4	0.0004616121
146.5	0.0004304647
146.6	0.00045474050000000003
146.7	0.0004887982
146.8	0.00045868579999999996
146.9	0.0004564698
147.0	0.0004261948
147.1	0.00044146710000000005
147.2	0.000417933
147.3	0.0004532965
147.4	0.00045480950000000004
147.5	0.0004414984
147.6	0.00042003349999999995
147.7	0.00042691270000000007
147.8	0.0004134938
147.9	0.00044951260000000004
148.0	0.0004166203
148.1	0.00039449910000000007
148.2	0.00041556259999999995
148.3	0.00041995620000000004
148.4	0.0004306576
148.5	0.000435862
148.6	0.00042092140000000007
148.7	0.00041208069999999997
148.8	0.0003647108
148.9	0.00043666460000000006
149.0	0.0004133934
149.1	0.00043308199999999994
149.2	0.0004026142
149.3	0.00042078229999999996
149.4	0.00041543180000000007
149.5	0.0004294301
149.6	0.0004417842
149.7	0.00042900560000000003
149.8	0.0003973564
149.9	0.0004013328
150.0	0.0004176091
150.1	0.00043389300000000003
150.2	0.0004877791
150.3	0.0004203577
150.4	0.0004006687
150.5	0.0004443319
150.6	0.00040207359999999996
150.7	0.0003636612
150.8	0.00040147959999999993
150.9	0.00043637900000000003
151.0	0.00040771789999999997
151.1	0.0004522923
151.2	0.00038663160000000006
151.3	0.0003406208
151.4	0.0003608582
151.5	0.0003717143000000001
151.6	0.000328514
151.7	0.00028868769999999995
151.8	0.0002952978000000001
151.9	0.0003003004
152.0	0.00023374370000000004
152.1	0.0002086424
152.2	0.0001443554
152.3	0.00019065960000000002
152.4	0.00018634339999999998
152.5	0.00018803410000000004
152.6	0.00019880579999999998
152.7	0.00013447220000000002
152.8	0.00016482460000000003
152.9	0.00019966250000000004
153.0	0.00019048169999999996
153.1	0.000199037
153.2	0.00038236199999999997
153.3	0.000379227
153.4	0.0004361861
153.5	0.00042713720000000003
153.6	0.0004305108
153.7	0.0004358697
153.8	0.0003782848
153.9	0.00047994220000000003
154.0	0.00048111620000000003
154.1	0.00040934709999999994
154.2	0.00041556289999999994
154.3	0.00037853220000000007
154.4	0.0004059193
154.5	0.00043566849999999996
154.6	0.00041673679999999996
154.7	0.00041895999999999996
154.8	0.0004108683
154.9	0.00039367309999999996
155.0	0.00040599639999999997
155.1	0.0004433206
155.2	0.00040714659999999993
155.3	0.0004269207
155.4	0.0004162576
155.5	0.00042202550000000003
155.6	0.0004203808
155.7	0.0004136709
155.8	0.00037843159999999997
155.9	0.00044103480000000003
156.0	0.00046442280000000004
156.1	0.00042980079999999993
156.2	0.0003760769
156.3	0.00042811790000000003
156.4	0.00046584370000000004
156.5	0.0004360931
156.6	0.00043571500000000004
156.7	0.0004560222
156.8	0.00041810309999999994
156.9	0.00046684729999999994
157.0	0.00047441380000000003
157.1	0.0004678971
157.2	0.0004508255
157.3	0.0004242187
157.4	0.0004264186
157.5	0.0003983831
157.6	0.00039401280000000006
157.7	0.0004570253
157.8	0.00047322470000000003
157.9	0.00046869270000000007
158.0	0.00041294549999999996
158.1	0.00043476539999999996
158.2	0.00041911499999999996
158.3	0.0004512735
158.4	0.00042991700000000004
158.5	0.00044679480000000003
158.6	0.00038388290000000003
158.7	0.00044003930000000003
158.8	0.00040998840000000005
158.9	0.00045845429999999995
159.0	0.00041875150000000004
159.1	0.0004505319
159.2	0.0004307046
159.3	0.00042002580000000003
159.4	0.00037727320000000003
159.5	0.0004395293
159.6	0.00044091130000000004
159.7	0.00037187630000000004
159.8	0.00046698599999999996
159.9	0.00042542309999999995
160.0	0.00035478939999999997
160.1	0.00042736099999999996
160.2	0.00046122599999999996
160.3	0.0004042901
160.4	0.0005016078999999999
160.5	0.00040877599999999996
160.6	0.0003642712
160.7	0.00037174509999999997
160.8	0.0004288742
160.9	0.00041780990000000003
161.0	0.00036477279999999997
161.1	0.0003778218
161.2	0.0003011499
161.3	0.0003064929
161.4	0.0003919208
161.5	0.00039561120000000005
161.6	0.0003797441
161.7	0.00037753579999999997
161.8	0.0004203109999999999
161.9	0.00036001640000000003
162.0	0.00042143119999999996
162.1	0.0003882373
162.2	0.00034161660000000003
162.3	0.0004235
162.4	0.0004091232000000001
162.5	0.0003434005
162.6	0.00038778220000000005
162.7	0.00043685029999999996
162.8	0.00043222519999999996
162.9	0.0004300786
163.0	0.00046130350000000005
163.1	0.0004089381999999999
163.2	0.00040149500000000003
163.3	0.000401904
163.4	0.00037329720000000004
163.5	0.0004137946
163.6	0.00042253520000000005
163.7	0.00042353869999999996
163.8	0.00041945420000000005
163.9	0.0004287971
164.0	0.0004233149
164.1	0.0003681622
164.2	0.00044085
164.3	0.0004113394
164.4	0.00044781409999999997
164.5	0.00041622680000000007
164.6	0.00044268750000000005
164.7	0.0003909087
164.8	0.0004316303
164.9	0.0004361092
165.0	0.000360858
165.1	0.00044070279999999996
165.2	0.00044298069999999996
165.3	0.0004381086
165.4	0.000432897
165.5	0.00043362249999999994
165.6	0.00046901669999999996
165.7	0.0004523773
165.8	0.00043311359999999993
165.9	0.0004541611
166.0	0.0003984991999999999
166.1	0.00043838650000000004
166.2	0.00045916459999999996
166.3	0.00047195859999999996
166.4	0.00041818019999999994
166.5	0.0004441388
166.6	0.0004111539
166.7	0.00038593629999999997
166.8	0.0003779297
166.9	0.0003716214
167.0	0.00039718589999999997
167.1	0.0004427569000000001
167.2	0.00043979220000000006
167.3	0.00036797710000000005
167.4	0.0004890919
167.5	0.00038530350000000004
167.6	0.00041201900000000007
167.7	0.0004946282000000001
167.8	0.0004393052
167.9	0.00039613609999999993
168.0	0.00038987459999999995
168.1	0.00044566019999999997
168.2	0.00039864549999999994
168.3	0.00046837560000000003
168.4	0.00040529380000000004
168.5	0.0004293144
168.6	0.0004720973
168.7	0.00044153710000000007
168.8	0.000377335
168.9	0.000391187
169.0	0.0004308349
169.1	0.0004363713
169.2	0.0004137714
169.3	0.00042481310000000005
169.4	0.00043454160000000003
169.5	0.00040197400000000004
169.6	0.0004432282
169.7	0.00040798879999999997
169.8	0.0004191609
169.9	0.00042241899999999994
170.0	0.00040340969999999994
170.1	0.0003997109
170.2	0.00048267539999999993
170.3	0.00041883679999999996
170.4	0.0004094247
170.5	0.0003923064
170.6	0.0004292911
170.7	0.00037317380000000003
170.8	0.0004080502
170.9	0.00040832029999999993
171.0	0.00039419060000000003
171.1	0.0003874418
171.2	0.00036649480000000003
171.3	0.00047317869999999996
171.4	0.0003613984999999999
171.5	0.00040220509999999997
171.6	0.0004127293
171.7	0.0004217319
171.8	0.0003915267
171.9	0.00043810899999999995
172.0	0.00041601880000000004
172.1	0.000452393
172.2	0.00046439159999999997
172.3	0.0003969468
172.4	0.00040469929999999995
172.5	0.00044022440000000005
172.6	0.000404684
172.7	0.00045020790000000003
172.8	0.0004341705
172.9	0.0004545546
173.0	0.00042555420000000004
173.1	0.0004375372
173.2	0.00040811959999999996
173.3	0.0004157716
173.4	0.0003989314
173.5	0.00043488880000000003
173.6	0.00043343759999999994
173.7	0.0004327891
173.8	0.0003794584
173.9	0.00039226040000000004
174.0	0.0003942292000000001
174.1	0.00041679080000000005
174.2	0.00044523569999999996
174.3	0.0004337232
174.4	0.00042375489999999996
174.5	0.0003757211
174.6	0.0004033865
174.7	0.0004434676
174.8	0.00039212180000000005
174.9	0.00040330939999999994
175.0	0.0004159797
175.1	0.00041363279999999993
175.2	0.00041817270000000004
175.3	0.00042430370000000003
175.4	0.00042657359999999996
175.5	0.00037918060000000005
175.6	0.0004455751
175.7	0.00038356640000000003
175.8	0.0004154855
175.9	0.0004129918
176.0	0.000423338
176.1	0.0004719273
176.2	0.00043840970000000003
176.3	0.00041578650000000003
176.4	0.00038609889999999996
176.5	0.0004186514
176.6	0.00041780939999999997
176.7	0.000415833
176.8	0.00042420280000000004
176.9	0.0004568483
177.0	0.00041092230000000003
177.1	0.00042109119999999997
177.2	0.00044441700000000007
177.3	0.00041813409999999994
177.4	0.0003991164
177.5	0.00039527130000000004
177.6	0.0003835507
177.7	0.00042751510000000004
177.8	0.0003993714
177.9	0.00043729760000000005
178.0	0.0003950786
178.1	0.0004277854
178.2	0.0004130842
178.3	0.00041935399999999993
178.4	0.00045262449999999995
178.5	0.000434387
178.6	0.00046448430000000003
178.7	0.0004103121
178.8	0.0004341553
178.9	0.00040021319999999997
179.0	0.00042389420000000003
179.1	0.00042903600000000004
179.2	0.000416289
179.3	0.00042418729999999996
179.4	0.00043200119999999996
179.5	0.0004457683
179.6	0.0004708852
179.7	0.0004084518
179.8	0.0003995180000000001
179.9	0.000437769
180.0	0.0003825856
180.1	0.00038196789999999997
180.2	0.0004552193
180.3	0.00045262429999999993
180.4	0.00038736479999999996
180.5	0.0004081581
180.6	0.0003917275
180.7	0.00046174290000000005
180.8	0.0004314146
180.9	0.00040340939999999995
181.0	0.000411432
181.1	0.00044514269999999996
181.2	0.00038111089999999997
181.3	0.00041977089999999996
181.4	0.0004393518
181.5	0.0004148526
181.6	0.00041109219999999996
181.7	0.00045661669999999993
181.8	0.00039329500000000005
181.9	0.0003916269
182.0	0.00040903860000000007
182.1	0.0004203503
182.2	0.0003824081
182.3	0.000408089
182.4	0.00037631590000000004
182.5	0.0004522615
182.6	0.0004188365
182.7	0.000387581
182.8	0.00039226809999999996
182.9	0.0004036721
183.0	0.00041889810000000005
183.1	0.0004573267
183.2	0.000370525
183.3	0.0004024293
183.4	0.00048169490000000005
183.5	0.000421045
183.6	0.0004428492
183.7	0.0004665766
183.8	0.0003831103
183.9	0.0004916939
184.0	0.0003940824
184.1	0.0004117102
184.2	0.0004083434
184.3	0.00039181230000000006
184.4	0.00043129080000000003
184.5	0.00040167210000000003
184.6	0.0004237703
184.7	0.00042102930000000006
184.8	0.0004076563
184.9	0.00042633419999999996
185.0	0.00041781710000000005
185.1	0.0004276233
185.2	0.00042090560000000005
185.3	0.00039668419999999997
185.4	0.00047029050000000006
185.5	0.0003612673
185.6	0.00040164920000000003
185.7	0.0004169523
185.8	0.00036776859999999997
185.9	0.0004185041
186.0	0.0004334066
186.1	0.0004267353
186.2	0.0004677502
186.3	0.0004096483
186.4	0.0003742236
186.5	0.0003614298
186.6	0.0004616353
186.7	0.0003750575
186.8	0.00043663409999999996
186.9	0.00039629039999999996
187.0	0.0004696497
187.1	0.00041503769999999996
187.2	0.0004201568
187.3	0.00042121469999999996
187.4	0.00039890020000000006
187.5	0.0004160649
187.6	0.0004177093
187.7	0.000416443
187.8	0.0004111078
187.9	0.00040173389999999997
188.0	0.00042509080000000004
188.1	0.00043702770000000006
188.2	0.0004342481
188.3	0.0004267894
188.4	0.0004013094
188.5	0.00040692270000000007
188.6	0.0003742313
188.7	0.00040763340000000005
188.8	0.00042675880000000007
188.9	0.000394893
189.0	0.00040940870000000007
189.1	0.0003901446
189.2	0.0004471192
189.3	0.00036369179999999997
189.4	0.00042448099999999994
189.5	0.0004174931
189.6	0.00039991960000000003
189.7	0.00043847140000000004
189.8	0.0003950168
189.9	0.000370278
190.0	0.000391766
190.1	0.0004123506
190.2	0.0004050233
190.3	0.00043161549999999995
190.4	0.00044368369999999997
190.5	0.0003922215
190.6	0.0004370587
190.7	0.0003956345
190.8	0.0004546396
190.9	0.0004576508
191.0	0.00043101300000000006
191.1	0.0003831571
191.2	0.0003839368
191.3	0.0003813421
191.4	0.0004314064
191.5	0.00038428450000000004
191.6	0.00040215890000000004
191.7	0.0004340243
191.8	0.0004572032
191.9	0.0004050082
192.0	0.00041539290000000003
192.1	0.0003895499
192.2	0.0004461080000000001
192.3	0.0004256622
192.4	0.00037649330000000004
192.5	0.0004019197
192.6	0.000403479
192.7	0.000441267
192.8	0.0003912099
192.9	0.000475773
193.0	0.00040338630000000004
193.1	0.00040329360000000003
193.2	0.00039551859999999996
193.3	0.0004219793
193.4	0.00043441030000000003
193.5	0.0003903453
193.6	0.0003875427
193.7	0.0003715519
193.8	0.00043268079999999996
193.9	0.0003756598
194.0	0.00037981359999999994
194.1	0.00040735489999999994
194.2	0.00043834029999999995
194.3	0.0003985765
194.4	0.00043610919999999997
194.5	0.00044268730000000003
194.6	0.00041605689999999997
194.7	0.0004064133
194.8	0.0004378773
194.9	0.00047530979999999993
195.0	0.0004135861
195.1	0.00041624270000000007
195.2	0.00037393800000000004
195.3	0.0004457455
195.4	0.00041517689999999994
195.5	0.0004236703
195.6	0.0004381009
195.7	0.00038674699999999995
195.8	0.0003983137
195.9	0.0004226506
196.0	0.00041188739999999997
196.1	0.000484907
196.2	0.0004194005
196.3	0.0004010395
196.4	0.00038978189999999994
196.5	0.0003927309
196.6	0.00040374920000000003
196.7	0.0004112076
196.8	0.00040236739999999997
196.9	0.0003944455
197.0	0.0004001284
197.1	0.00040744
197.2	0.00040487700000000005
197.3	0.0004196162
197.4	0.00040561789999999997
197.5	0.0004190295
197.6	0.00040951759999999996
197.7	0.0004236313
197.8	0.00043264200000000006
197.9	0.0004415443
198.0	0.00042040370000000004
198.1	0.0004437062
198.2	0.0003626958
198.3	0.00040737840000000004
198.4	0.0003889244
198.5	0.00045531149999999997
198.6	0.00044313519999999995
198.7	0.0004463242
198.8	0.00044018569999999997
198.9	0.00039740230000000004
199.0	0.00043706629999999995
199.1	0.0003968311
199.2	0.000413733
199.3	0.0004127907
199.4	0.00037458669999999996
199.5	0.00043156109999999994
199.6	0.00039536420000000006
199.7	0.00039617460000000005
199.8	0.00041974779999999994
199.9	0.00045860820000000007
200.0	0.00045260119999999997
200.1	0.0004741511
200.2	0.00045891719999999994
200.3	0.0004526476
200.4	0.00044626279999999995
200.5	0.00043921309999999996
200.6	0.00046035380000000004
200.7	0.0004464788
200.8	0.0003871255
200.9	0.00042433399999999995
201.0	0.0004642836
201.1	0.0004027376
201.2	0.0004530497
201.3	0.00040737810000000005
201.4	0.0004057104
201.5	0.00041309210000000003
201.6	0.00041994069999999996
201.7	0.0003816899
201.8	0.0004649323
201.9	0.0004183429
202.0	0.000409664
202.1	0.0003758062
202.2	0.0004318005
202.3	0.0003974565
202.4	0.00043096710000000007
202.5	0.00040130159999999995
202.6	0.00038757349999999995
202.7	0.00042774670000000003
202.8	0.0004785216000000001
202.9	0.00041804129999999996
203.0	0.00043312820000000003
203.1	0.00039662249999999997
203.2	0.00046613650000000003
203.3	0.00037355210000000007
203.4	0.0004329359
203.5	0.00047216700000000006
203.6	0.00043325969999999993
203.7	0.00042418740000000005
203.8	0.00039237620000000007
203.9	0.0004023054
204.0	0.00040873760000000004
204.1	0.0004914698
204.2	0.0004845209
204.3	0.00039712480000000006
204.4	0.00041646610000000003
204.5	0.0003940593
204.6	0.00039814380000000006
204.7	0.00044898849999999994
204.8	0.00040160310000000003
204.9	0.0004202886
205.0	0.000416837
205.1	0.0004507174
205.2	0.0004186667
205.3	0.00046948799999999995
205.4	0.0004227905
205.5	0.00042794800000000004
205.6	0.00038087879999999997
205.7	0.000414729
205.8	0.00040537080000000006
205.9	0.0004114474
206.0	0.0004299089
206.1	0.0003966845
206.2	0.00047748699999999996
206.3	0.0003680233
206.4	0.00040992640000000005
206.5	0.00043203950000000006
206.6	0.0004186669
206.7	0.00042407130000000003
206.8	0.00045278649999999995
206.9	0.00046414460000000004
207.0	0.00044901109999999995
207.1	0.0004470195
207.2	0.00042773130000000004
207.3	0.000426303
207.4	0.0004150611000000001
207.5	0.00043047219999999995
207.6	0.00039803559999999997
207.7	0.0004347656
207.8	0.00041570930000000005
207.9	0.00041987089999999996
208.0	0.00041615740000000003
208.1	0.00040551009999999996
208.2	0.0004348503
208.3	0.0004163423
208.4	0.0004274611
208.5	0.0004950140999999999
208.6	0.0004568636
208.7	0.00040555619999999996
208.8	0.0004201872
208.9	0.00044040969999999997
209.0	0.00043107469999999995
209.1	0.00042113770000000005
209.2	0.0004527789
209.3	0.0004623148
209.4	0.0004275308
209.5	0.00044760579999999996
209.6	0.000396916
209.7	0.0004165046
209.8	0.00043891210000000005
209.9	0.00043872640000000004
210.0	0.00044324310000000005
210.1	0.0004239255
210.2	0.00038877820000000007
210.3	0.00038528759999999993
210.4	0.00043197820000000003
210.5	0.00044298079999999994
210.6	0.0004348658
210.7	0.0004363715
210.8	0.0003943525
210.9	0.00038653099999999996
211.0	0.00042318339999999996
211.1	0.0004161729
211.2	0.0004501999
211.3	0.0004612338
211.4	0.0004421081
211.5	0.0004058112
211.6	0.0004097487
211.7	0.00043716670000000003
211.8	0.0004448881
211.9	0.00042212580000000003
212.0	0.00043681130000000005
212.1	0.00043391610000000004
212.2	0.0004150764
212.3	0.00042163130000000005
212.4	0.0004183197
212.5	0.0004400003
212.6	0.0004056333
212.7	0.0004699584
212.8	0.00045845410000000005
212.9	0.0004008924
213.0	0.00042898979999999996
213.1	0.0004372437
213.2	0.0004943422999999999
213.3	0.0004226357
213.4	0.00039463059999999997
213.5	0.0004169835
213.6	0.00041263650000000003
213.7	0.0004463469
213.8	0.00042881230000000003
213.9	0.0004320396
214.0	0.0004474051
214.1	0.00044056369999999996
214.2	0.00040437480000000004
214.3	0.0004348273
214.4	0.0004649241
214.5	0.00042032690000000004
214.6	0.00045552810000000005
214.7	0.00041436610000000003
214.8	0.0004490573
214.9	0.00047240680000000003
215.0	0.00042748419999999996
215.1	0.0004926437
215.2	0.0004281254
215.3	0.00044717320000000005
215.4	0.00041889090000000003
215.5	0.00046606750000000003
215.6	0.0004590334
215.7	0.0004343873
215.8	0.0004353755
215.9	0.0004325805
216.0	0.0004295459
216.1	0.00042301359999999996
216.2	0.0004539833
216.3	0.000453381
216.4	0.00046641479999999996
216.5	0.0004547173
216.6	0.00045335810000000004
216.7	0.0004957556
216.8	0.00042037320000000005
216.9	0.0004176324
217.0	0.00043650280000000007
217.1	0.00043482739999999996
217.2	0.00043086669999999993
217.3	0.0003934955
217.4	0.00047220539999999993
217.5	0.0004476212
217.6	0.0004451971
217.7	0.0004259248
217.8	0.00044332839999999997
217.9	0.000416327
218.0	0.0004132004
218.1	0.000437607
218.2	0.0004275303
218.3	0.0004126133
218.4	0.00047337130000000004
218.5	0.0004019661
218.6	0.000448185
218.7	0.00045806030000000004
218.8	0.00043267309999999994
218.9	0.0004315073
219.0	0.00044811530000000006
219.1	0.00041938509999999996
219.2	0.00045884799999999993
219.3	0.0004838106
219.4	0.0004448182
219.5	0.00045148959999999995
219.6	0.0004858796
219.7	0.00041899110000000005
219.8	0.00043017930000000004
219.9	0.0004317929
220.0	0.00043290470000000004
220.1	0.0004112934
220.2	0.0004337698
220.3	0.0004321168
220.4	0.0004861659
220.5	0.00040458380000000003
220.6	0.000420234
220.7	0.00041615719999999997
220.8	0.0004001438
220.9	0.00041798730000000003
221.0	0.00042898219999999997
221.1	0.00038710260000000005
221.2	0.00044976000000000006
221.3	0.0004256542
221.4	0.0004050003
221.5	0.00046934859999999995
221.6	0.00045100299999999995
221.7	0.00044298089999999997
221.8	0.00045411459999999997
221.9	0.0004547789
222.0	0.00043379279999999996
222.1	0.00043010179999999996
222.2	0.00043518999999999996
222.3	0.00046146540000000007
222.4	0.00041598009999999996
222.5	0.0003816437
222.6	0.0004549253
222.7	0.0004538988
222.8	0.00047917009999999993
222.9	0.00045003020000000004
223.0	0.0004316387999999999
223.1	0.0004105672
223.2	0.00041414189999999996
223.3	0.00040851339999999997
223.4	0.00043475010000000006
223.5	0.0004366415
223.6	0.0004398229
223.7	0.00040209699999999997
223.8	0.00039619819999999996
223.9	0.00040089229999999996
224.0	0.0004423011
224.1	0.00040889180000000004
224.2	0.00043309800000000003
224.3	0.0004682294
224.4	0.0004030699
224.5	0.0004632413
224.6	0.00045873969999999997
224.7	0.00040979499999999996
224.8	0.0004291677
224.9	0.00046511719999999993
225.0	0.0004423323
225.1	0.0004514587
225.2	0.0004555124
225.3	0.00041514620000000004
225.4	0.00044254839999999994
225.5	0.0004340554
225.6	0.0004121736
225.7	0.00039329480000000003
225.8	0.0004799343
225.9	0.00044027089999999997
226.0	0.00040857510000000003
226.1	0.00046940310000000005
226.2	0.00042869640000000003
226.3	0.0004457371
226.4	0.0004332366
226.5	0.000413177
226.6	0.0004371668
226.7	0.0004788306
226.8	0.00046309419999999995
226.9	0.0003841996
227.0	0.00037323520000000004
227.1	0.00042470469999999995
227.2	0.00041617259999999996
227.3	0.00045185210000000007
227.4	0.0004513583
227.5	0.00042745340000000003
227.6	0.00038653900000000003
227.7	0.0004608091
227.8	0.00041203429999999997
227.9	0.00047300069999999997
228.0	0.00045183680000000006
228.1	0.00044826249999999995
228.2	0.00040043699999999996
228.3	0.0003907932
228.4	0.0003973952
228.5	0.00047626730000000005
228.6	0.0004322328
228.7	0.000492049
228.8	0.00047273019999999994
228.9	0.00039627510000000006
229.0	0.00041051309999999997
229.1	0.00045287210000000003
229.2	0.00044647839999999996
229.3	0.00042478220000000003
229.4	0.0004360162
229.5	0.0004176321
229.6	0.0004090616
229.7	0.00047509330000000005
229.8	0.00048752440000000006
229.9	0.0004975543
230.0	0.0004882042
230.1	0.00042227249999999997
230.2	0.0004226119
230.3	0.0004243263
230.4	0.0004170147
230.5	0.00042642630000000003
230.6	0.0004588791
230.7	0.0004707617
230.8	0.00039653040000000005
230.9	0.0004512967
231.0	0.0005254355
231.1	0.00042542299999999997
231.2	0.00043461110000000004
231.3	0.0004548791
231.4	0.0003939744
231.5	0.0004009312999999999
231.6	0.0004037572
231.7	0.00045523480000000005
231.8	0.0004013097
231.9	0.0004120032
232.0	0.00045934959999999994
232.1	0.00042870440000000005
232.2	0.0004804054
232.3	0.0004772631
232.4	0.0004404869
232.5	0.00048688320000000003
232.6	0.0004706766
232.7	0.00041118469999999995
232.8	0.0004638359
232.9	0.0004412204
233.0	0.00045860839999999997
233.1	0.0004452278
233.2	0.00046496270000000005
233.3	0.00045031580000000007
233.4	0.0004217934
233.5	0.00045575950000000003
233.6	0.00044919670000000004
233.7	0.00043337529999999994
233.8	0.00041608779999999994
233.9	0.0004969131
234.0	0.0004297005
234.1	0.00039811320000000003
234.2	0.00042467430000000004
234.3	0.0004661677
234.4	0.00038462370000000003
234.5	0.00047741749999999995
234.6	0.00047338679999999996
234.7	0.00041110759999999995
234.8	0.00046323349999999997
234.9	0.000429917
235.0	0.00044025540000000005
235.1	0.00041560910000000003
235.2	0.0004359622
235.3	0.0004729619
235.4	0.00042964640000000003
235.5	0.00047263000000000003
235.6	0.0004395371
235.7	0.0004667854
235.8	0.000472437
235.9	0.00041788649999999997
236.0	0.00041326180000000006
236.1	0.0004352979
236.2	0.00044206219999999997
236.3	0.0004619443
236.4	0.0004773327
236.5	0.00043366879999999996
236.6	0.0004394136
236.7	0.0004259711
236.8	0.00047269170000000004
236.9	0.0004787454
237.0	0.0004678587999999999
237.1	0.0004411818
237.2	0.00046274730000000005
237.3	0.0004612646
237.4	0.0004906746
237.5	0.0004269826
237.6	0.0004396297
237.7	0.000444602
237.8	0.0004590102
237.9	0.0004458993
238.0	0.0004692559
238.1	0.00044542050000000004
238.2	0.00046792019999999994
238.3	0.00039076229999999995
238.4	0.000471364
238.5	0.0004129529
238.6	0.0003882762
238.7	0.000435885
238.8	0.00044930430000000003
238.9	0.0004557055
239.0	0.0004456522
239.1	0.00043595470000000003
239.2	0.0004903039
239.3	0.0004694025
239.4	0.0004580292
239.5	0.0005102554000000001
239.6	0.00043530590000000007
239.7	0.0004464707
239.8	0.00042830300000000005
239.9	0.00045209940000000005
240.0	0.0004963109999999999
240.1	0.0004079036
240.2	0.00044103480000000003
240.3	0.00042981629999999996
240.4	0.00046305559999999996
240.5	0.00042136930000000005
240.6	0.0004203886
240.7	0.00047918539999999995
240.8	0.00041387950000000003
240.9	0.00044722720000000003
241.0	0.0004175551
241.1	0.0004028695
241.2	0.00045237749999999996
241.3	0.00042181699999999995
241.4	0.000444301
241.5	0.0004325961
241.6	0.0005065879999999999
241.7	0.00039856070000000003
241.8	0.0004349041
241.9	0.0004643064
242.0	0.00047582639999999997
242.1	0.0004417609
242.2	0.000384593
242.3	0.0004233687
242.4	0.00040578790000000005
242.5	0.00046537250000000004
242.6	0.00045993630000000003
242.7	0.0005108038
242.8	0.000435522
242.9	0.00044329739999999997
243.0	0.0004175779
243.1	0.0004497289
243.2	0.0004054558
243.3	0.0005091130000000001
243.4	0.0004232456
243.5	0.0004388111
243.6	0.00043151469999999994
243.7	0.0004062815
243.8	0.00042207929999999995
243.9	0.0004202265
244.0	0.0004378767
244.1	0.00041968589999999997
244.2	0.00042970049999999994
244.3	0.000439807
244.4	0.0004304574
244.5	0.00041110759999999995
244.6	0.0004451196
244.7	0.00045472509999999993
244.8	0.000418628
244.9	0.0004224119
245.0	0.000419493
245.1	0.00040903099999999997
245.2	0.00044625489999999997
245.3	0.00042081329999999996
245.4	0.00040588809999999995
245.5	0.00041041290000000006
245.6	0.00040419669999999997
245.7	0.0004080194
245.8	0.00040473759999999994
245.9	0.00043013270000000003
246.0	0.0004518062
246.1	0.00044793009999999996
246.2	0.0004333987
246.3	0.000453613
246.4	0.0004459765
246.5	0.0005061943000000001
246.6	0.0004356764
246.7	0.0004270981
246.8	0.0004773327
246.9	0.0004801968
247.0	0.00046581239999999994
247.1	0.00043243400000000004
247.2	0.0004132624
247.3	0.00045125770000000007
247.4	0.0004069455
247.5	0.00042533029999999996
247.6	0.0004118565
247.7	0.0004452895
247.8	0.00040113980000000007
247.9	0.0004379153
248.0	0.0003415242
248.1	0.0003927234
248.2	0.00041807199999999996
248.3	0.00042954599999999994
248.4	0.00041481350000000005
248.5	0.0004294152
248.6	0.0004424174
248.7	0.0004317545
248.8	0.000420126
248.9	0.00042126120000000005
249.0	0.00038605209999999994
249.1	0.00044701929999999994
249.2	0.00048407269999999996
249.3	0.00037734309999999996
249.4	0.000397395
249.5	0.0004093242
249.6	0.0003876969
249.7	0.0003878898
249.8	0.0004249056
249.9	0.0004420082
250.0	0.00041169449999999995
250.1	0.0004258084
250.2	0.0004192302
250.3	0.0004631722
250.4	0.00043959109999999995
250.5	0.0004518985
250.6	0.00043317520000000007
250.7	0.0004101812
250.8	0.00043051910000000006
250.9	0.000412675
251.0	0.000405008
251.1	0.00040023619999999995
251.2	0.00044797669999999996
251.3	0.00047920849999999996
251.4	0.00046032269999999996
251.5	0.00046470040000000005
251.6	0.0003935576
251.7	0.00040600410000000005
251.8	0.0004131384
251.9	0.00043200130000000005
252.0	0.0004238553
252.1	0.00044247099999999995
252.2	0.00041838119999999996
252.3	0.00040737069999999997
252.4	0.0004061122
252.5	0.0004135782
252.6	0.00040883749999999996
252.7	0.00045070959999999997
252.8	0.0004663916
252.9	0.00040985700000000007
253.0	0.0004337696
253.1	0.0004514353
253.2	0.00039630629999999996
253.3	0.0004108146
253.4	0.00042449619999999997
253.5	0.0004624154
253.6	0.00043969200000000005
253.7	0.0004335606
253.8	0.0004387883
253.9	0.0003738606
254.0	0.00044758239999999994
254.1	0.0004253302
254.2	0.000456763
254.3	0.00043568379999999997
254.4	0.0004426103
254.5	0.00046236089999999997
254.6	0.00046388980000000005
254.7	0.0004158099
254.8	0.0004282485
254.9	0.0004247124
255.0	0.0004523932
255.1	0.0003628036
255.2	0.00041534650000000004
255.3	0.0004805524
255.4	0.0004305418999999999
255.5	0.00039740300000000006
255.6	0.00042829500000000003
255.7	0.0004090306
255.8	0.00040452930000000004
255.9	0.000423554
256.0	0.0004105208999999999
256.1	0.00042923729999999995
256.2	0.00040335509999999997
256.3	0.000428905
256.4	0.00045437729999999994
256.5	0.00045709520000000004
256.6	0.00040265310000000003
256.7	0.000426604
256.8	0.000395426
256.9	0.00045355069999999996
257.0	0.00040029799999999994
257.1	0.0003932716
257.2	0.0004194775
257.3	0.000422342
257.4	0.00039449970000000005
257.5	0.00041297629999999995
257.6	0.00044079579999999996
257.7	0.00041614159999999996
257.8	0.00043949090000000004
257.9	0.0003960128
258.0	0.00037983669999999995
258.1	0.0003709419
258.2	0.0004806291
258.3	0.0003860062
258.4	0.0004139724
258.5	0.0003958116000000001
258.6	0.0004303489
258.7	0.00040023600000000005
258.8	0.00044754409999999995
258.9	0.00043356129999999994
259.0	0.0004107602
259.1	0.0003699305
259.2	0.0004272064
259.3	0.0003974489
259.4	0.00041142459999999996
259.5	0.00044323530000000004
259.6	0.0004225816
259.7	0.0004331827
259.8	0.0003666027
259.9	0.0004142968
260.0	0.0004256155
260.1	0.00038978159999999995
260.2	0.0003956189
260.3	0.0003911404
260.4	0.0004269672
260.5	0.00041686009999999994
260.6	0.00038401420000000003
260.7	0.0004564007
260.8	0.0004232687
260.9	0.00043857939999999995
261.0	0.0003947699
261.1	0.00040065269999999995
261.2	0.0003915732
261.3	0.00043874199999999994
261.4	0.0004537903
261.5	0.0004286267
261.6	0.00042034269999999995
261.7	0.00045307979999999995
261.8	0.0004253688
261.9	0.0004034019
262.0	0.0004467178
262.1	0.0003768486
262.2	0.00041814909999999996
262.3	0.00046322590000000003
262.4	0.00044156799999999993
262.5	0.0004583536
262.6	0.00044132080000000004
262.7	0.0004551186
262.8	0.0004163735
262.9	0.0004534816
263.0	0.00042085949999999994
263.1	0.0004297388
263.2	0.00047036060000000006
263.3	0.0004246123
263.4	0.0004137252
263.5	0.00042772339999999994
263.6	0.00044294190000000006
263.7	0.0004481848
263.8	0.0005009744000000001
263.9	0.0004490343
264.0	0.00041210359999999997
264.1	0.0003903836
264.2	0.0003922528
264.3	0.00045914919999999996
264.4	0.0004214925
264.5	0.0004446255
264.6	0.0004397842
264.7	0.0004209446
264.8	0.0004314375
264.9	0.0004228283
265.0	0.00048123969999999997
265.1	0.0004436140999999999
265.2	0.0004281946
265.3	0.00039442219999999997
265.4	0.0004458764
265.5	0.0003802768
265.6	0.0004604151
265.7	0.00043663409999999996
265.8	0.00042087490000000005
265.9	0.0004246507
266.0	0.000394538
266.1	0.0003790339
266.2	0.0004430348
266.3	0.00048170269999999994
266.4	0.0004374676
266.5	0.0004431817
266.6	0.00037553619999999995
266.7	0.00040839009999999994
266.8	0.00044566010000000005
266.9	0.00043522860000000006
267.0	0.00045371349999999996
267.1	0.00044384580000000006
267.2	0.0003955803
267.3	0.0003941907
267.4	0.0004704915
267.5	0.0004485634
267.6	0.0004056872
267.7	0.00043203210000000003
267.8	0.00040208179999999994
267.9	0.00043459539999999994
268.0	0.00040241380000000007
268.1	0.0004158408
268.2	0.00042822529999999995
268.3	0.00042055059999999994
268.4	0.00042870450000000003
268.5	0.0004114935
268.6	0.0004174621
268.7	0.00044467949999999997
268.8	0.00043359169999999996
268.9	0.0004619906999999999
269.0	0.00045457809999999995
269.1	0.000453752
269.2	0.0004178327
269.3	0.00039599759999999997
269.4	0.00038935749999999996
269.5	0.0004374755
269.6	0.00045062469999999997
269.7	0.0003995643
269.8	0.00040376510000000003
269.9	0.00045685600000000006
270.0	0.0004605156
270.1	0.000422952
270.2	0.0004081893
270.3	0.00041750839999999995
270.4	0.0004209444
270.5	0.0003588737
270.6	0.00042219560000000003
270.7	0.000424203
270.8	0.00037287979999999995
270.9	0.0004146983
271.0	0.0004757341
271.1	0.0004622219
271.2	0.0003634372
271.3	0.0004320472
271.4	0.00044257130000000005
271.5	0.0003964298
271.6	0.00042170099999999997
271.7	0.00040586539999999996
271.8	0.00043524430000000004
271.9	0.00042425700000000004
272.0	0.0004260014
272.1	0.00041656619999999996
272.2	0.00042769289999999995
272.3	0.00040735519999999994
272.4	0.0004080655
272.5	0.00046572010000000007
272.6	0.00043014019999999993
272.7	0.000393735
272.8	0.0004082274
272.9	0.0004472118
273.0	0.00047026
273.1	0.00039493160000000005
273.2	0.0004229294
273.3	0.00040735520000000005
273.4	0.0003989239
273.5	0.0004413282
273.6	0.00044392260000000007
273.7	0.0004307352
273.8	0.000453574
273.9	0.0004307271
274.0	0.0004338236
274.1	0.00044522009999999995
274.2	0.0004240097
274.3	0.0004177403
274.4	0.00041940809999999995
274.5	0.00040730890000000003
274.6	0.0004145127
274.7	0.00047027540000000006
274.8	0.0004042356
274.9	0.00043512060000000004
275.0	0.0003698377
275.1	0.00046252279999999993
275.2	0.0004502619
275.3	0.00044825440000000006
275.4	0.00044515059999999994
275.5	0.0004696804
275.6	0.00038973549999999995
275.7	0.00043999279999999995
275.8	0.00043417099999999996
275.9	0.0004656503
276.0	0.00041594120000000004
276.1	0.000455296
276.2	0.00040730139999999997
276.3	0.0004299553
276.4	0.0004135706
276.5	0.0004239094
276.6	0.0004136712
276.7	0.00043335230000000007
276.8	0.000398437
276.9	0.00040761
277.0	0.0004627776
277.1	0.0004382477
277.2	0.00042854220000000003
277.3	0.00042496710000000003
277.4	0.00043212530000000005
277.5	0.00041531559999999996
277.6	0.00047264530000000005
277.7	0.00039967280000000006
277.8	0.0004289126
277.9	0.0004296849
278.0	0.0004363872
278.1	0.00036579209999999996
278.2	0.0004044833
278.3	0.00042914449999999996
278.4	0.00044044810000000006
278.5	0.00043397809999999994
278.6	0.0004125669
278.7	0.0004131616
278.8	0.00042265120000000003
278.9	0.0004385335000000001
279.0	0.000462021
279.1	0.0004001206
279.2	0.00044655549999999996
279.3	0.0004154545
279.4	0.00037937379999999996
279.5	0.00039438319999999995
279.6	0.0004178792
279.7	0.00044417780000000003
279.8	0.00042395580000000006
279.9	0.00041990969999999996
280.0	0.0004261641
280.1	0.00038654650000000004
280.2	0.0003864309
280.3	0.00045172899999999994
280.4	0.0004431969
280.5	0.0004592955
280.6	0.0004433667
280.7	0.00044135919999999996
280.8	0.0004319857
280.9	0.0004771625
281.0	0.0004348504
281.1	0.00043153000000000006
281.2	0.00044116610000000003
281.3	0.00042289789999999997
281.4	0.00042895939999999994
281.5	0.00046770400000000005
281.6	0.0004671792
281.7	0.0004062437
281.8	0.0004115245
281.9	0.00045773579999999997
282.0	0.00042358539999999995
282.1	0.00041187989999999996
282.2	0.0004311521
282.3	0.000429901
282.4	0.0004215931
282.5	0.00042524500000000004
282.6	0.00044017050000000004
282.7	0.00040671450000000003
282.8	0.00040656769999999995
282.9	0.00045517269999999997
283.0	0.00046724839999999994
283.1	0.0004468491
283.2	0.0004248204
283.3	0.0004185668
283.4	0.00038765859999999997
283.5	0.00044352110000000003
283.6	0.0004314527
283.7	0.000455945
283.8	0.00041545460000000004
283.9	0.0004734101
284.0	0.0004021744
284.1	0.0004666387
284.2	0.00044183
284.3	0.00042204859999999994
284.4	0.0004433589
284.5	0.00042602540000000004
284.6	0.00045487129999999997
284.7	0.0003679847
284.8	0.00042946099999999996
284.9	0.0004743522
285.0	0.0003951792000000001
285.1	0.00040349449999999996
285.2	0.0004114162000000001
285.3	0.00038700219999999997
285.4	0.000453358
285.5	0.0004835172999999999
285.6	0.0004012558
285.7	0.0004313221
285.8	0.0004207822
285.9	0.0004463625
286.0	0.0004267581
286.1	0.0004410661
286.2	0.00039544929999999997
286.3	0.00043239529999999996
286.4	0.0003602867
286.5	0.0004043751
286.6	0.0004178716
286.7	0.00043031770000000007
286.8	0.0004254845
286.9	0.0004378308
287.0	0.00044833140000000003
287.1	0.0004092467
287.2	0.00040814249999999996
287.3	0.0004815018
287.4	0.00042917540000000004
287.5	0.0004238243
287.6	0.00041004230000000005
287.7	0.0004355763
287.8	0.00039571949999999995
287.9	0.0004008226
288.0	0.0004392203
288.1	0.00044664090000000003
288.2	0.0004369354
288.3	0.00045370569999999996
288.4	0.00046920180000000004
288.5	0.0004229364
288.6	0.0004119107
288.7	0.00042161630000000003
288.8	0.0004713254
288.9	0.00040886060000000003
289.0	0.00043332140000000005
289.1	0.0004216703
289.2	0.00039534880000000007
289.3	0.00042482070000000004
289.4	0.0004505863
289.5	0.00039819
289.6	0.00047788040000000005
289.7	0.0004065212
289.8	0.00041350919999999996
289.9	0.00044891809999999995
290.0	0.00041236599999999995
290.1	0.0004315071
290.2	0.0004443938
290.3	0.00043410949999999997
290.4	0.00041012739999999996
290.5	0.0003843848
290.6	0.00045070219999999994
290.7	0.00047937070000000003
290.8	0.0004801354
290.9	0.00040884559999999995
291.0	0.00042981630000000007
291.1	0.00038517959999999997
291.2	0.0004343179
291.3	0.0004270446
291.4	0.00038997440000000005
291.5	0.0004203498
291.6	0.00039218310000000003
291.7	0.0004141038
291.8	0.00046188230000000004
291.9	0.000454609
292.0	0.00045189119999999996
292.1	0.0004452048
292.2	0.00044796840000000006
292.3	0.00038685550000000003
292.4	0.00040385769999999995
292.5	0.00042497490000000004
292.6	0.00044704230000000003
292.7	0.00042709010000000007
292.8	0.00045440049999999994
292.9	0.0004073241
293.0	0.000402491
293.1	0.00043092790000000004
293.2	0.0004327967
293.3	0.00044313490000000007
293.4	0.0003984143
293.5	0.0004594732
293.6	0.0004272141
293.7	0.00044559
293.8	0.0004519914
293.9	0.0004717345
294.0	0.00042219509999999997
294.1	0.00040040610000000005
294.2	0.000373822
294.3	0.0003732193
294.4	0.00042323759999999996
294.5	0.0004203188
294.6	0.00047088499999999993
294.7	0.00043469579999999997
294.8	0.0004170915
294.9	0.00045720350000000006
295.0	0.00042973910000000003
295.1	0.00044675650000000004
295.2	0.0004331287
295.3	0.00044725840000000005
295.4	0.00044396150000000005
295.5	0.00044420060000000005
295.6	0.00040302379999999997
295.7	0.00038457749999999994
295.8	0.0003822615
295.9	0.0004067604
296.0	0.00042208760000000007
296.1	0.00042014909999999996
296.2	0.0004373053
296.3	0.0004807296
296.4	0.00042321430000000004
296.5	0.00040647470000000006
296.6	0.0004399386
296.7	0.00040618150000000004
296.8	0.0003872725
296.9	0.00041162500000000004
297.0	0.0004240251999999999
297.1	0.00040067609999999996
297.2	0.0004416371
297.3	0.00044078810000000004
297.4	0.000432866
297.5	0.00039964160000000005
297.6	0.0004418147
297.7	0.00043695060000000006
297.8	0.00042338470000000003
297.9	0.00044424680000000003
298.0	0.0004047532
298.1	0.0004034561
298.2	0.0003953564
298.3	0.000478591
298.4	0.00042358540000000006
298.5	0.000423801
298.6	0.00043332930000000003
298.7	0.000436271
298.8	0.00045429240000000005
298.9	0.00045610660000000006
299.0	0.00046713260000000003
299.1	0.00041127770000000006
299.2	0.0004384489
299.3	0.0004265343
299.4	0.00047660659999999996
299.5	0.00040303139999999996
299.6	0.000407031
299.7	0.00045872440000000006
299.8	0.0004272603
299.9	0.0004285886
300.0	0.00045441620000000004
300.1	0.0003984837
300.2	0.0004074554
300.3	0.0004382557
300.4	0.0004777881
300.5	0.00039022190000000004
300.6	0.00040139449999999997
300.7	0.000388184
300.8	0.0004073783
300.9	0.0004710166
301.0	0.0004218015
301.1	0.00041396470000000003
301.2	0.000417462
301.3	0.0004380544
301.4	0.00039868399999999995
301.5	0.00043356870000000003
301.6	0.00045794480000000006
301.7	0.00045060200000000003
301.8	0.000460786
301.9	0.00040373419999999995
302.0	0.0004263107
302.1	0.00044972930000000005
302.2	0.00042135390000000005
302.3	0.0004293295
302.4	0.00040445170000000003
302.5	0.00043778440000000006
302.6	0.00035899699999999995
302.7	0.00044307320000000006
302.8	0.00039222959999999995
302.9	0.00042096010000000004
303.0	0.0004023206
303.1	0.0004678123
303.2	0.0003820607
303.3	0.0003807248
303.4	0.000417848
303.5	0.00044910409999999995
303.6	0.0004505323
303.7	0.00043844880000000003
303.8	0.00039206719999999997
303.9	0.00042832580000000007
304.0	0.000412204
304.1	0.00044063340000000004
304.2	0.00044003140000000004
304.3	0.00046727950000000003
304.4	0.00042699029999999997
304.5	0.00043900419999999996
304.6	0.00038205289999999995
304.7	0.0004148984
304.8	0.0004668318
304.9	0.00040151810000000005
305.0	0.0004476288
305.1	0.00042974669999999997
305.2	0.0004047065
305.3	0.00041772500000000003
305.4	0.00039778120000000006
305.5	0.0004095404
305.6	0.00041757029999999997
305.7	0.0004581144
305.8	0.0003476935
305.9	0.00040052960000000004
306.0	0.000458879
306.1	0.0004196163
306.2	0.00045213800000000004
306.3	0.0004750936
306.4	0.00041985599999999997
306.5	0.000438881
306.6	0.0004554969
306.7	0.0004572879
306.8	0.00044223989999999996
306.9	0.0004231449
307.0	0.0004374447
307.1	0.00039571159999999997
307.2	0.00035878889999999995
307.3	0.0004621987
307.4	0.0004158718
307.5	0.00039548750000000004
307.6	0.0004475204999999999
307.7	0.00040316250000000005
307.8	0.0004431816
307.9	0.00041190289999999994
308.0	0.0004296927
308.1	0.0003996884
308.2	0.0004411663
308.3	0.0004132547000000001
308.4	0.000397387
308.5	0.0003996188
308.6	0.0004010627
308.7	0.00045053990000000005
308.8	0.0003909243
308.9	0.0004335376
309.0	0.00040955569999999995
309.1	0.00039551120000000004
309.2	0.0004108684
309.3	0.0004023826
309.4	0.0003980281
309.5	0.00042154640000000005
309.6	0.00045457809999999995
309.7	0.000399804
309.8	0.0004429346
309.9	0.00041006519999999994
310.0	0.0004200643
310.1	0.0004040813
310.2	0.0004928672
310.3	0.0004177325
310.4	0.0004106292
310.5	0.0004355224
310.6	0.00043373870000000005
310.7	0.0004801584
310.8	0.00041821139999999996
310.9	0.00044416219999999997
311.0	0.00044908839999999997
311.1	0.0004153467
311.2	0.0004733713
311.3	0.0004488181
311.4	0.00044044829999999996
311.5	0.0004224733
311.6	0.00043175420000000003
311.7	0.0003968386
311.8	0.0004259325
311.9	0.00045211510000000004
312.0	0.0004149993
312.1	0.000422265
312.2	0.0003679226
312.3	0.0004273916
312.4	0.00042212589999999996
312.5	0.0004266041
312.6	0.0004036182
312.7	0.00038460109999999997
312.8	0.0004351204
312.9	0.0004327346
313.0	0.0004428186
313.1	0.00048822750000000005
313.2	0.0004830153
313.3	0.0004504699
313.4	0.00044989879999999996
313.5	0.00046968039999999996
313.6	0.00042176249999999996
313.7	0.00044437830000000004
313.8	0.00044652499999999997
313.9	0.0004525625
314.0	0.00039671509999999994
314.1	0.00044313549999999995
314.2	0.0003702469
314.3	0.00037604559999999997
314.4	0.00036915859999999995
314.5	0.0004127985
314.6	0.00038263169999999994
314.7	0.00036545999999999996
314.8	0.00034629569999999996
314.9	0.000250275
315.0	0.0002144413
315.1	0.000255487
315.2	0.0002653007
315.3	0.00038972000000000003
315.4	0.0004248436
315.5	0.0004176478
315.6	0.00045287149999999993
315.7	0.0004323255
315.8	0.000441004
315.9	0.00042333009999999995
316.0	0.0004506247
316.1	0.0004449422
316.2	0.00045481739999999997
316.3	0.00037696450000000004
316.4	0.00042262020000000003
316.5	0.0004366805
316.6	0.0004186436
316.7	0.0004350898
316.8	0.00037857049999999996
316.9	0.0004233148
317.0	0.0004280017
317.1	0.0004212462
317.2	0.0003839831
317.3	0.0004244577
317.4	0.0004344333
317.5	0.0004050855000000001
317.6	0.00041015789999999995
317.7	0.00045928799999999997
317.8	0.00045789060000000006
317.9	0.0004122351
318.0	0.0004322174
318.1	0.00041509200000000004
318.2	0.00046594370000000004
318.3	0.0004210527
318.4	0.00045830709999999995
318.5	0.0004148451
318.6	0.0004469341
318.7	0.0004000662
318.8	0.0004270368
318.9	0.000465133
319.0	0.000426635
319.1	0.0004323408
319.2	0.00045492570000000003
319.3	0.00039231380000000004
319.4	0.000383265
319.5	0.00039762660000000003
319.6	0.0003754205
319.7	0.00046019150000000005
319.8	0.0004142503
319.9	0.00041091469999999993
320.0	0.0004539992
320.1	0.000429245
320.2	0.0004214
320.3	0.0004234151
320.4	0.00045326529999999994
320.5	0.00044364489999999996
320.6	0.0004518212
320.7	0.0004250988
320.8	0.0004468652
320.9	0.00047701560000000005
321.0	0.00044234020000000006
321.1	0.0004616355
321.2	0.0004083976
321.3	0.00044167619999999996
321.4	0.0004042818
321.5	0.0004978242
321.6	0.00046585859999999997
321.7	0.00043571559999999997
321.8	0.0004769155
321.9	0.00037831569999999997
322.0	0.00041213450000000004
322.1	0.0004358152
322.2	0.00048474470000000003
322.3	0.0004936549
322.4	0.0004895319
322.5	0.0004740508
322.6	0.0004338778
322.7	0.000474491
322.8	0.0004932926
322.9	0.0004796335
323.0	0.0004985892000000001
323.1	0.0004197783
323.2	0.00038871669999999996
323.3	0.0004057414
323.4	0.0003737216
323.5	0.0003582409
323.6	0.00042140019999999996
323.7	0.0003266686
323.8	0.00033868259999999997
323.9	0.00020952990000000006
324.0	0.0002820708999999999
324.1	0.00018357189999999998
324.2	0.00016416789999999998
324.3	0.0002015236
324.4	0.00013207909999999993
324.5	0.0001529805
324.6	0.00024646849999999997
324.7	0.0003567273
324.8	0.00042904419999999997
324.9	0.00045690229999999996
325.0	0.0004234924
325.1	0.0004357076
325.2	0.00043371539999999996
325.3	0.00047693119999999995
325.4	0.00045138149999999995
325.5	0.0004231142
325.6	0.0004800272
325.7	0.0003757599
325.8	0.0004771085000000001
325.9	0.0004268823
326.0	0.00042316819999999993
326.1	0.0004429421
326.2	0.00042589410000000005
326.3	0.00044445560000000005
326.4	0.00045026939999999997
326.5	0.00038477839999999993
326.6	0.00046623739999999996
326.7	0.0004031163
326.8	0.0004115478
326.9	0.00044261029999999996
327.0	0.00040553329999999996
327.1	0.00041554730000000005
327.2	0.00041547
327.3	0.000431654
327.4	0.00040259869999999996
327.5	0.0004179872
327.6	0.00045917989999999997
327.7	0.0004553349
327.8	0.00045433089999999995
327.9	0.00043359940000000003
328.0	0.0004113316
328.1	0.00041293769999999996
328.2	0.0004912999
328.3	0.00043526
328.4	0.0003835972
328.5	0.00037699550000000004
328.6	0.0003946772
328.7	0.00045535000000000004
328.8	0.00041518449999999993
328.9	0.00042916790000000003
329.0	0.0004236163
329.1	0.0004506326
329.2	0.0004116249
329.3	0.00041787909999999994
329.4	0.0004563152
329.5	0.0003670044
329.6	0.00045287180000000004
329.7	0.00043534450000000006
329.8	0.00042227259999999995
329.9	0.0004367344
330.0	0.00043153030000000006
330.1	0.0004315687
330.2	0.0004053555
330.3	0.00041017349999999996
330.4	0.0004373287
330.5	0.00042329179999999996
330.6	0.0004340862
330.7	0.0004461388
330.8	0.0004757111
330.9	0.0004357457
331.0	0.00043717429999999997
331.1	0.00047591170000000005
331.2	0.00043103619999999994
331.3	0.00042359300000000005
331.4	0.0003998193
331.5	0.0004209676
331.6	0.0003998813
331.7	0.0003974103
331.8	0.00040765610000000004
331.9	0.00043632510000000003
332.0	0.00037752059999999994
332.1	0.0004704372
332.2	0.00040012049999999996
332.3	0.0003985225
332.4	0.0004543463
332.5	0.00034157090000000006
332.6	0.0004108144
332.7	0.0004082975
332.8	0.0003719306
332.9	0.0003484423
333.0	0.00028826320000000004
333.1	0.0002461752
333.2	0.0002846108000000001
333.3	0.00013932909999999992
333.4	0.00031674710000000007
333.5	0.0004690318
333.6	0.00043153820000000004
333.7	0.00041809569999999997
333.8	0.00042433399999999995
333.9	0.0004492965
334.0	0.0004470421
334.1	0.00045137380000000003
334.2	0.00041863590000000003
334.3	0.00048368699999999995
334.4	0.00047390390000000006
334.5	0.0004019119
334.6	0.0003713202
334.7	0.0004902654000000001
334.8	0.00042206380000000003
334.9	0.00042388640000000003
335.0	0.00044980650000000003
335.1	0.00042599420000000003
335.2	0.0004644536
335.3	0.00042776989999999997
335.4	0.0004470574
335.5	0.00039486230000000005
335.6	0.00041012689999999995
335.7	0.0003972715
335.8	0.0004156786
335.9	0.00044316580000000003
336.0	0.00043735210000000004
336.1	0.000389867
336.2	0.00044620830000000007
336.3	0.0004903500000000001
336.4	0.0004283107
336.5	0.00041120809999999996
336.6	0.0004579676
336.7	0.00041315389999999996
336.8	0.00039754119999999997
336.9	0.0004044981
337.0	0.0004756413
337.1	0.0004584463
337.2	0.00048750139999999997
337.3	0.00045772069999999997
337.4	0.00040778749999999996
337.5	0.0004336997
337.6	0.0004714563
337.7	0.0004686773
337.8	0.0004673716
337.9	0.0004632029
338.0	0.0004270443
338.1	0.0004445558
338.2	0.0004771397
338.3	0.00043265800000000004
338.4	0.0003706024
338.5	0.0004596511
338.6	0.00041018130000000007
338.7	0.00040956369999999996
338.8	0.0004429267
338.9	0.0004418843
339.0	0.0004484088
339.1	0.0004539141
339.2	0.0004215701
339.3	0.00045957360000000005
339.4	0.00043890389999999996
339.5	0.00045937310000000004
339.6	0.00042482060000000006
339.7	0.00044416970000000003
339.8	0.0004811547
339.9	0.00046718659999999996
340.0	0.00041953149999999996
340.1	0.0004572189
340.2	0.00042818710000000005
340.3	0.00044233220000000005
340.4	0.00045612219999999995
340.5	0.00042990120000000007
340.6	0.0004209134999999999
340.7	0.0004010933
340.8	0.00042675840000000004
340.9	0.00047491549999999997
341.0	0.00043491969999999994
341.1	0.00042678190000000003
341.2	0.0004430349
341.3	0.0004606623
341.4	0.00045671709999999996
341.5	0.00041975549999999996
341.6	0.0004457524
341.7	0.0004647085
341.8	0.0004414444
341.9	0.0004107138999999999
342.0	0.00043733680000000003
342.1	0.0004592955
342.2	0.00038789759999999994
342.3	0.00041281390000000003
342.4	0.00036905
342.5	0.00043410930000000006
342.6	0.00040531679999999997
342.7	0.0004754869
342.8	0.00046624470000000007
342.9	0.00043434070000000004
343.0	0.00040067659999999997
343.1	0.0004288816
343.2	0.0003831415
343.3	0.0004414677
343.4	0.0004646618
343.5	0.0004767303
343.6	0.0004599364
343.7	0.0004269749
343.8	0.0004214079
343.9	0.0003657071
344.0	0.00045229240000000005
344.1	0.00046151190000000004
344.2	0.00042015730000000004
344.3	0.000426372
344.4	0.00045230060000000003
344.5	0.0004038727
344.6	0.0004636969
344.7	0.00044289590000000004
344.8	0.00042040450000000004
344.9	0.00043264960000000005
345.0	0.0004926747
345.1	0.00044157570000000006
345.2	0.0004199253
345.3	0.00045946549999999995
345.4	0.00041851249999999996
345.5	0.000412536
345.6	0.00048758590000000005
345.7	0.00046655350000000004
345.8	0.00039473100000000005
345.9	0.00043203220000000007
346.0	0.00041495320000000004
346.1	0.0004671709000000001
346.2	0.00042793229999999995
346.3	0.0004163892
346.4	0.0004042361
346.5	0.00044376850000000005
346.6	0.0004472736
346.7	0.00041681330000000003
346.8	0.0004418768
346.9	0.0004233151
347.0	0.0004269518
347.1	0.000444486
347.2	0.0004391896
347.3	0.0003903069
347.4	0.00043533680000000004
347.5	0.0004621293
347.6	0.00044724289999999997
347.7	0.00044444780000000005
347.8	0.0005007589
347.9	0.0004211066
348.0	0.00047768779999999997
348.1	0.00043988470000000005
348.2	0.0004522536
348.3	0.0004111229
348.4	0.00042232680000000005
348.5	0.00038713359999999994
348.6	0.0004437841
348.7	0.00042471260000000004
348.8	0.00047564940000000005
348.9	0.0004104593
349.0	0.0004233537
349.1	0.00043136819999999997
349.2	0.00044268739999999996
349.3	0.0004645153
349.4	0.00046477009999999996
349.5	0.00046079370000000005
349.6	0.00041643560000000004
349.7	0.00045290249999999993
349.8	0.00040754790000000006
349.9	0.0004413824
