0.0	0.00040915049999999995
0.1	0.00042605750000000004
0.2	0.00045201629999999996
0.3	0.00047541399999999996
0.4	0.0004519551
0.5	0.0003916333
0.6	0.00047397879999999996
0.7	0.0004317759999999999
0.8	0.00045763479999999995
0.9	0.0004608605
1.0	0.0004645723
1.1	0.00041800919999999996
1.2	0.00040404979999999997
1.3	0.0004007466
1.4	0.0004343688
1.5	0.00044409150000000004
1.6	0.00043853550000000005
1.7	0.000428473
1.8	0.0004480588
1.9	0.00041579499999999995
2.0	0.0004339987
2.1	0.00045380700000000003
2.2	0.00045415449999999997
2.3	0.00043045679999999996
2.4	0.00042837299999999996
2.5	0.0004488915
2.6	0.0004687164
2.7	0.00042708429999999993
2.8	0.00042035540000000005
2.9	0.00047530639999999997
3.0	0.00044123669999999993
3.1	0.00040969849999999996
3.2	0.00041638119999999997
3.3	0.0004417228
3.4	0.000404219
3.5	0.00045660830000000005
3.6	0.0004072362
3.7	0.00045414740000000004
3.8	0.0004365223
3.9	0.000402599
4.0	0.00043433809999999997
4.1	0.0004189504
4.2	0.00046299789999999997
4.3	0.0004437447
4.4	0.0004081704
4.5	0.0004372469
4.6	0.0004605748
4.7	0.000416651
4.8	0.0004726748
4.9	0.0004333111
5.0	0.0003957539
5.1	0.00043095069999999995
5.2	0.00046366889999999996
5.3	0.00042021610000000004
5.4	0.0004303714
5.5	0.0004123296
5.6	0.0004414992
5.7	0.00040076989999999997
5.8	0.00046777489999999994
5.9	0.0004323313
6.0	0.00044258750000000004
6.1	0.0004434976
6.2	0.00039040639999999996
6.3	0.00040315399999999997
6.4	0.0004267907
6.5	0.0004970669000000001
6.6	0.0004489914
6.7	0.0004496627999999999
6.8	0.0004017346
6.9	0.00046481919999999996
7.0	0.0004100995
7.1	0.00037732590000000006
7.2	0.00048118630000000003
7.3	0.00042201409999999994
7.4	0.00039306070000000006
7.5	0.00045038829999999996
7.6	0.0003631271
7.7	0.0004292686
7.8	0.0004236119
7.9	0.00040735260000000003
8.0	0.00042692999999999995
8.1	0.00042531679999999997
8.2	0.0004175387
8.3	0.00035051030000000005
8.4	0.0004044433
8.5	0.0004479419
8.6	0.00043511719999999996
8.7	0.00041645859999999996
8.8	0.00039188710000000003
8.9	0.0004236658
9.0	0.0004156093
9.1	0.00036964820000000005
9.2	0.0004232484
9.3	0.0004373244
9.4	0.0004222915
9.5	0.0004308114
9.6	0.000434554
9.7	0.0004384508
9.8	0.0004157869
9.9	0.00045493370000000005
10.0	0.00040330079999999994
10.1	0.0004070204
10.2	0.00040874140000000004
10.3	0.0004360897
10.4	0.0003804213
10.5	0.00045464039999999994
10.6	0.00041388069999999996
10.7	0.0004015727
10.8	0.00037444800000000004
10.9	0.0004184796
11.0	0.0004054699
11.1	0.00042078699999999994
11.2	0.00042680619999999997
11.3	0.0004411822
11.4	0.00039196520000000005
11.5	0.000401302
11.6	0.0004163112
11.7	0.00047287469999999994
11.8	0.0004122452
11.9	0.0003975289
12.0	0.0004146367
12.1	0.0003900051
12.2	0.0004054619
12.3	0.0004012638
12.4	0.000433327
12.5	0.0004059555
12.6	0.0004036025
12.7	0.0003938398
12.8	0.00041936690000000005
12.9	0.000414012
13.0	0.00041503030000000004
13.1	0.00044093509999999997
13.2	0.00041430490000000003
13.3	0.00039740530000000003
13.4	0.0003812462
13.5	0.00039110130000000003
13.6	0.00043375870000000004
13.7	0.0003616381
13.8	0.0004057321
13.9	0.0004256714
14.0	0.00040172700000000005
14.1	0.0003977529
14.2	0.0004086255
14.3	0.0003873349
14.4	0.00039765239999999994
14.5	0.00041273830000000005
14.6	0.0004126924
14.7	0.0004783312
14.8	0.00046298279999999997
14.9	0.0004065495
15.0	0.0004885937000000001
15.1	0.0003504024
15.2	0.00037598370000000006
15.3	0.0004070351
15.4	0.0003863014
15.5	0.0004127157
15.6	0.0003884846
15.7	0.00044645279999999996
15.8	0.00044366779999999997
15.9	0.00042686050000000005
16.0	0.00038914080000000006
16.1	0.0003792244
16.2	0.0004268371
16.3	0.00044279469999999996
16.4	0.00040393380000000004
16.5	0.0003813778
16.6	0.00039309910000000003
16.7	0.000423797
16.8	0.0003938949
16.9	0.0003972203
17.0	0.0004013952
17.1	0.00037387659999999997
17.2	0.00040437369999999994
17.3	0.0003663449
17.4	0.00040955120000000004
17.5	0.00044383679999999997
17.6	0.00041834070000000003
17.7	0.0003771336
17.8	0.00041233709999999996
17.9	0.0003963254
18.0	0.00041185900000000004
18.1	0.00036117559999999997
18.2	0.0003966494
18.3	0.00043838149999999996
18.4	0.0004414834
18.5	0.0004141202
18.6	0.00039597780000000005
18.7	0.00042354199999999995
18.8	0.0004348392
18.9	0.0003551407
19.0	0.00038748939999999995
19.1	0.0003772499
19.2	0.0004372706
19.3	0.00035936189999999997
19.4	0.00039104679999999993
19.5	0.00040824000000000004
19.6	0.0003880143
19.7	0.00040068529999999996
19.8	0.0003902591
19.9	0.00041014579999999994
20.0	0.00037551309999999993
20.1	0.00043856700000000006
20.2	0.0003876673
20.3	0.0004102154
20.4	0.00040463540000000006
20.5	0.0003573169
20.6	0.0003797109
20.7	0.00038741219999999997
20.8	0.00038748200000000003
20.9	0.0004011481
21.0	0.0004614388
21.1	0.00041949010000000004
21.2	0.000406218
21.3	0.0004164196
21.4	0.0004624186
21.5	0.00042753189999999996
21.6	0.00042353439999999996
21.7	0.000406928
21.8	0.0004627041
21.9	0.00039685719999999993
22.0	0.0004064188
22.1	0.00039854010000000005
22.2	0.00045203280000000005
22.3	0.00037031900000000003
22.4	0.0004236582
22.5	0.00038221889999999996
22.6	0.00043203779999999997
22.7	0.0003889021
22.8	0.0003788237
22.9	0.00036332080000000004
23.0	0.0003547314
23.1	0.00044239469999999995
23.2	0.00044539589999999994
23.3	0.000429499
23.4	0.00040869530000000004
23.5	0.00039765210000000005
23.6	0.00038224149999999997
23.7	0.0004008399
23.8	0.00040504489999999995
23.9	0.00038588399999999997
24.0	0.0004815647
24.1	0.0004071358
24.2	0.0003939326
24.3	0.00042942200000000005
24.4	0.00039611679999999996
24.5	0.0003714076
24.6	0.0004417078
24.7	0.0004426252999999999
24.8	0.0004286579
24.9	0.00042675240000000005
25.0	0.0003985247
25.1	0.00038844660000000007
25.2	0.0004207258
25.3	0.00043336470000000007
25.4	0.00040894939999999995
25.5	0.0003964955
25.6	0.00046492660000000004
25.7	0.00036821280000000003
25.8	0.00042986230000000003
25.9	0.0003816166
26.0	0.0004007080999999999
26.1	0.00041547849999999995
26.2	0.000435487
26.3	0.00041791720000000003
26.4	0.00038991239999999994
26.5	0.0004381112
26.6	0.0004175538
26.7	0.00042356539999999996
26.8	0.0003798807999999999
26.9	0.00038106899999999994
27.0	0.0003951754
27.1	0.00040993680000000007
27.2	0.00040923580000000004
27.3	0.0003808073
27.4	0.0003765159
27.5	0.0004028455
27.6	0.0004234266
27.7	0.0003802669
27.8	0.000415856
27.9	0.00044562670000000004
28.0	0.0003754276
28.1	0.00041850350000000004
28.2	0.00036548850000000003
28.3	0.0003901202
28.4	0.00040081629999999996
28.5	0.00045434720000000003
28.6	0.0003676115
28.7	0.00041658959999999997
28.8	0.00044537259999999996
28.9	0.00039445739999999994
29.0	0.00040617180000000004
29.1	0.00039751349999999995
29.2	0.00041420449999999995
29.3	0.0004210803
29.4	0.0004366986
29.5	0.0003984708
29.6	0.00039946569999999997
29.7	0.0004050065
29.8	0.00034430660000000005
29.9	0.0004188579
30.0	0.0004162114
30.1	0.00039045229999999995
30.2	0.00038179390000000004
30.3	0.00038857000000000003
30.4	0.0004155242
30.5	0.0003538294
30.6	0.00036410699999999996
30.7	0.00038113820000000006
30.8	0.0004385437
30.9	0.00043442290000000004
31.0	0.0004233565
31.1	0.0004369921
31.2	0.00042060940000000004
31.3	0.0003992962
31.4	0.00042145850000000005
31.5	0.00041026949999999995
31.6	0.00044028719999999994
31.7	0.0004406576
31.8	0.000418557
31.9	0.0003938557
32.0	0.0003964719
32.1	0.00039588529999999995
32.2	0.00041096350000000004
32.3	0.00042777109999999995
32.4	0.00038830759999999994
32.5	0.00037319059999999996
32.6	0.0004264818
32.7	0.00040121780000000005
32.8	0.00041526970000000003
32.9	0.00039880170000000003
33.0	0.0004235423
33.1	0.00041300099999999997
33.2	0.00040370249999999993
33.3	0.00043153710000000005
33.4	0.00040982199999999995
33.5	0.0004364218
33.6	0.000400523
33.7	0.0003756361
33.8	0.00037393079999999997
33.9	0.00035859790000000003
34.0	0.0003620312
34.1	0.0003839323
34.2	0.0004282953
34.3	0.00042442969999999995
34.4	0.000394697
34.5	0.0003982467
34.6	0.00039086869999999997
34.7	0.0004291139
34.8	0.0003888098
34.9	0.00044677730000000003
35.0	0.00040605599999999996
35.1	0.0003932851
35.2	0.00040598639999999997
35.3	0.00044598220000000005
35.4	0.0003955533
35.5	0.00046001120000000004
35.6	0.0004712391
35.7	0.00035652229999999995
35.8	0.00039712760000000004
35.9	0.0003859692
36.0	0.0004282573
36.1	0.000417878
36.2	0.00039850910000000005
36.3	0.00038005769999999996
36.4	0.0003907385
36.5	0.00040711290000000004
36.6	0.0004488451
36.7	0.0003916493
36.8	0.0004655292
36.9	0.0004377948
37.0	0.00040361689999999996
37.1	0.0003642237
37.2	0.0004116123
37.3	0.0004124689
37.4	0.00044477080000000004
37.5	0.000365358
37.6	0.0003506653
37.7	0.00034192980000000004
37.8	0.00045241069999999995
37.9	0.00040637180000000005
38.0	0.0004165661
38.1	0.00042808710000000004
38.2	0.00041691320000000005
38.3	0.0004353023
38.4	0.0003941258
38.5	0.00037207049999999996
38.6	0.00038918690000000006
38.7	0.00040835540000000003
38.8	0.00040063109999999996
38.9	0.0003963097
39.0	0.0003909923
39.1	0.0003966108
39.2	0.0004015886
39.3	0.0004017807
39.4	0.00036905399999999995
39.5	0.00042097989999999996
39.6	0.0003949281
39.7	0.0003745021
39.8	0.00040604830000000005
39.9	0.00048051490000000006
40.0	0.00038577640000000003
40.1	0.0004207333
40.2	0.0003887247
40.3	0.0003546397
40.4	0.0004227087
40.5	0.00041483799999999995
40.6	0.0003808147
40.7	0.00041349450000000004
40.8	0.0003867563
40.9	0.0003892723
41.0	0.00037705589999999993
41.1	0.0004186496
41.2	0.00045995
41.3	0.00037514970000000004
41.4	0.00044157560000000003
41.5	0.0004311667
41.6	0.0004162654999999999
41.7	0.00040165750000000004
41.8	0.00036958590000000006
41.9	0.000420679
42.0	0.0004159947
42.1	0.00041250769999999997
42.2	0.0004277868
42.3	0.0004031625
42.4	0.000420116
42.5	0.0003658048
42.6	0.0003044184
42.7	0.00042264669999999996
42.8	0.0003934234
42.9	0.00041004549999999995
43.0	0.00044350520000000003
43.1	0.0004087647
43.2	0.00039137849999999996
43.3	0.0004415146
43.4	0.00039452739999999996
43.5	0.00037412430000000003
43.6	0.00037893839999999997
43.7	0.00038197139999999997
43.8	0.0003821027
43.9	0.00038434890000000005
44.0	0.0004379106
44.1	0.00038470359999999995
44.2	0.0003766475
44.3	0.00042342670000000004
44.4	0.000403494
44.5	0.0004167043
44.6	0.00042231530000000003
44.7	0.00038241919999999996
44.8	0.00040083969999999997
44.9	0.0003896502
45.0	0.00035578949999999997
45.1	0.0003709142
45.2	0.00039649530000000007
45.3	0.0003733758
45.4	0.0004259038
45.5	0.0003845570999999999
45.6	0.0003888086
45.7	0.00041886550000000004
45.8	0.00042709229999999995
45.9	0.00038460349999999997
46.0	0.0004183174
46.1	0.00038309849999999996
46.2	0.0003947664
46.3	0.00038677890000000004
46.4	0.0004091273
46.5	0.000428141
46.6	0.0003783061
46.7	0.00039952
46.8	0.0003677035
46.9	0.0004096673
47.0	0.0003937557
47.1	0.00042505440000000004
47.2	0.00046550519999999997
47.3	0.00039922670000000005
47.4	0.0004124612
47.5	0.00036118340000000003
47.6	0.0004405571
47.7	0.0004054305
47.8	0.0004240976
47.9	0.00038186419999999995
48.0	0.00046552139999999996
48.1	0.0003507654
48.2	0.00041400439999999996
48.3	0.0003996433
48.4	0.00043468479999999996
48.5	0.0004350009
48.6	0.00038103050000000004
48.7	0.00039957450000000004
48.8	0.00039792989999999997
48.9	0.00041374909999999997
49.0	0.00036396049999999993
49.1	0.0004119591
49.2	0.000343504
49.3	0.00039689580000000003
49.4	0.0004056853
49.5	0.0003786996
49.6	0.0004047907999999999
49.7	0.00036244010000000004
49.8	0.0004143902
49.9	0.0004336426
50.0	0.0003873275
50.1	0.0003924438
50.2	0.00039819320000000004
50.3	0.00043818119999999996
50.4	0.00041655859999999997
50.5	0.0003812773
50.6	0.0004103694
50.7	0.0003675417
50.8	0.0003859767
50.9	0.00035389899999999997
51.0	0.0003415899
51.1	0.0003294906
51.2	0.00034128909999999997
51.3	0.0003643086
51.4	0.00039572249999999994
51.5	0.0003913085
51.6	0.00038082950000000007
51.7	0.00037393139999999996
51.8	0.00041685210000000003
51.9	0.0003769489
52.0	0.00036422310000000003
52.1	0.00034699199999999996
52.2	0.0003820263
52.3	0.00036887660000000007
52.4	0.00034956150000000003
52.5	0.00030565339999999994
52.6	0.00036659220000000007
52.7	0.00033902070000000007
52.8	0.0003382488
52.9	0.00037350679999999996
53.0	0.0003606503
53.1	0.00035919969999999996
53.2	0.0003914179
53.3	0.0003503945
53.4	0.0003496308
53.5	0.0004534062
53.6	0.0003353474
53.7	0.0003954763
53.8	0.0003865942
53.9	0.00035810430000000003
54.0	0.0003856984
54.1	0.0004209337
54.2	0.00039781420000000004
54.3	0.0003952607
54.4	0.00038912540000000007
54.5	0.00032739050000000006
54.6	0.00036069600000000003
54.7	0.00037437880000000003
54.8	0.00036397670000000003
54.9	0.00037146929999999997
55.0	0.0003804904
55.1	0.0003518301
55.2	0.0003530343
55.3	0.00037763520000000004
55.4	0.0003762307
55.5	0.00041207449999999997
55.6	0.0003426165
55.7	0.00034211450000000003
55.8	0.00036066630000000004
55.9	0.00043626649999999994
56.0	0.00035718569999999996
56.1	0.00039704270000000003
56.2	0.00039044469999999996
56.3	0.000410223
56.4	0.00040044470000000004
56.5	0.00039248920000000006
56.6	0.00036430049999999997
56.7	0.00036535789999999995
56.8	0.000382481
56.9	0.00037824479999999997
57.0	0.0003586908
57.1	0.0003825354
57.2	0.00037116069999999996
57.3	0.0003396683
57.4	0.0004106238
57.5	0.00037809759999999997
57.6	0.00038032839999999995
57.7	0.000385962
57.8	0.0003833382
57.9	0.0003598791
58.0	0.00039113989999999996
58.1	0.0003670241
58.2	0.0003847035
58.3	0.00034257049999999995
58.4	0.00040085470000000004
58.5	0.0003812391
58.6	0.00037098340000000005
58.7	0.0004048601
58.8	0.0004091968
58.9	0.0003860152
59.0	0.0003839241
59.1	0.0003750572
59.2	0.0004376323
59.3	0.00044189289999999997
59.4	0.00039570040000000005
59.5	0.00039826229999999997
59.6	0.00033782399999999997
59.7	0.00032780029999999994
59.8	0.0003853985
59.9	0.0004179477
60.0	0.00039921110000000004
60.1	0.00038386289999999993
60.2	0.0003616691
60.3	0.000367557
60.4	0.0003862238
60.5	0.00034398249999999995
60.6	0.0004062019
60.7	0.00036250279999999995
60.8	0.0003657747
60.9	0.00036312000000000003
61.0	0.00034279410000000003
61.1	0.0003666155
61.2	0.00037167799999999996
61.3	0.0003818403
61.4	0.0003687454
61.5	0.00036226380000000004
61.6	0.00033173590000000003
61.7	0.0004143978
61.8	0.0003431647
61.9	0.00037079029999999996
62.0	0.0003788776
62.1	0.0003641543
62.2	0.0003708678
62.3	0.0003645854
62.4	0.0003429403
62.5	0.0003667151000000001
62.6	0.00035898380000000006
62.7	0.0003550792
62.8	0.0004122909
62.9	0.0003774728
63.0	0.0003931384
63.1	0.0004196373
63.2	0.0003905766
63.3	0.00044549590000000005
63.4	0.00038900250000000006
63.5	0.000424645
63.6	0.00038393910000000006
63.7	0.0003931998
63.8	0.00042373510000000004
63.9	0.00041060810000000006
64.0	0.0004056008
64.1	0.0003984161
64.2	0.00040890340000000004
64.3	0.00042650520000000005
64.4	0.00041934389999999995
64.5	0.0003882302
64.6	0.0003700961
64.7	0.00039229719999999996
64.8	0.00040705079999999995
64.9	0.00036909280000000007
65.0	0.0003826903
65.1	0.0004126459
65.2	0.0004113184
65.3	0.00039370109999999997
65.4	0.0003965104
65.5	0.0004173303
65.6	0.0004363987
65.7	0.0004106781
65.8	0.000397583
65.9	0.00041004510000000003
66.0	0.00044267220000000003
66.1	0.000438613
66.2	0.00038647100000000005
66.3	0.00045920099999999996
66.4	0.0003941569
66.5	0.0004921668000000001
66.6	0.0003753359
66.7	0.00041265419999999994
66.8	0.00042865760000000003
66.9	0.0004056625
67.0	0.00037053600000000003
67.1	0.00040018400000000004
67.2	0.0003970504
67.3	0.0004073292
67.4	0.0004396772
67.5	0.00036633719999999996
67.6	0.0003969572
67.7	0.00039389460000000004
67.8	0.00039281390000000003
67.9	0.0003974667
68.0	0.00040412720000000007
68.1	0.00039904130000000004
68.2	0.0003957538
68.3	0.00043010929999999996
68.4	0.0003717086
68.5	0.0003761609
68.6	0.0004048671
68.7	0.0003792557
68.8	0.0003398849
68.9	0.0003943038
69.0	0.0004184564
69.1	0.00037994239999999995
69.2	0.0004007851999999999
69.3	0.00038110809999999994
69.4	0.0004285966
69.5	0.0004191976
69.6	0.0004138963
69.7	0.0004132323
69.8	0.0003933545
69.9	0.0004000065
70.0	0.0003845414
70.1	0.00042861999999999995
70.2	0.00035499420000000004
70.3	0.0003970887
70.4	0.0004051988
70.5	0.00038923310000000004
70.6	0.0003442295
70.7	0.0003894111
70.8	0.00042929100000000005
70.9	0.0004103074
71.0	0.0004592941
71.1	0.00041308590000000003
71.2	0.0003754668
71.3	0.00035866720000000003
71.4	0.0003752886
71.5	0.0004588775
71.6	0.00043709219999999994
71.7	0.00039165590000000007
71.8	0.00042406720000000005
71.9	0.0004117047
72.0	0.00042163549999999996
72.1	0.0004250081
72.2	0.00037656299999999995
72.3	0.0003870657
72.4	0.00040587809999999996
72.5	0.0003668705
72.6	0.00038689540000000003
72.7	0.0004179397
72.8	0.00045299639999999997
72.9	0.00045986440000000007
73.0	0.0004183723
73.1	0.00043178350000000004
73.2	0.0004099533
73.3	0.00035727809999999997
73.4	0.00033301650000000006
73.5	0.0002981603
73.6	0.00021587659999999992
73.7	0.0002848723
73.8	0.0001995864
73.9	0.0003851354
74.0	0.0003879131
74.1	0.00036801980000000003
74.2	0.00040348650000000005
74.3	0.00038106829999999997
74.4	0.0003388810000000001
74.5	0.0003976914
74.6	0.0003722948
74.7	0.0004362747
74.8	0.00040170429999999995
74.9	0.0003872269
75.0	0.0003950674
75.1	0.0004352643
75.2	0.0004121986
75.3	0.00035838129999999995
75.4	0.0004226547
75.5	0.00039979029999999996
75.6	0.00036070410000000003
75.7	0.0003763541
75.8	0.0004186963
75.9	0.000404636
76.0	0.000400577
76.1	0.00037222589999999994
76.2	0.0004094745
76.3	0.0003920501
76.4	0.00041282329999999993
76.5	0.00039589320000000004
76.6	0.00040023719999999997
76.7	0.0004164115
76.8	0.00041871909999999994
76.9	0.00039992150000000003
77.0	0.00037924780000000004
77.1	0.0003412743
77.2	0.0004008387
77.3	0.0003783299
77.4	0.000422786
77.5	0.0004246072
77.6	0.0004191364
77.7	0.00039076130000000004
77.8	0.0003267506
77.9	0.0004086949
78.0	0.00038403259999999996
78.1	0.0003944575
78.2	0.0003558663
78.3	0.000399489
78.4	0.00038748929999999997
78.5	0.0003863936
78.6	0.000377411
78.7	0.00045498840000000006
78.8	0.0004122525
78.9	0.00040046130000000006
79.0	0.0004022902
79.1	0.00041292360000000003
79.2	0.0003867871
79.3	0.00039847780000000006
79.4	0.0004558594
79.5	0.00042572549999999996
79.6	0.000379024
79.7	0.0003465215
79.8	0.0003767861
79.9	0.00035320390000000005
80.0	0.00041479090000000004
80.1	0.00040678839999999997
80.2	0.00037529720000000004
80.3	0.00038548339999999997
80.4	0.0003566226
80.5	0.0003717701
80.6	0.00041966830000000004
80.7	0.00039667989999999997
80.8	0.00038356159999999997
80.9	0.00038426339999999995
81.0	0.0003474387
81.1	0.0003669169999999999
81.2	0.00034599619999999996
81.3	0.00041557880000000005
81.4	0.0004047288
81.5	0.000363784
81.6	0.000348844
81.7	0.0004343991
81.8	0.0003692159
81.9	0.00037004980000000006
82.0	0.000427987
82.1	0.00033588720000000006
82.2	0.00039383969999999996
82.3	0.0004014258
82.4	0.00042758480000000006
82.5	0.000344792
82.6	0.00036480169999999996
82.7	0.00037209430000000005
82.8	0.0003665542
82.9	0.000332083
83.0	0.0003947893
83.1	0.0003708446
83.2	0.00034875129999999995
83.3	0.00034256220000000005
83.4	0.00032542339999999995
83.5	0.00031575440000000004
83.6	0.0003183166
83.7	0.0002806897
83.8	0.00037472560000000006
83.9	0.0003281707
84.0	0.0003289658000000001
84.1	0.0003054749
84.2	0.00037278850000000004
84.3	0.0003419836
84.4	0.00035723190000000004
84.5	0.00034383559999999995
84.6	0.00032998449999999997
84.7	0.0003254471
84.8	0.00032323210000000005
84.9	0.00016757719999999999
85.0	0.00020119910000000003
85.1	0.0001661112
85.2	0.00015472100000000003
85.3	0.0001478146
85.4	0.00013875499999999995
85.5	0.00017538630000000003
85.6	0.00015117959999999997
85.7	0.00018676100000000002
85.8	0.0003713379
85.9	0.000359084
86.0	0.00033003039999999996
86.1	0.00038696429999999994
86.2	0.00034426000000000004
86.3	0.0003749344
86.4	0.0003974212
86.5	0.0004945983000000001
86.6	0.00041112630000000004
86.7	0.00038884739999999997
86.8	0.00040959739999999996
86.9	0.00041457600000000005
87.0	0.00038504279999999994
87.1	0.0004520559
87.2	0.0003585363
87.3	0.00036749549999999997
87.4	0.00038432550000000004
87.5	0.00037552829999999997
87.6	0.0004111956
87.7	0.00042493070000000003
87.8	0.0004216203
87.9	0.0003886082
88.0	0.000357533
88.1	0.00037316659999999996
88.2	0.00035042539999999994
88.3	0.00038982799999999994
88.4	0.00038070629999999996
88.5	0.00037447899999999994
88.6	0.00037472619999999994
88.7	0.0003815556
88.8	0.00041072499999999997
88.9	0.00039238240000000007
89.0	0.0003886465
89.1	0.0004044277
89.2	0.0003854984
89.3	0.00038828440000000005
89.4	0.0003753974
89.5	0.0003466759
89.6	0.0004973063
89.7	0.000438875
89.8	0.00041403530000000004
89.9	0.00039722800000000007
90.0	0.00043572649999999995
90.1	0.00038980439999999997
90.2	0.0004232334
90.3	0.0004179863
90.4	0.00039461209999999995
90.5	0.0003706205
90.6	0.0003669016
90.7	0.0004220529
90.8	0.0003857296
90.9	0.000428666
91.0	0.00042909840000000007
91.1	0.00041290809999999995
91.2	0.0004183329
91.3	0.0003979613
91.4	0.00041332550000000004
91.5	0.0004091656
91.6	0.00040970629999999996
91.7	0.0003838309
91.8	0.00042214540000000005
91.9	0.0003726417
92.0	0.0004167054
92.1	0.00036323550000000006
92.2	0.0003565526
92.3	0.0004226314
92.4	0.000364802
92.5	0.0004223927
92.6	0.0003630663999999999
92.7	0.0003644468
92.8	0.0003952067
92.9	0.00042838080000000007
93.0	0.00038630039999999993
93.1	0.00040100129999999994
93.2	0.0003867719
93.3	0.00041970740000000004
93.4	0.00041375769999999997
93.5	0.000408078
93.6	0.0004469625
93.7	0.00035611270000000003
93.8	0.00040475969999999995
93.9	0.00037576700000000005
94.0	0.0004245916
94.1	0.00043003160000000003
94.2	0.0004109248
94.3	0.00040385679999999997
94.4	0.00040270670000000004
94.5	0.0003517454
94.6	0.00036460139999999996
94.7	0.0004068119
94.8	0.00043101170000000005
94.9	0.00039702719999999995
95.0	0.00037360660000000006
95.1	0.0004378257
95.2	0.00035892959999999995
95.3	0.00038160930000000003
95.4	0.00038866190000000003
95.5	0.0004484596
95.6	0.000381239
95.7	0.00039673370000000005
95.8	0.0003966263
95.9	0.00037924810000000003
96.0	0.0004089491
96.1	0.0004493628
96.2	0.000453028
96.3	0.0003646164
96.4	0.0004630209
96.5	0.00044808120000000004
96.6	0.0003273916
96.7	0.00037505830000000005
96.8	0.0003730045
96.9	0.00035690029999999994
97.0	0.00040465890000000005
97.1	0.00033980710000000006
97.2	0.000348296
97.3	0.0003905448
97.4	0.00040330919999999993
97.5	0.00040803920000000003
97.6	0.000403471
97.7	0.0003974748
97.8	0.0003871805
97.9	0.0004078931
98.0	0.00039747450000000004
98.1	0.0004178773
98.2	0.0003804904
98.3	0.0003998746
98.4	0.00044952390000000005
98.5	0.0003878371
98.6	0.00039544550000000003
98.7	0.0004219057
98.8	0.00039610139999999997
98.9	0.0003406877
99.0	0.00035267869999999995
99.1	0.0003673566
99.2	0.0003863162
99.3	0.00040705120000000003
99.4	0.0004091116
99.5	0.0003975983
99.6	0.00036819709999999994
99.7	0.0004117815
99.8	0.00042619639999999997
99.9	0.0003886157
100.0	0.0003876907
100.1	0.0004063492
100.2	0.0004305414
100.3	0.0003836543
100.4	0.00039083090000000003
100.5	0.00038328360000000004
100.6	0.00039833140000000006
100.7	0.0004110331
100.8	0.0003644623
100.9	0.00039073030000000004
101.0	0.00041912060000000003
101.1	0.0004231561
101.2	0.00042343419999999994
101.3	0.0003785845
101.4	0.00038951890000000003
101.5	0.0003957922
101.6	0.00042618889999999996
101.7	0.00034398240000000003
101.8	0.00038883959999999997
101.9	0.00044454779999999995
102.0	0.00042693740000000004
102.1	0.0003860618
102.2	0.00038520469999999996
102.3	0.000385136
102.4	0.00039351569999999996
102.5	0.00038431029999999995
102.6	0.00041204429999999997
102.7	0.00040580160000000006
102.8	0.00037968060000000007
102.9	0.0003705894
103.0	0.000375768
103.1	0.00035634379999999996
103.2	0.0004259575
103.3	0.00038414000000000005
103.4	0.00037085209999999995
103.5	0.00040278439999999997
103.6	0.0004045051
103.7	0.00039262890000000004
103.8	0.00040768419999999997
103.9	0.00036498760000000004
104.0	0.0003628267
104.1	0.0003617698
104.2	0.0003416517
104.3	0.0003839544
104.4	0.0003953683
104.5	0.000371423
104.6	0.0003658671
104.7	0.0002970411
104.8	0.0003298918
104.9	0.0003666314
105.0	0.00040512999999999996
105.1	0.0003906297
105.2	0.00035467049999999997
105.3	0.00037885420000000004
105.4	0.00039268229999999993
105.5	0.00033393530000000004
105.6	0.00035805799999999997
105.7	0.0003691237
105.8	0.0003786303
105.9	0.00032960640000000006
106.0	0.00039149369999999994
106.1	0.00038947300000000004
106.2	0.0003456877
106.3	0.00036115240000000003
106.4	0.00039069920000000006
106.5	0.0003992879
106.6	0.00038948070000000007
106.7	0.0003640769
106.8	0.00035423040000000006
106.9	0.00036670089999999995
107.0	0.0004184406
107.1	0.00043968570000000007
107.2	0.0003885461
107.3	0.00037385410000000005
107.4	0.00037116849999999996
107.5	0.0004009702
107.6	0.0003696254
107.7	0.00040696650000000004
107.8	0.0003198599
107.9	0.0003768473
108.0	0.00036227890000000004
108.1	0.00032280800000000006
108.2	0.00037636960000000003
108.3	0.0004224771
108.4	0.00038779039999999997
108.5	0.00034553309999999995
108.6	0.000379749
108.7	0.0004024835000000001
108.8	0.00036014030000000005
108.9	0.0003670553
109.0	0.00048600970000000005
109.1	0.00039196490000000005
109.2	0.00036823660000000007
109.3	0.0003721871
109.4	0.0003531188
109.5	0.0003636756
109.6	0.00042407499999999994
109.7	0.0004077843
109.8	0.00042184419999999995
109.9	0.00038884760000000004
110.0	0.00040727469999999997
110.1	0.0004065804
110.2	0.0004083634
110.3	0.00044602060000000003
110.4	0.00039005130000000003
110.5	0.000401465
110.6	0.0003938401
110.7	0.0003693546
110.8	0.0003813624
110.9	0.0004139117
111.0	0.0003556735
111.1	0.00043606659999999997
111.2	0.00038751290000000005
111.3	0.00041765439999999997
111.4	0.0004060327
111.5	0.00038938050000000005
111.6	0.0003748652
111.7	0.0003966489
111.8	0.0003613599
111.9	0.00039634839999999995
112.0	0.00038250449999999994
112.1	0.0003728743
112.2	0.0004541233
112.3	0.0004079544
112.4	0.0004198608
112.5	0.00041939870000000005
112.6	0.0004581515
112.7	0.0003990341
112.8	0.00043339690000000004
112.9	0.0004183637
113.0	0.0003945419
113.1	0.00043454569999999996
113.2	0.00044061180000000004
113.3	0.0004146594
113.4	0.00041054689999999995
113.5	0.0004418306
113.6	0.0003899052
113.7	0.00044427770000000005
113.8	0.00039936579999999994
113.9	0.0004594477
114.0	0.0004001368
114.1	0.0004368693
114.2	0.0004280643
114.3	0.00039751420000000003
114.4	0.00038441810000000007
114.5	0.0003958779
114.6	0.0003707435
114.7	0.00041991509999999996
114.8	0.0004772589
114.9	0.0003896958
115.0	0.00042293249999999995
115.1	0.0003861315
115.2	0.00035436919999999995
115.3	0.0003334255
115.4	0.00040793139999999997
115.5	0.000439299
115.6	0.0004208021
115.7	0.0003974832
115.8	0.0004047597
115.9	0.0004027376
116.0	0.00038798340000000003
116.1	0.0003849656
116.2	0.0003652884
116.3	0.0004028308
116.4	0.00038583000000000004
116.5	0.00037460249999999993
116.6	0.00037743460000000005
116.7	0.00043697649999999995
116.8	0.0004607446
116.9	0.0003930146
117.0	0.00041040040000000003
117.1	0.000422423
117.2	0.0003698878
117.3	0.00045271919999999993
117.4	0.00042748460000000004
117.5	0.00039800720000000004
117.6	0.0004001834999999999
117.7	0.00041013839999999997
117.8	0.0003951292
117.9	0.00043247800000000003
118.0	0.00047299129999999997
118.1	0.0004062028
118.2	0.00038700390000000006
118.3	0.0003780979
118.4	0.0003988564
118.5	0.00040254479999999996
118.6	0.0004688547
118.7	0.00038945690000000003
118.8	0.0004342534
118.9	0.0003868957
119.0	0.00042381170000000003
119.1	0.0003794411
119.2	0.00039678730000000006
119.3	0.00043142079999999996
119.4	0.0004003381
119.5	0.0004121753
119.6	0.00043036379999999996
119.7	0.00039492109999999993
119.8	0.00038697250000000003
119.9	0.0004493086
120.0	0.0004269832
120.1	0.0003932231
120.2	0.00040258369999999994
120.3	0.00041844170000000005
120.4	0.0003719404
120.5	0.0004122605
120.6	0.0004147681
120.7	0.00042207610000000005
120.8	0.0004195604
120.9	0.00039547650000000003
121.0	0.0004183489
121.1	0.00040184220000000003
121.2	0.0004284575
121.3	0.0003869188
121.4	0.00039516759999999997
121.5	0.0003533509
121.6	0.0004040726
121.7	0.00045167009999999997
121.8	0.0004412743
121.9	0.00040415789999999997
122.0	0.0003949051
122.1	0.00039985190000000004
122.2	0.0004255094999999999
122.3	0.0003948512
122.4	0.0003879603
122.5	0.00043806509999999994
122.6	0.0004263044
122.7	0.00044048819999999996
122.8	0.0004300393
122.9	0.00039029040000000003
123.0	0.0003586517
123.1	0.000439647
123.2	0.00039879419999999996
123.3	0.0003997818
123.4	0.00039393310000000005
123.5	0.00040878750000000004
123.6	0.0004129008
123.7	0.0004335663000000001
123.8	0.00039499019999999997
123.9	0.0003795958
124.0	0.00040831730000000005
124.1	0.00038088410000000004
124.2	0.00040438860000000003
124.3	0.00040914989999999996
124.4	0.0004143285
124.5	0.0004239122
124.6	0.00037167769999999997
124.7	0.0003848654
124.8	0.0004352482
124.9	0.0004333346
125.0	0.00043434580000000005
125.1	0.0003774342
125.2	0.0003622472
125.3	0.00037842969999999997
125.4	0.0003951908
125.5	0.00040952069999999994
125.6	0.0004285425
125.7	0.0004272385
125.8	0.0004298075
125.9	0.0004101463
126.0	0.0003837703
126.1	0.00043031000000000005
126.2	0.00037234910000000004
126.3	0.0004512766
126.4	0.00042644330000000003
126.5	0.00039081539999999995
126.6	0.0004690479
126.7	0.00041725310000000006
126.8	0.0003758295
126.9	0.0003496924
127.0	0.00036927730000000004
127.1	0.0004243216
127.2	0.0004223767
127.3	0.00039148599999999997
127.4	0.0003881913
127.5	0.0003763619
127.6	0.0003968498
127.7	0.00041683599999999996
127.8	0.0003952678
127.9	0.00040104729999999996
128.0	0.0004029457
128.1	0.000403069
128.2	0.00041348660000000006
128.3	0.000397999
128.4	0.0004257873
128.5	0.00040786159999999996
128.6	0.0004309811
128.7	0.0004324702
128.8	0.00037617590000000006
128.9	0.0004234262
129.0	0.0004279715
129.1	0.00041183530000000004
129.2	0.00040701999999999996
129.3	0.0004121598
129.4	0.00036280370000000005
129.5	0.0004074215
129.6	0.00042941449999999993
129.7	0.00038708089999999997
129.8	0.00037276540000000003
129.9	0.000408325
130.0	0.0003950675
130.1	0.00039353129999999996
130.2	0.00042862779999999995
130.3	0.0003849735
130.4	0.0004033628
130.5	0.00037906260000000004
130.6	0.00038164039999999996
130.7	0.00037268089999999994
130.8	0.0004339524
130.9	0.00037553580000000003
131.0	0.0004081547
131.1	0.00041679030000000005
131.2	0.000407151
131.3	0.0003920263
131.4	0.00039695849999999994
131.5	0.00043659140000000004
131.6	0.0004035711
131.7	0.00036179290000000003
131.8	0.00039630929999999996
131.9	0.00038461869999999995
132.0	0.0003849587
132.1	0.0004503733
132.2	0.00044362099999999995
132.3	0.0004303255000000001
132.4	0.00041436729999999995
132.5	0.00041692869999999997
132.6	0.0004266138
132.7	0.0003953301
132.8	0.00040023780000000007
132.9	0.0004264671
133.0	0.0003797342
133.1	0.0004285503
133.2	0.0004246766
133.3	0.000403972
133.4	0.0004003611
133.5	0.00040669640000000004
133.6	0.0004127927
133.7	0.00039643290000000004
133.8	0.00039208820000000003
133.9	0.00042582559999999994
134.0	0.0003944185
134.1	0.00047880180000000005
134.2	0.00042203699999999994
134.3	0.0004228708
134.4	0.00037146879999999996
134.5	0.00040560039999999997
134.6	0.00041832519999999995
134.7	0.0004264358
134.8	0.0004383046
134.9	0.0004562995
135.0	0.0003993961
135.1	0.00038522869999999996
135.2	0.0004095673
135.3	0.00042474600000000004
135.4	0.00041566270000000004
135.5	0.00042744679999999995
135.6	0.00040479020000000005
135.7	0.00040856430000000003
135.8	0.00042368880000000003
135.9	0.00038123110000000003
136.0	0.00043666800000000003
136.1	0.00039589229999999995
136.2	0.00037003430000000004
136.3	0.0004054465
136.4	0.00036259529999999995
136.5	0.00038824609999999995
136.6	0.0004075377
136.7	0.00043634429999999996
136.8	0.00041645809999999996
136.9	0.0003972822
137.0	0.00039780649999999996
137.1	0.00043627469999999997
137.2	0.00041503110000000004
137.3	0.0003885855
137.4	0.0004118976
137.5	0.0004606053
137.6	0.0003651105
137.7	0.0004076305
137.8	0.0004376714
137.9	0.0004321149
138.0	0.00038832309999999997
138.1	0.00039046040000000005
138.2	0.00043846650000000005
138.3	0.0004185183
138.4	0.0003573704
138.5	0.0003925823
138.6	0.0004450406
138.7	0.0003971426
138.8	0.0004097669
138.9	0.0004088418
139.0	0.0003747333
139.1	0.00044285729999999995
139.2	0.00045006420000000003
139.3	0.00040583970000000004
139.4	0.00040496749999999995
139.5	0.0004731837
139.6	0.00038705699999999995
139.7	0.00039225029999999996
139.8	0.0004326869
139.9	0.00044766420000000003
140.0	0.0004807001
140.1	0.0003980457
140.2	0.0004391374
140.3	0.00041269239999999996
140.4	0.00043359750000000004
140.5	0.00042367349999999996
140.6	0.00040621740000000003
140.7	0.00039350869999999995
140.8	0.00041837210000000006
140.9	0.00039224349999999997
141.0	0.00042111129999999994
141.1	0.00042334109999999996
141.2	0.00041131889999999996
141.3	0.00042865840000000003
141.4	0.0003958313
141.5	0.0003847887
141.6	0.000412738
141.7	0.0004150381
141.8	0.00042985459999999996
141.9	0.0004026987
142.0	0.00047417199999999997
142.1	0.0004501884
142.2	0.0004386744
142.3	0.0003898501
142.4	0.00039631740000000006
142.5	0.0004224463
142.6	0.0004246838
142.7	0.00040854020000000006
142.8	0.0004245376
142.9	0.0004129541000000001
143.0	0.0004706064
143.1	0.00044783440000000006
143.2	0.0004116736
143.3	0.000431043
143.4	0.000409173
143.5	0.0004312432
143.6	0.00040102500000000006
143.7	0.00041320180000000003
143.8	0.00041064699999999993
143.9	0.00037920170000000004
144.0	0.000420818
144.1	0.0004177314
144.2	0.0004145752
144.3	0.0004201004
144.4	0.00043137469999999996
144.5	0.000381123
144.6	0.00041457530000000003
144.7	0.00037312
144.8	0.00041052350000000005
144.9	0.0004422943
145.0	0.00044945509999999995
145.1	0.0004482745
145.2	0.00040552300000000003
145.3	0.00042342670000000004
145.4	0.0004030159
145.5	0.00039463480000000005
145.6	0.0004430811
145.7	0.00039936569999999996
145.8	0.0003724334
145.9	0.00038028179999999995
146.0	0.00039726620000000003
146.1	0.00040902699999999996
146.2	0.0004312737999999999
146.3	0.00044262589999999997
146.4	0.00041739180000000003
146.5	0.00040577060000000006
146.6	0.00040219010000000006
146.7	0.0004365218
146.8	0.00042305599999999994
146.9	0.00042192870000000004
147.0	0.0003968574
147.1	0.00038384750000000005
147.2	0.00042397439999999995
147.3	0.0003783759
147.4	0.00037918590000000007
147.5	0.00038566809999999996
147.6	0.0003456338
147.7	0.0004084788
147.8	0.0003904211
147.9	0.00034440670000000003
148.0	0.00041454400000000003
148.1	0.00041919010000000004
148.2	0.00043588070000000006
148.3	0.00040871799999999997
148.4	0.0004262655
148.5	0.0004026919
148.6	0.0003937942
148.7	0.0004085948
148.8	0.0004720115
148.9	0.0004034161
149.0	0.00045554350000000005
149.1	0.0003765391
149.2	0.0004124068
149.3	0.00040973610000000004
149.4	0.0004185415
149.5	0.0004000831
149.6	0.0003755362
149.7	0.00037997309999999996
149.8	0.0004080928
149.9	0.0003700724
150.0	0.00039914990000000005
150.1	0.0004000368
150.2	0.00038985820000000005
150.3	0.0004280333
150.4	0.0004628819
150.5	0.0004250935
150.6	0.00042161309999999997
150.7	0.0004081391
150.8	0.00041743
150.9	0.000415964
151.0	0.0004214039
151.1	0.000409852
151.2	0.00044291139999999996
151.3	0.00039098520000000007
151.4	0.0004028459
151.5	0.00041748429999999997
151.6	0.0003937167
151.7	0.0004085486
151.8	0.0004096212
151.9	0.0004091506
152.0	0.0004302321
152.1	0.0004104852
152.2	0.00041067099999999993
152.3	0.00039517459999999997
152.4	0.00043813470000000004
152.5	0.0003794943
152.6	0.0004281252
152.7	0.0004796115
152.8	0.0004301634
152.9	0.00043308029999999996
153.0	0.00040979060000000003
153.1	0.000399543
153.2	0.0004388682
153.3	0.0004061563
153.4	0.0004163503
153.5	0.0003870488
153.6	0.0003811696
153.7	0.0003623397
153.8	0.00039874
153.9	0.00044047970000000004
154.0	0.0004050378000000001
154.1	0.0003978838
154.2	0.0003928605
154.3	0.00042101859999999993
154.4	0.0003967341
154.5	0.0003482806
154.6	0.00040786119999999994
154.7	0.0004130084
154.8	0.00041783989999999996
154.9	0.0003867254
155.0	0.0004605364
155.1	0.0003790784
155.2	0.00041820979999999995
155.3	0.00040248270000000004
155.4	0.0003869573
155.5	0.00036291859999999993
155.6	0.00040878679999999996
155.7	0.0003998668
155.8	0.0003947432
155.9	0.00041620329999999997
156.0	0.00034987729999999995
156.1	0.00043941579999999997
156.2	0.0003881686
156.3	0.00039745949999999997
156.4	0.00046126960000000003
156.5	0.00046363789999999996
156.6	0.0004675744
156.7	0.0003808215999999999
156.8	0.0003796645
156.9	0.0004208562
157.0	0.0003746484000000001
157.1	0.00044802770000000006
157.2	0.000422608
157.3	0.00038977299999999994
157.4	0.00037345240000000006
157.5	0.00038606200000000006
157.6	0.0004093812
157.7	0.00042650530000000003
157.8	0.00048202769999999997
157.9	0.00040056900000000003
158.0	0.0004196685
158.1	0.0003610137
158.2	0.00038960359999999996
158.3	0.0003609051
158.4	0.00032610250000000005
158.5	0.00033612690000000005
158.6	0.0003646322
158.7	0.0003188103
158.8	0.0002455163
158.9	0.00026275530000000004
159.0	0.0003990186
159.1	0.00036956380000000005
159.2	0.0003491365
159.3	0.00040267629999999997
159.4	0.00037332140000000005
159.5	0.0004124068
159.6	0.00036248639999999995
159.7	0.00037366870000000004
159.8	0.00035340439999999995
159.9	0.00036866830000000005
160.0	0.00034291689999999995
160.1	0.0003614991
160.2	0.0004084554
160.3	0.00042615089999999996
160.4	0.00042068650000000004
160.5	0.0003629968
160.6	0.00039167140000000004
160.7	0.00037946439999999996
160.8	0.00037467219999999995
160.9	0.00042871330000000005
161.0	0.00039711220000000004
161.1	0.00038378550000000005
161.2	0.0003800812
161.3	0.0003835922
161.4	0.00037321370000000003
161.5	0.0003697563
161.6	0.0004346935
161.7	0.000370567
161.8	0.0003399391000000001
161.9	0.0004094588
162.0	0.00042740039999999995
162.1	0.0003475937
162.2	0.00039870159999999994
162.3	0.00045557450000000005
162.4	0.0004265671
162.5	0.0003562362
162.6	0.00035443830000000005
162.7	0.00040972179999999994
162.8	0.00038693379999999995
162.9	0.0004460678
163.0	0.0003782835
163.1	0.0003727735
163.2	0.0003916486
163.3	0.0003547006
163.4	0.0003562902
163.5	0.00042396659999999995
163.6	0.00042575659999999994
163.7	0.00040061550000000006
163.8	0.0003809686
163.9	0.00039477420000000004
164.0	0.00038920219999999996
164.1	0.0003741863
164.2	0.00042091810000000003
164.3	0.0003972433
164.4	0.0003956149
164.5	0.00039670369999999995
164.6	0.00039989730000000007
164.7	0.00040113990000000005
164.8	0.0004722579
164.9	0.00042119680000000004
165.0	0.0004005458
165.1	0.0003627646
165.2	0.00040326260000000003
165.3	0.00042021630000000005
165.4	0.0004341448
165.5	0.0004066809
165.6	0.000383646
165.7	0.000412476
165.8	0.00040289229999999996
165.9	0.00037468759999999995
166.0	0.0003949122
166.1	0.0003845803
166.2	0.0004108174
166.3	0.0004137031
166.4	0.00041493000000000004
166.5	0.00037459490000000005
166.6	0.00036392969999999995
166.7	0.00039415610000000003
166.8	0.00047180240000000003
166.9	0.00040787719999999997
167.0	0.00040488260000000006
167.1	0.0004113879000000001
167.2	0.00042547939999999996
167.3	0.00040957520000000004
167.4	0.0004001067
167.5	0.00042365
167.6	0.0003794024
167.7	0.0003527098
167.8	0.00042751600000000007
167.9	0.00041344170000000004
168.0	0.0004450022
168.1	0.0003913706
168.2	0.00040384920000000003
168.3	0.00043331900000000004
168.4	0.000364764
168.5	0.0004314976
168.6	0.000418534
168.7	0.00041320189999999996
168.8	0.0004089882
168.9	0.00037873090000000006
169.0	0.0003911467
169.1	0.0004208333
169.2	0.00038424879999999996
169.3	0.0003899433
169.4	0.00039492069999999996
169.5	0.0004062018
169.6	0.00041377300000000004
169.7	0.0003447150999999999
169.8	0.0003262105
169.9	0.0003062167
170.0	0.00030279799999999996
170.1	0.00022712779999999998
170.2	0.00021055219999999999
170.3	0.0001777552
170.4	0.00021287440000000008
170.5	0.00020074410000000002
170.6	0.0001716901000000001
170.7	0.00016283910000000005
170.8	0.00015820989999999996
170.9	0.00034865130000000005
171.0	0.00016402720000000003
171.1	0.00018881410000000007
171.2	0.0003794711
171.3	0.00043116660000000007
171.4	0.00038817679999999995
171.5	0.0004092969
171.6	0.0003833988
171.7	0.0003701658
171.8	0.00039424079999999997
171.9	0.00040970579999999996
172.0	0.00040694310000000003
172.1	0.0004109866
172.2	0.00037706420000000005
172.3	0.0004710001
172.4	0.0004119051
172.5	0.00039311479999999997
172.6	0.00041232169999999997
172.7	0.0003954601
172.8	0.00040124060000000007
172.9	0.00047755909999999994
173.0	0.00042900550000000005
173.1	0.0003997901
173.2	0.00042271679999999996
173.3	0.00047083829999999995
173.4	0.000418781
173.5	0.0004235807
173.6	0.00039204210000000003
173.7	0.00038420139999999995
173.8	0.00036970940000000005
173.9	0.0004546791
174.0	0.00039668019999999996
174.1	0.00043037919999999995
174.2	0.00042262390000000004
174.3	0.0003933618
174.4	0.000365821
174.5	0.00043770229999999993
174.6	0.00043578089999999996
174.7	0.00038887840000000003
174.8	0.000418688
174.9	0.00039215759999999995
175.0	0.00044398340000000004
175.1	0.00044379129999999996
175.2	0.00041252210000000005
175.3	0.0003883993
175.4	0.00041287740000000005
175.5	0.0003983164
175.6	0.0004453265
175.7	0.000451677
175.8	0.0004396552
175.9	0.00042270120000000006
176.0	0.0004069666
176.1	0.0004325858
176.2	0.00043196109999999995
176.3	0.0004209723
176.4	0.0003999369
176.5	0.000435727
176.6	0.00037854540000000007
176.7	0.00040415760000000003
176.8	0.0004029768
176.9	0.00041205150000000004
177.0	0.00042603500000000006
177.1	0.0004383278
177.2	0.0003963407
177.3	0.00044007160000000004
177.4	0.00043394410000000005
177.5	0.0004228712
177.6	0.00043240019999999995
177.7	0.00040413440000000003
177.8	0.0004159252999999999
177.9	0.00042462270000000006
178.0	0.0004236274
178.1	0.00038578390000000004
178.2	0.0004074525
178.3	0.000459695
178.4	0.000465066
178.5	0.00043402950000000006
178.6	0.00042408949999999995
178.7	0.00040551609999999995
178.8	0.00041381169999999995
178.9	0.00036643759999999994
179.0	0.0004117663
179.1	0.00044529570000000003
179.2	0.0004368612
179.3	0.00040962860000000003
179.4	0.00041884200000000005
179.5	0.00038653219999999994
179.6	0.00040863280000000003
179.7	0.00041297819999999995
179.8	0.0004259808
179.9	0.00043779539999999997
180.0	0.00043764069999999996
180.1	0.00040614879999999995
180.2	0.000413209
180.3	0.00040973690000000004
180.4	0.00037403139999999996
180.5	0.00037439379999999994
180.6	0.000382967
180.7	0.000447927
180.8	0.00039750589999999996
180.9	0.0004220837
181.0	0.00041139599999999996
181.1	0.00042414319999999994
181.2	0.00036857549999999995
181.3	0.00033241489999999993
181.4	0.00036379109999999995
181.5	0.00036622959999999997
181.6	0.0003842176
181.7	0.00036166900000000006
181.8	0.0003281858
181.9	0.0003874899
182.0	0.0003823114
182.1	0.00038768989999999996
182.2	0.000449872
182.3	0.0004006157
182.4	0.00040532310000000006
182.5	0.00041721470000000003
182.6	0.00040746819999999993
182.7	0.00038783590000000004
182.8	0.000398385
182.9	0.00043726189999999997
183.0	0.00039259009999999993
183.1	0.0004135799
183.2	0.00038866259999999995
183.3	0.0004360965
183.4	0.0003971579
183.5	0.00041379549999999996
183.6	0.00035885210000000003
183.7	0.00038413989999999996
183.8	0.00040465919999999994
183.9	0.00044083560000000003
184.0	0.00040524539999999996
184.1	0.0003977443
184.2	0.0004400555
184.3	0.0004138889
184.4	0.0004159337
184.5	0.00040213570000000005
184.6	0.00037894649999999997
184.7	0.0004205176
184.8	0.00042037809999999993
184.9	0.0004183258
185.0	0.00041895880000000004
185.1	0.00040338540000000006
185.2	0.0004398708
185.3	0.0004388448
185.4	0.00044484090000000004
185.5	0.0004174001
185.6	0.00042726889999999994
185.7	0.0003875665
185.8	0.0004326938
185.9	0.0003753661
186.0	0.0004890802999999999
186.1	0.00042380419999999997
186.2	0.00042109520000000003
186.3	0.00040313899999999995
186.4	0.0004256485
186.5	0.00043338850000000005
186.6	0.0003809607
186.7	0.00040932760000000006
186.8	0.0004167049
186.9	0.0003941258
187.0	0.00042222319999999996
187.1	0.0003554576
187.2	0.0004553508
187.3	0.0003801119
187.4	0.0004064491
187.5	0.0004015954
187.6	0.0004203554
187.7	0.000423334
187.8	0.0003989718
187.9	0.000398964
188.0	0.0004191975
188.1	0.0004495548
188.2	0.00041889639999999996
188.3	0.0004118593
188.4	0.0003550171
188.5	0.0003989875
188.6	0.00046407820000000005
188.7	0.0003762459
188.8	0.00040702090000000005
188.9	0.00036674639999999996
189.0	0.0003865322
189.1	0.00041479129999999996
189.2	0.00041550890000000007
189.3	0.00041218290000000007
189.4	0.0003938326
189.5	0.0003730438
189.6	0.00037995020000000006
189.7	0.0004018423
189.8	0.0004203471
189.9	0.0004247924
190.0	0.00037669350000000006
190.1	0.00040341640000000006
190.2	0.000374294
190.3	0.0004030387
190.4	0.00043125819999999997
190.5	0.0004140663
190.6	0.00039776819999999996
190.7	0.0003846344
190.8	0.00040905819999999997
190.9	0.00037204839999999996
191.0	0.00037447049999999996
191.1	0.0003832911
191.2	0.0003864777
191.3	0.0004418843
191.4	0.00039947360000000006
191.5	0.0004117666
191.6	0.0003614919
191.7	0.00039771399999999997
191.8	0.00040023019999999997
191.9	0.0004274858
192.0	0.0004067888
192.1	0.0004015026
192.2	0.0004156934
192.3	0.0004348858
192.4	0.00044014840000000004
192.5	0.00040497579999999997
192.6	0.000385514
192.7	0.0004350866
192.8	0.00037549039999999994
192.9	0.00035761010000000005
193.0	0.0004135102
193.1	0.00035344999999999994
193.2	0.0003505417
193.3	0.0003872271
193.4	0.00035178380000000005
193.5	0.00040669610000000004
193.6	0.0003835692
193.7	0.00040399520000000005
193.8	0.00041126490000000003
193.9	0.0003927444000000001
194.0	0.0003731284
194.1	0.0004260501
194.2	0.0004156241
194.3	0.0004516082
194.4	0.0003750654
194.5	0.0003740237
194.6	0.0003700731
194.7	0.0003791395
194.8	0.0003733758
194.9	0.0004041886
195.0	0.0004110641
195.1	0.0004478344
195.2	0.00039782200000000004
195.3	0.00042786349999999996
195.4	0.00039126300000000004
195.5	0.00046167770000000004
195.6	0.0004319613
195.7	0.00042218329999999996
195.8	0.0004068744
195.9	0.00041181990000000004
196.0	0.00036914589999999996
196.1	0.00037176259999999997
196.2	0.00039036759999999996
196.3	0.00038825320000000004
196.4	0.0003969419
196.5	0.00037297430000000003
196.6	0.00043562630000000004
196.7	0.00035688500000000004
196.8	0.000360195
196.9	0.00040174959999999995
197.0	0.0003866788
197.1	0.0004235654
197.2	0.0004078536
197.3	0.00041690540000000005
197.4	0.00038334479999999993
197.5	0.00039600069999999994
197.6	0.0003980771
197.7	0.0003803207
197.8	0.00038109970000000005
197.9	0.00041970699999999996
198.0	0.0004237428
198.1	0.0004079931
198.2	0.00042800160000000005
198.3	0.0004016035
198.4	0.00038142449999999995
198.5	0.0004032627
198.6	0.00041753090000000003
198.7	0.00040189679999999995
198.8	0.0003801124
198.9	0.00039177280000000003
199.0	0.00037227969999999996
199.1	0.00038715
199.2	0.0003852986
199.3	0.0003667702
199.4	0.0003807912000000001
199.5	0.00042943789999999994
199.6	0.00038420219999999995
199.7	0.00037815230000000003
199.8	0.00038638580000000005
199.9	0.00041982239999999995
200.0	0.00035142179999999993
200.1	0.00040116370000000003
200.2	0.00042950770000000006
200.3	0.00043478569999999995
200.4	0.000450713
200.5	0.00035380540000000003
200.6	0.00040972949999999996
200.7	0.00037412350000000003
200.8	0.0004262735
200.9	0.0004143364
201.0	0.0004259187
201.1	0.0004000133999999999
201.2	0.00038992
201.3	0.00042001559999999997
201.4	0.00043680710000000003
201.5	0.0004415142
201.6	0.0004136804
201.7	0.00043167570000000004
201.8	0.00040575510000000003
201.9	0.0003742557
202.0	0.00032530739999999997
202.1	0.0003799802
202.2	0.00036664630000000003
202.3	0.00037062849999999997
202.4	0.0003610436
202.5	0.00040757540000000006
202.6	0.00034668329999999997
202.7	0.00039696580000000005
202.8	0.0004386515
202.9	0.00038946450000000007
203.0	0.0003676419
203.1	0.00043990139999999995
203.2	0.00042243879999999997
203.3	0.0004069507
203.4	0.00039238170000000005
203.5	0.00040841780000000006
203.6	0.00040482180000000003
203.7	0.00041424299999999996
203.8	0.00038688739999999996
203.9	0.000434299
204.0	0.00042910599999999995
204.1	0.0004099064
204.2	0.00041492279999999997
204.3	0.00040466680000000003
204.4	0.00038992
204.5	0.00041944469999999996
204.6	0.00039211140000000003
204.7	0.00046436310000000006
204.8	0.0004136644
204.9	0.00037682449999999995
205.0	0.0003767556
205.1	0.000428141
205.2	0.0003855985
205.3	0.0004277163
205.4	0.00043071909999999996
205.5	0.0004287583
205.6	0.0004202478
205.7	0.0004456734
205.8	0.0004078693
205.9	0.0004211806
206.0	0.00041148880000000006
206.1	0.00038569129999999996
206.2	0.000405801
206.3	0.0004027141
206.4	0.00036719450000000006
206.5	0.00043259329999999994
206.6	0.00047344679999999993
206.7	0.0003744171
206.8	0.0004001146
206.9	0.0004097757
207.0	0.0004534522
207.1	0.0004421549
207.2	0.0004238433000000001
207.3	0.0004522565
207.4	0.0003934929
207.5	0.00039106940000000005
207.6	0.00041901240000000005
207.7	0.00040837839999999996
207.8	0.00043382029999999996
207.9	0.0004914192
208.0	0.00044214680000000003
208.1	0.00041204409999999995
208.2	0.00037498890000000007
208.3	0.000390237
208.4	0.00043986259999999994
208.5	0.0004206328
208.6	0.0003898818
208.7	0.0003984473
208.8	0.00039487420000000004
208.9	0.0004309572999999999
209.0	0.00041630390000000006
209.1	0.00040281480000000004
209.2	0.00045786660000000007
209.3	0.0004103545
209.4	0.0003597706
209.5	0.0004316373
209.6	0.0004277703
209.7	0.0004434897
209.8	0.0004457976
209.9	0.00043548009999999995
210.0	0.000432748
210.1	0.0004107864
210.2	0.00044889139999999996
210.3	0.00040446650000000003
210.4	0.00042023190000000006
210.5	0.00042654389999999997
210.6	0.0004182639
210.7	0.0004190591
210.8	0.00041854140000000006
210.9	0.00044392929999999996
211.0	0.000448915
211.1	0.00046296670000000006
211.2	0.0003828743
211.3	0.00041763110000000005
211.4	0.00038380899999999993
211.5	0.0004225623
211.6	0.00041345639999999995
211.7	0.00042570300000000004
211.8	0.0003956843
211.9	0.0003992417
212.0	0.00043877470000000003
212.1	0.00043078889999999996
212.2	0.0004041802
212.3	0.0004661005
212.4	0.0004300467
212.5	0.0004143972
212.6	0.00039700470000000003
212.7	0.00044785760000000006
212.8	0.0004005465
212.9	0.00041477540000000007
213.0	0.00042685320000000006
213.1	0.0004204478
213.2	0.0004221991
213.3	0.00042114969999999997
213.4	0.00040070009999999996
213.5	0.0004083402
213.6	0.00038175570000000003
213.7	0.00041582580000000004
213.8	0.0003964334
213.9	0.00039975909999999994
214.0	0.0004092894
214.1	0.00039317649999999997
214.2	0.00036382980000000003
214.3	0.00039999109999999997
214.4	0.0004230867
214.5	0.0004341527
214.6	0.00041139599999999996
214.7	0.00043595809999999994
214.8	0.000433736
214.9	0.0004269759
215.0	0.0004235183
215.1	0.0004509128
215.2	0.00040614789999999997
215.3	0.00042419020000000003
215.4	0.00042585649999999996
215.5	0.00041638079999999994
215.6	0.0004327252
215.7	0.0004371854
215.8	0.00039887150000000003
215.9	0.0004226545
216.0	0.0004510912
216.1	0.00038349230000000003
216.2	0.00041501530000000007
216.3	0.0004328103
216.4	0.0004093124
216.5	0.00047867020000000006
216.6	0.0004315444
216.7	0.00038762810000000003
216.8	0.0004262348
216.9	0.0004786783
217.0	0.0004513837
217.1	0.00046000420000000004
217.2	0.00040813939999999994
217.3	0.00035547280000000007
217.4	0.0003962555
217.5	0.00041909710000000004
217.6	0.0004520631
217.7	0.00041263780000000004
217.8	0.00043475449999999993
217.9	0.0003936393
218.0	0.0004133946
218.1	0.00042055560000000007
218.2	0.0004431276
218.3	0.0004491076
218.4	0.00042828829999999997
218.5	0.00039874020000000004
218.6	0.00044559669999999995
218.7	0.0004600117
218.8	0.0003924358
218.9	0.00040884140000000004
219.0	0.0003899582999999999
219.1	0.0004269679
219.2	0.0004377946
219.3	0.000415486
219.4	0.0004430497
219.5	0.0005078238
219.6	0.0004054538
219.7	0.00040242859999999996
219.8	0.0004184027
219.9	0.0003875056
220.0	0.00044115129999999997
220.1	0.0004466769
220.2	0.0004230329
220.3	0.00043370500000000005
220.4	0.0004236043
220.5	0.00043824249999999994
220.6	0.0003913478
220.7	0.0004853687
220.8	0.0004080776
220.9	0.0004548181
221.0	0.00041192039999999995
221.1	0.00042017730000000003
221.2	0.00042398200000000005
221.3	0.00043188399999999995
221.4	0.00043476239999999997
221.5	0.0003942488
221.6	0.00040285340000000003
221.7	0.000470174
221.8	0.0004127922
221.9	0.00041662020000000005
222.0	0.00040745989999999997
222.1	0.00039387130000000006
222.2	0.0004349785
222.3	0.000424661
222.4	0.00037423160000000003
222.5	0.0003772178
222.6	0.0004275776
222.7	0.0004405805
222.8	0.0004185186
222.9	0.00038763569999999997
223.0	0.00038910149999999994
223.1	0.00034562570000000003
223.2	0.00033314779999999995
223.3	0.0004546943999999999
223.4	0.00039968219999999996
223.5	0.0004058705
223.6	0.00042655140000000003
223.7	0.0004129388
223.8	0.00039154809999999995
223.9	0.00040214379999999994
224.0	0.0004050217
224.1	0.00043541820000000004
224.2	0.00039130160000000003
224.3	0.0004156092
224.4	0.000421204
224.5	0.00042209140000000006
224.6	0.00042766299999999995
224.7	0.0004536064
224.8	0.0004351635
224.9	0.0003705049
225.0	0.00043009380000000005
225.1	0.000408232
225.2	0.0004203245
225.3	0.0003776042
225.4	0.00044632149999999997
225.5	0.00041216010000000005
225.6	0.00043798000000000003
225.7	0.0004089958
225.8	0.000370968
225.9	0.00042446050000000005
226.0	0.000421567
226.1	0.00039123939999999996
226.2	0.00040557710000000004
226.3	0.00042379749999999996
226.4	0.0004146604
226.5	0.0004543239
226.6	0.000410146
226.7	0.0004257724
226.8	0.00040083929999999994
226.9	0.00042811009999999997
227.0	0.00044265670000000006
227.1	0.0004615312
227.2	0.0004145827
227.3	0.0004117733
227.4	0.00041812450000000003
227.5	0.0004265209
227.6	0.00038487330000000003
227.7	0.00045163839999999995
227.8	0.0004040342
227.9	0.0004006384
228.0	0.00044663840000000004
228.1	0.0004175695
228.2	0.000410439
228.3	0.00043609
228.4	0.00041526229999999995
228.5	0.0004025833
228.6	0.00041348700000000003
228.7	0.00038660230000000004
228.8	0.00045575979999999997
228.9	0.0004055853
229.0	0.00042350399999999995
229.1	0.00044176139999999996
229.2	0.0004164118
229.3	0.00041418980000000003
229.4	0.0003842253
229.5	0.00044524100000000003
229.6	0.0004643789
229.7	0.00041886559999999997
229.8	0.00042388129999999997
229.9	0.00042862730000000005
230.0	0.00043531010000000004
230.1	0.0004109483
230.2	0.0004240516
230.3	0.0004160262
230.4	0.0004364597
230.5	0.00042240019999999993
230.6	0.0004005159
230.7	0.00043120529999999993
230.8	0.0004402411
230.9	0.0004639553
231.0	0.0004219911
231.1	0.00041077060000000007
231.2	0.00044087430000000006
231.3	0.00043935350000000003
231.4	0.0004001834
231.5	0.00044027940000000005
231.6	0.00042162009999999997
231.7	0.00046941059999999995
231.8	0.00039238179999999997
231.9	0.00040374869999999997
232.0	0.0004318917
232.1	0.0004373779
232.2	0.0004335745
232.3	0.00041885870000000006
232.4	0.00039768299999999997
232.5	0.00043580369999999993
232.6	0.00044913909999999996
232.7	0.0004072063
232.8	0.00045058930000000004
232.9	0.0004662078
233.0	0.00040987570000000005
233.1	0.0004160873
233.2	0.0004187577
233.3	0.0004310434
233.4	0.0004022822
233.5	0.00040175050000000004
233.6	0.0004093812
233.7	0.0003910011
233.8	0.00039675709999999995
233.9	0.0003632661
234.0	0.000402344
234.1	0.00042577200000000004
234.2	0.00040276860000000006
234.3	0.0003146975
234.4	0.00036991869999999997
234.5	0.0003849967
234.6	0.00036712459999999996
234.7	0.00043055710000000007
234.8	0.00046102229999999994
234.9	0.00041924390000000006
235.0	0.00045370710000000006
235.1	0.00042500810000000003
235.2	0.00043523290000000006
235.3	0.00047319960000000004
235.4	0.00042900550000000005
235.5	0.000407345
235.6	0.0004150077
235.7	0.00041699019999999996
235.8	0.00043892949999999997
235.9	0.00041561669999999997
236.0	0.0004380574
236.1	0.00043203869999999995
236.2	0.0003645862
236.3	0.0004090729
236.4	0.0004006621
236.5	0.000376995
236.6	0.0004274471
236.7	0.00045759619999999996
236.8	0.00041418880000000007
236.9	0.0003861312
237.0	0.00043928459999999995
237.1	0.00035889839999999994
237.2	0.00042079480000000005
237.3	0.00044974800000000003
237.4	0.00044446169999999997
237.5	0.0003684053
237.6	0.00042420559999999997
237.7	0.00039218060000000004
237.8	0.00042427510000000003
237.9	0.00044808140000000005
238.0	0.0004153391
238.1	0.0004005924
238.2	0.0003885542
238.3	0.0004182562
238.4	0.00046496569999999993
238.5	0.0004264435
238.6	0.0004257261
238.7	0.00045533450000000006
238.8	0.00042763189999999997
238.9	0.0004027686
239.0	0.0004083634
239.1	0.00043565739999999997
239.2	0.0004036792
239.3	0.00044863700000000005
239.4	0.00039532989999999996
239.5	0.0004186726
239.6	0.00042276319999999995
239.7	0.00042434480000000006
239.8	0.00043605849999999997
239.9	0.00043989389999999994
240.0	0.0004385902
240.1	0.00043824230000000003
240.2	0.00041593359999999994
240.3	0.00045542040000000003
240.4	0.0004421243
240.5	0.00043023219999999997
240.6	0.00045009520000000003
240.7	0.00041581
240.8	0.0004222222
240.9	0.00043095789999999997
241.0	0.0004108014
241.1	0.0004392223
241.2	0.00043271760000000004
241.3	0.00045856790000000004
241.4	0.0004391760999999999
241.5	0.00040391080000000006
241.6	0.0003825586
241.7	0.0004359589
241.8	0.00039059899999999994
241.9	0.00042087949999999993
242.0	0.00045432389999999995
242.1	0.0004285964
242.2	0.00039918740000000004
242.3	0.00043353490000000005
242.4	0.0004236042
242.5	0.0004012024
242.6	0.00037180890000000004
242.7	0.00042977730000000005
242.8	0.0004241288
242.9	0.0004604211
243.0	0.00041996949999999997
243.1	0.00044697760000000003
243.2	0.0004343766
243.3	0.00043554920000000004
243.4	0.00042097959999999997
243.5	0.00041440570000000004
243.6	0.0004045208
243.7	0.00042042409999999995
243.8	0.00043101150000000003
243.9	0.00043034080000000003
244.0	0.00040139490000000005
244.1	0.00036013349999999996
244.2	0.00042926070000000007
244.3	0.00040044540000000006
244.4	0.0004839174
244.5	0.00040096270000000006
244.6	0.00044105949999999995
244.7	0.00043622029999999996
244.8	0.00042765490000000006
244.9	0.0004628284
245.0	0.00041001400000000005
245.1	0.00045217130000000007
245.2	0.00046170939999999995
245.3	0.00042692140000000006
245.4	0.0003885849
245.5	0.00041763050000000006
245.6	0.0004593251
245.7	0.00042203030000000004
245.8	0.00041280840000000005
245.9	0.000407244
246.0	0.00036449350000000003
246.1	0.00044231700000000007
246.2	0.00040113210000000004
246.3	0.00047302199999999997
246.4	0.0004244141
246.5	0.00042949949999999997
246.6	0.0004119209
246.7	0.0004231568
246.8	0.00039746739999999995
246.9	0.00041878049999999995
247.0	0.00045565160000000005
247.1	0.000435017
247.2	0.0004267062
247.3	0.00045927840000000006
247.4	0.0004496941
247.5	0.00043258639999999997
247.6	0.00044088170000000003
247.7	0.00043617460000000004
247.8	0.00043366600000000003
247.9	0.0004462989
248.0	0.000454802
248.1	0.00041064719999999995
248.2	0.00044241729999999996
248.3	0.0004413519
248.4	0.00046464149999999997
248.5	0.0004378567
248.6	0.0004424092
248.7	0.0004482817
248.8	0.0004083169
248.9	0.0004204863
249.0	0.00042304009999999994
249.1	0.0004235498
249.2	0.00044046440000000003
249.3	0.0004483515
249.4	0.0004386437
249.5	0.0004705295
249.6	0.00038418630000000006
249.7	0.00043345780000000005
249.8	0.00042075619999999995
249.9	0.00038971209999999994
250.0	0.0004158564
250.1	0.0004203558
250.2	0.00047235820000000005
250.3	0.00046826859999999997
250.4	0.0004710541
250.5	0.0004250855
250.6	0.00041807909999999995
250.7	0.00044519530000000006
250.8	0.0004438374
250.9	0.00046667130000000004
251.0	0.0003728357
251.1	0.00043832809999999996
251.2	0.00043389059999999997
251.3	0.0004253871
251.4	0.00038079839999999993
251.5	0.000465645
251.6	0.000432833
251.7	0.00041702830000000005
251.8	0.000482961
251.9	0.0004232487
252.0	0.0004213731
252.1	0.00046784420000000004
252.2	0.0004300244
252.3	0.00047527539999999997
252.4	0.00044430829999999997
252.5	0.0004340825
252.6	0.00045427
252.7	0.0004269914
252.8	0.0004677902
252.9	0.0003997131
253.0	0.00047620860000000003
253.1	0.00044578220000000005
253.2	0.00043193040000000005
253.3	0.00044970970000000004
253.4	0.00041531590000000007
253.5	0.00045595250000000004
253.6	0.0004269676
253.7	0.0004216051
253.8	0.0004401956
253.9	0.00043673770000000005
254.0	0.00044009490000000007
254.1	0.0004195529
254.2	0.00042871999999999995
254.3	0.0004171991
254.4	0.00037599910000000005
254.5	0.0003677649
254.6	0.00044432319999999995
254.7	0.0003982768
254.8	0.00040739880000000006
254.9	0.00040434300000000004
255.0	0.0003817631
255.1	0.0003028369
255.2	0.00034311840000000003
255.3	0.00034291689999999995
255.4	0.000299557
255.5	0.0003308101999999999
255.6	0.00037978759999999996
255.7	0.00039860119999999996
255.8	0.00038580710000000004
255.9	0.00041585669999999995
256.0	0.00020073629999999996
256.1	0.0004655984
256.2	0.0004740791
256.3	0.0004467078
256.4	0.0004138726
256.5	0.00041794010000000003
256.6	0.0004225778
256.7	0.00038282079999999997
256.8	0.000412962
256.9	0.0004428028
257.0	0.00041436649999999995
257.1	0.0004291367
257.2	0.0004281183
257.3	0.0005101403000000001
257.4	0.0003982149
257.5	0.0003911705
257.6	0.0003968734
257.7	0.00039275169999999996
257.8	0.00040976760000000005
257.9	0.00040634929999999996
258.0	0.0004341448
258.1	0.000410385
258.2	0.00043862019999999993
258.3	0.00044444659999999997
258.4	0.0004165893
258.5	0.00042638969999999997
258.6	0.0004483984
258.7	0.0004212194
258.8	0.0004614467
258.9	0.00041266940000000003
259.0	0.00044109770000000007
259.1	0.0004002144
259.2	0.00046435609999999995
259.3	0.0004460985
259.4	0.00043091120000000004
259.5	0.0004268984
259.6	0.00041261540000000005
259.7	0.00042905189999999994
259.8	0.00041496139999999996
259.9	0.00048527610000000007
260.0	0.00041536229999999995
260.1	0.0004355805
260.2	0.00043486269999999997
260.3	0.00039789930000000005
260.4	0.00044313520000000006
260.5	0.00046301350000000003
260.6	0.0004169982
260.7	0.0004447014
260.8	0.000442379
260.9	0.0003821107
261.0	0.00045403100000000003
261.1	0.0004129155
261.2	0.00043314199999999997
261.3	0.00044960959999999994
261.4	0.00039185780000000007
261.5	0.0004480194
261.6	0.0004394149
261.7	0.0004130392
261.8	0.00044048079999999993
261.9	0.00044966379999999994
262.0	0.0003995966
262.1	0.00042672939999999996
262.2	0.0004301394
262.3	0.0004153546
262.4	0.0004364749
262.5	0.0004346156999999999
262.6	0.00044906100000000006
262.7	0.0004106005
262.8	0.00041265339999999994
262.9	0.0004491228
263.0	0.00041997679999999997
263.1	0.0004539466
263.2	0.0004463994
263.3	0.0004195136
263.4	0.0004635225
263.5	0.00045092900000000003
263.6	0.0004094286
263.7	0.0004448945
263.8	0.000468886
263.9	0.00044300350000000004
264.0	0.0004805308
264.1	0.00039652589999999993
264.2	0.00040980609999999995
264.3	0.0004275009
264.4	0.0004426259
264.5	0.00044855959999999995
264.6	0.00045220969999999993
264.7	0.00044051860000000003
264.8	0.0004341906
264.9	0.00044315840000000006
265.0	0.00045575190000000004
265.1	0.0004708383
265.2	0.00045138370000000005
265.3	0.000422485
265.4	0.0004337353
265.5	0.000439909
265.6	0.00044967900000000003
265.7	0.0004918279999999999
265.8	0.0004554436
265.9	0.00043177610000000007
266.0	0.0004532981
266.1	0.00042520890000000003
266.2	0.0004214891
266.3	0.0003931072
266.4	0.00037483429999999994
266.5	0.00043795710000000003
266.6	0.0003801273
266.7	0.00033272399999999995
266.8	0.0004288048
266.9	0.00039965810000000004
267.0	0.0003709755
267.1	0.00043371999999999996
267.2	0.0004599345
267.3	0.00042534020000000003
267.4	0.0004303331
267.5	0.00044144540000000003
267.6	0.000432602
267.7	0.00042720780000000003
267.8	0.00041414249999999995
267.9	0.00042733060000000006
268.0	0.000401773
268.1	0.0004492235
268.2	0.0004602049
268.3	0.0005004860000000001
268.4	0.000414436
268.5	0.0004492699
268.6	0.00048527620000000005
268.7	0.0004415064
268.8	0.00043270190000000005
268.9	0.0003736919
269.0	0.0004367446
269.1	0.0004364832
269.2	0.00047212670000000003
269.3	0.00042875810000000004
269.4	0.0004508748
269.5	0.00039956569999999997
269.6	0.0004192284
269.7	0.000465722
269.8	0.0004599802
269.9	0.0004305027
270.0	0.0004942971
270.1	0.0004691942
270.2	0.000425625
270.3	0.00047939559999999996
270.4	0.00043835069999999997
270.5	0.00042957620000000005
270.6	0.0003982775
270.7	0.0004678517
270.8	0.00043684530000000004
270.9	0.0004488064
271.0	0.0004545017
271.1	0.000527834
271.2	0.00043449229999999997
271.3	0.0004383192
271.4	0.0004028223
271.5	0.00048341650000000003
271.6	0.00041059360000000005
271.7	0.00044934670000000007
271.8	0.0004433127
271.9	0.0004734076
272.0	0.00043380529999999994
272.1	0.0004334425
272.2	0.0004430113
272.3	0.00042236910000000006
272.4	0.0004739637
272.5	0.0004151464
272.6	0.0004535369
272.7	0.00045792049999999996
272.8	0.0004385662
272.9	0.0004036016
273.0	0.00045248010000000004
273.1	0.0004461755
273.2	0.0004787245
273.3	0.0004554894
273.4	0.00046447190000000003
273.5	0.00043517139999999996
273.6	0.0004508825
273.7	0.0004611459
273.8	0.00045327500000000005
273.9	0.0004622185
274.0	0.00045203210000000003
274.1	0.0004444542
274.2	0.0004296462
274.3	0.0004744107
274.4	0.00047473569999999997
274.5	0.0004597568
274.6	0.00042688319999999993
274.7	0.0004963960000000001
274.8	0.0004278718
274.9	0.00045043479999999994
275.0	0.00041849519999999997
275.1	0.00044692420000000003
275.2	0.00047502089999999997
275.3	0.0004384433
275.4	0.0004812401
275.5	0.0004425336
275.6	0.00045077440000000006
275.7	0.00044151420000000007
275.8	0.00042664430000000005
275.9	0.00046531270000000003
276.0	0.0004452956
276.1	0.00044377499999999993
276.2	0.00046941039999999994
276.3	0.0005188666
276.4	0.0004545021
276.5	0.0004396472
276.6	0.00042602709999999997
276.7	0.00042022399999999997
276.8	0.0004375093
276.9	0.00039090030000000006
277.0	0.00043645160000000007
277.1	0.00044223189999999994
277.2	0.0004523408
277.3	0.000399335
277.4	0.00047812219999999995
277.5	0.00043393679999999995
277.6	0.0004160029
277.7	0.0004823897
277.8	0.0004510523
277.9	0.0004434749
278.0	0.0004368765
278.1	0.0004303714
278.2	0.00046220310000000004
278.3	0.0004550573
278.4	0.000454062
278.5	0.0004909712
278.6	0.00042282400000000003
278.7	0.00044483269999999995
278.8	0.0004326324
278.9	0.0004513534
279.0	0.0004217598
279.1	0.0004251318
279.2	0.0004436056
279.3	0.0004659373
279.4	0.00044778080000000005
279.5	0.00045417019999999996
279.6	0.00045354470000000003
279.7	0.00042040160000000003
279.8	0.0004349699
279.9	0.00045518850000000004
280.0	0.0004616013
280.1	0.00044734829999999997
280.2	0.0004659917
280.3	0.00044068910000000006
280.4	0.0004423786
280.5	0.0004646415
280.6	0.0004452108
280.7	0.0004257019
280.8	0.0004806851
280.9	0.0004842261
281.0	0.00044372909999999995
281.1	0.0005035266
281.2	0.0004735852
281.3	0.0004244216
281.4	0.0004099527
281.5	0.0004399401
281.6	0.00047283719999999995
281.7	0.0004433897
281.8	0.00041932859999999994
281.9	0.00045454019999999993
282.0	0.0004429645
282.1	0.00042302480000000004
282.2	0.0004539228
282.3	0.0004317525
282.4	0.0004882242
282.5	0.00044176170000000006
282.6	0.00048144090000000006
282.7	0.00045972499999999997
282.8	0.00046157770000000004
282.9	0.00048506020000000006
283.0	0.000433697
283.1	0.0004566934
283.2	0.0004834318
283.3	0.00040578539999999995
283.4	0.0004115503
283.5	0.0004449566
283.6	0.00044068069999999996
283.7	0.00047983549999999997
283.8	0.0004376252
283.9	0.00046427100000000004
284.0	0.0004614391
284.1	0.00048541569999999997
284.2	0.00044412980000000003
284.3	0.0004245531
284.4	0.00042129639999999996
284.5	0.0004094748
284.6	0.00042960730000000003
284.7	0.00046772800000000005
284.8	0.0004613623
284.9	0.0004372856
285.0	0.00045558949999999996
285.1	0.0004249073
285.2	0.00045319729999999996
285.3	0.0004520242
285.4	0.00042739279999999996
285.5	0.00040878739999999995
285.6	0.0004257265
285.7	0.0004642943
285.8	0.0004256643
285.9	0.00041494540000000003
286.0	0.00044830509999999995
286.1	0.00045354460000000005
286.2	0.00042947570000000004
286.3	0.00043569570000000007
286.4	0.00046559069999999996
286.5	0.0004772047
286.6	0.00041337169999999996
286.7	0.00044756390000000003
286.8	0.00046465689999999996
286.9	0.00042509350000000004
287.0	0.0004310348
287.1	0.00042675939999999994
287.2	0.0004593944
287.3	0.0004966812
287.4	0.00045400049999999993
287.5	0.00044716320000000006
287.6	0.0004598572
287.7	0.00044646059999999997
287.8	0.00047657140000000004
287.9	0.00043430680000000003
288.0	0.00042195230000000006
288.1	0.0004525724
288.2	0.0004703519
288.3	0.00046430899999999993
288.4	0.0004061717
288.5	0.00041763100000000007
288.6	0.00043875139999999995
288.7	0.0004570323
288.8	0.00042617340000000004
288.9	0.00040682720000000003
289.0	0.00044504060000000005
289.1	0.000462412
289.2	0.00041007669999999996
289.3	0.0004338826
289.4	0.0004482823
289.5	0.00042425210000000005
289.6	0.00045751949999999993
289.7	0.0004681839
289.8	0.00042996219999999995
289.9	0.0003998052999999999
290.0	0.00044298859999999994
290.1	0.0004719104
290.2	0.0004287896
290.3	0.00047171789999999995
290.4	0.0004464303
290.5	0.0004080628
290.6	0.000473524
290.7	0.00048545360000000004
290.8	0.0004366912
290.9	0.00045447840000000005
291.0	0.0004259492
291.1	0.0004718101
291.2	0.0003945964
291.3	0.0004272076
291.4	0.00043644410000000006
291.5	0.00044112890000000003
291.6	0.0004675125
291.7	0.0004699198
291.8	0.000433975
291.9	0.0004465532
292.0	0.00044091200000000006
292.1	0.0004201692
292.2	0.00043922210000000005
292.3	0.00043515599999999997
292.4	0.00045991879999999997
292.5	0.0004488756
292.6	0.00045642329999999996
292.7	0.00042436030000000003
292.8	0.0004277866
292.9	0.0004311433
293.0	0.0004724894
293.1	0.00043311869999999994
293.2	0.0005118602999999999
293.3	0.0004375244
293.4	0.0004420391
293.5	0.0004216897
293.6	0.00047110049999999997
293.7	0.00042591090000000003
293.8	0.0004288511
293.9	0.00044837420000000004
294.0	0.00045710229999999997
294.1	0.0004177393
294.2	0.0004566625
294.3	0.0004249699
294.4	0.0004229089
294.5	0.0004061564
294.6	0.0004500724
294.7	0.0004597112
294.8	0.0004132555
294.9	0.0004460822
295.0	0.00043494670000000004
295.1	0.00043646749999999996
295.2	0.0004771658
295.3	0.00044254829999999996
295.4	0.00041582580000000004
295.5	0.00041863419999999994
295.6	0.0004957091
295.7	0.0004396467
295.8	0.0004071674
295.9	0.00041266949999999996
296.0	0.0004258183
296.1	0.00042224589999999995
296.2	0.00043257809999999996
296.3	0.0004458278
296.4	0.000467512
296.5	0.0004434358
296.6	0.00044789630000000003
296.7	0.00039597800000000006
296.8	0.0004353798
296.9	0.0004501339
297.0	0.0004795736
297.1	0.0003966104
297.2	0.00042520099999999994
297.3	0.00043559539999999997
297.4	0.0004397551
297.5	0.00040744459999999996
297.6	0.0004240905
297.7	0.0004966975
297.8	0.000423766
297.9	0.0004300702
298.0	0.00041865699999999996
298.1	0.0004449951
298.2	0.0004545249
298.3	0.00044070390000000006
298.4	0.00046197900000000006
298.5	0.0004356805
298.6	0.00043798780000000004
298.7	0.0004372469
298.8	0.0004382498
298.9	0.00040835580000000006
299.0	0.0004472175
299.1	0.0004336968
299.2	0.00040204269999999994
299.3	0.00042049429999999993
299.4	0.00042740059999999997
299.5	0.00037746510000000004
299.6	0.00043619
299.7	0.00043036370000000003
299.8	0.0003868407
299.9	0.00042288579999999996
300.0	0.00040454349999999995
300.1	0.000452843
300.2	0.00041394269999999996
300.3	0.0004708455
300.4	0.00042496950000000004
300.5	0.00037568959999999995
300.6	0.00041184319999999997
300.7	0.0004022205
300.8	0.00047189529999999995
300.9	0.00044688529999999994
301.0	0.00043559539999999997
301.1	0.00041191239999999993
301.2	0.0004044589
301.3	0.00044873699999999994
301.4	0.0004172758
301.5	0.00043849760000000003
301.6	0.00043289450000000003
301.7	0.00043068790000000005
301.8	0.0004307721
301.9	0.00039965799999999995
302.0	0.00042290099999999994
302.1	0.00041456030000000006
302.2	0.000427362
302.3	0.0004037948
302.4	0.0004443541
302.5	0.00042465389999999997
302.6	0.00042335690000000004
302.7	0.0004365826
302.8	0.0004388682
302.9	0.0004711854
303.0	0.0004220993
303.1	0.00046645450000000005
303.2	0.00042109600000000004
303.3	0.0004134642
303.4	0.00040073130000000003
303.5	0.00044629919999999995
303.6	0.0004171453
303.7	0.0003982001
303.8	0.0004115192
303.9	0.00041862690000000005
304.0	0.00036428500000000005
304.1	0.0004269915
304.2	0.0004400174
304.3	0.00043022490000000003
304.4	0.0004233341
304.5	0.00042922190000000007
304.6	0.00040019100000000004
304.7	0.0004647647
304.8	0.0004350939
304.9	0.0004289515
305.0	0.00043795729999999993
305.1	0.00043622079999999997
305.2	0.0004428952
305.3	0.000419414
305.4	0.00048783860000000003
305.5	0.000422053
305.6	0.00041658120000000003
305.7	0.00040915790000000004
305.8	0.00038522140000000007
305.9	0.0004288817
306.0	0.00045660079999999993
306.1	0.0004293214
306.2	0.00041361810000000007
306.3	0.0004473408
306.4	0.00042787900000000004
306.5	0.0004248076
306.6	0.00044700889999999997
306.7	0.00044544239999999997
306.8	0.0004362131
306.9	0.0004418234
307.0	0.00043122799999999997
307.1	0.000385321
307.2	0.00041132629999999994
307.3	0.0004220219
307.4	0.0004518388
307.5	0.00039303800000000007
307.6	0.00039789910000000004
307.7	0.0003637834
307.8	0.00033716059999999996
307.9	0.00033159680000000003
308.0	0.0003678037
308.1	0.0004239506
308.2	0.00037739560000000003
308.3	0.00037525840000000003
308.4	0.0004244758
308.5	0.0003597706
308.6	0.0003566305
308.7	0.00044586589999999997
308.8	0.0003862242
308.9	0.0004135264
309.0	0.00042810269999999994
309.1	0.000422485
309.2	0.0004265513
309.3	0.00044706270000000005
309.4	0.0004155706
309.5	0.00041340979999999995
309.6	0.0004260887
309.7	0.0004248999
309.8	0.0004145449
309.9	0.00045009499999999997
310.0	0.00040901129999999997
310.1	0.0004458431
310.2	0.000400415
310.3	0.00042787930000000004
310.4	0.0004121982
310.5	0.0004498331
310.6	0.0004455574
310.7	0.0004433435
310.8	0.0004130859
310.9	0.0004749741
311.0	0.00045218650000000005
311.1	0.00043331160000000007
311.2	0.00043860440000000007
311.3	0.00043465440000000006
311.4	0.00041911990000000006
311.5	0.00045782719999999997
311.6	0.0004264278
311.7	0.00045237930000000003
311.8	0.0003964793
311.9	0.00043672230000000006
312.0	0.0003835001
312.1	0.00043306389999999995
312.2	0.0004368226
312.3	0.000470282
312.4	0.0004347315
312.5	0.0004166821
312.6	0.0004107863
312.7	0.0004157949
312.8	0.0003647012
312.9	0.0004446086
313.0	0.0003988176
313.1	0.0004393465
313.2	0.00041866529999999997
313.3	0.00041900429999999994
313.4	0.0004273617
313.5	0.0004381576
313.6	0.000367989
313.7	0.0004547177
313.8	0.0004353799
313.9	0.00042409790000000005
314.0	0.00043594239999999995
314.1	0.00040474400000000007
314.2	0.00038326839999999995
314.3	0.00044343590000000003
314.4	0.0004321694
314.5	0.0004334966999999999
314.6	0.0003847496
314.7	0.0004094125
314.8	0.00044714049999999996
314.9	0.0003986171
315.0	0.0004453112
315.1	0.0004125531
315.2	0.00043503979999999997
315.3	0.00040550769999999996
315.4	0.00046444870000000003
315.5	0.0004224384
315.6	0.000436514
315.7	0.0004196838
315.8	0.00042776329999999994
315.9	0.00041442899999999996
316.0	0.00042237660000000007
316.1	0.00040928979999999997
316.2	0.0004040572
316.3	0.00041521539999999995
316.4	0.00042839619999999996
316.5	0.000420085
316.6	0.00039430319999999994
316.7	0.0003938484
316.8	0.0003892415
316.9	0.0004403112
317.0	0.0004263744
317.1	0.00045003369999999993
317.2	0.00037849140000000003
317.3	0.0003604346
317.4	0.0003512365
317.5	0.0003982545000000001
317.6	0.00040785330000000006
317.7	0.00037960300000000006
317.8	0.00040742949999999996
317.9	0.00038131570000000004
318.0	0.00036265690000000003
318.1	0.0004167902
318.2	0.0003994656
318.3	0.0003899286
318.4	0.00036417719999999994
318.5	0.0003562676
318.6	0.00038039019999999994
318.7	0.0003840174
318.8	0.00040620319999999996
318.9	0.00035011669999999995
319.0	0.0003223677000000001
319.1	0.0002558262000000001
319.2	0.0002804961
319.3	0.00021844599999999996
319.4	0.00015846359999999995
319.5	0.00015261440000000005
319.6	0.00017399730000000006
319.7	0.00014560789999999994
319.8	0.0001867453000000001
319.9	0.00018136659999999996
320.0	0.00024016939999999996
320.1	0.00040141080000000005
320.2	0.0003384032
320.3	0.0004018657
320.4	0.0004200234
320.5	0.00037354529999999997
320.6	0.00043493910000000005
320.7	0.00035939969999999996
320.8	0.0004338598
320.9	0.000428141
321.0	0.00042514720000000003
321.1	0.00040671200000000005
321.2	0.00042440600000000006
321.3	0.00037070530000000003
321.4	0.00041972980000000003
321.5	0.0004329798
321.6	0.0004306723
321.7	0.00037442500000000006
321.8	0.0004067499
321.9	0.0004295994
322.0	0.000386448
322.1	0.00044761059999999997
322.2	0.00038869400000000003
322.3	0.00043477749999999997
322.4	0.0003312495999999999
322.5	0.0004468773
322.6	0.00038019709999999996
322.7	0.00040381749999999995
322.8	0.00044822
322.9	0.0004511521
323.0	0.00041663590000000003
323.1	0.00040977490000000005
323.2	0.00043207689999999997
323.3	0.00039110110000000007
323.4	0.0004235961
323.5	0.0003946114
323.6	0.0004110637
323.7	0.0003848808
323.8	0.0004038873
323.9	0.00036654600000000004
324.0	0.0004101305
324.1	0.0004441842
324.2	0.0004377946
324.3	0.00040707520000000003
324.4	0.0004101456
324.5	0.00041513849999999996
324.6	0.0003964178
324.7	0.0003975753
324.8	0.00042030839999999996
324.9	0.0004159721
325.0	0.00038764329999999996
325.1	0.0004132942
325.2	0.0004116041
325.3	0.000421258
325.4	0.00046380820000000003
325.5	0.00039363950000000005
325.6	0.0004005928
325.7	0.0004084559
325.8	0.0004643336
325.9	0.00039634869999999995
326.0	0.0004237735
326.1	0.0004215898
326.2	0.00042751569999999997
326.3	0.0004240519
326.4	0.0004191433
326.5	0.0004145753
326.6	0.0004516235
326.7	0.0004476111
326.8	0.00040211270000000006
326.9	0.00041180540000000003
327.0	0.00039310720000000003
327.1	0.00041393500000000004
327.2	0.00039028280000000004
327.3	0.00037929479999999997
327.4	0.00043429950000000003
327.5	0.000431066
327.6	0.00044796539999999996
327.7	0.0003854759
327.8	0.0004292834
327.9	0.00041732250000000004
328.0	0.0004193288
328.1	0.00040080869999999997
328.2	0.00037195490000000006
328.3	0.0003522006
328.4	0.0004187499
328.5	0.00035775630000000003
328.6	0.00034614309999999996
328.7	0.0003725421
328.8	0.0003663608
328.9	0.0003392206
329.0	0.0003745405
329.1	0.0003245747
329.2	0.000375621
329.3	0.0003930066
329.4	0.000388161
329.5	0.00038594609999999995
329.6	0.00041253770000000006
329.7	0.0003734219
329.8	0.00045735729999999997
329.9	0.0004240208
330.0	0.0004377179
330.1	0.0004222767
330.2	0.00040320080000000004
330.3	0.0003840399
330.4	0.0003678652
330.5	0.00034140509999999995
330.6	0.0003185709
330.7	0.0002336015
330.8	0.00019612220000000003
330.9	0.000251227
331.0	0.00017651339999999991
331.1	0.0002661358
331.2	0.0003796186
331.3	0.00038840000000000006
331.4	0.00044893779999999995
331.5	0.0004008856
331.6	0.0003947971
331.7	0.0004913415999999999
331.8	0.00042763990000000004
331.9	0.00042256959999999996
332.0	0.0004370464
332.1	0.00042978510000000005
332.2	0.00038741169999999996
332.3	0.000412484
332.4	0.0004400554
332.5	0.00039035240000000003
332.6	0.0004080549
332.7	0.00041639700000000005
332.8	0.00042073290000000003
332.9	0.00040696680000000004
333.0	0.00044727830000000006
333.1	0.00044534129999999997
333.2	0.0004002299
333.3	0.00041388800000000006
333.4	0.0004156168
333.5	0.00038079890000000004
333.6	0.0003911014
333.7	0.00043367410000000003
333.8	0.000413201
333.9	0.00043443069999999994
334.0	0.00039957410000000007
334.1	0.00044166910000000004
334.2	0.00039310720000000003
334.3	0.0004727981
334.4	0.00041542409999999994
334.5	0.00040330880000000006
334.6	0.0004152701
334.7	0.00041546260000000006
334.8	0.00037087489999999997
334.9	0.0003953984
335.0	0.0004321692
335.1	0.00043764080000000005
335.2	0.00039637139999999994
335.3	0.00040451209999999997
335.4	0.00044162300000000004
335.5	0.0004230486
335.6	0.0004197146
335.7	0.000420617
335.8	0.0004023292
335.9	0.0004407501
336.0	0.0004062955
336.1	0.0004388215
336.2	0.0004290517
336.3	0.00042996999999999995
336.4	0.00039044450000000005
336.5	0.00041884219999999996
336.6	0.0004084093
336.7	0.00044585920000000007
336.8	0.000485894
336.9	0.0004315209
337.0	0.000392899
337.1	0.00042963819999999994
337.2	0.0004229553
337.3	0.00041545490000000003
337.4	0.0003763618
337.5	0.0003940797
337.6	0.00043550359999999994
337.7	0.0003824037
337.8	0.00041773930000000003
337.9	0.0003889707
338.0	0.0004059329
338.1	0.00041734550000000007
338.2	0.0004397319
338.3	0.00042918249999999997
338.4	0.00046707970000000004
338.5	0.00046292030000000007
338.6	0.00040796190000000007
338.7	0.00041662770000000006
338.8	0.0004106011
338.9	0.00047365480000000006
339.0	0.0004066117
339.1	0.00041567880000000006
339.2	0.0003672563
339.3	0.0003869802
339.4	0.00039457349999999996
339.5	0.0004382427
339.6	0.000391996
339.7	0.00041922810000000004
339.8	0.00036564329999999996
339.9	0.00039532140000000005
340.0	0.00038189420000000004
340.1	0.00041262310000000007
340.2	0.0004223307
340.3	0.0003521082
340.4	0.0003872118
340.5	0.00036422349999999995
340.6	0.00037035100000000005
340.7	0.00042682199999999993
340.8	0.0003994424
340.9	0.00037803600000000005
341.0	0.0003810925
341.1	0.000401279
341.2	0.00039130940000000003
341.3	0.00043406759999999994
341.4	0.00045683980000000006
341.5	0.0004525802
341.6	0.0004374476
341.7	0.0003993805
341.8	0.00039397889999999994
341.9	0.00042654359999999997
342.0	0.0004597954
342.1	0.00043025590000000003
342.2	0.00036139939999999996
342.3	0.0003825349
342.4	0.0003692935
342.5	0.00036198549999999995
342.6	0.00038015060000000004
342.7	0.0003272752999999999
342.8	0.00039767529999999994
342.9	0.00036800470000000003
343.0	0.00039747529999999994
343.1	0.0004153781
343.2	0.00038368539999999996
343.3	0.0004529735
343.4	0.00045980319999999996
343.5	0.0004375401
343.6	0.00040477499999999996
343.7	0.0004262046
343.8	0.000410748
343.9	0.0004272386000000001
344.0	0.0004145287
344.1	0.00041246049999999997
344.2	0.0004100841
344.3	0.0004118206
344.4	0.0003990185
344.5	0.00042161280000000003
344.6	0.0004294146
344.7	0.00041493840000000003
344.8	0.0004265129
344.9	0.0004501881999999999
345.0	0.00043868959999999996
345.1	0.0003634979
345.2	0.000443081
345.3	0.000446615
345.4	0.00040624910000000005
345.5	0.00043434569999999996
345.6	0.0003899046
345.7	0.00037863040000000005
345.8	0.00042178279999999994
345.9	0.00042804890000000003
346.0	0.00040495240000000006
346.1	0.0003776816
346.2	0.0004976466
346.3	0.0003769635
346.4	0.0004267527
346.5	0.00041971479999999996
346.6	0.00041147309999999996
346.7	0.00039709710000000004
346.8	0.0004125374
346.9	0.0004143122
347.0	0.0004245533
347.1	0.0004119128
347.2	0.0003919884
347.3	0.0004338674
347.4	0.00042294779999999996
347.5	0.0004135337
347.6	0.0004464682
347.7	0.00039438049999999996
347.8	0.0004213657
347.9	0.00040850260000000003
348.0	0.0004332028
348.1	0.0003960166
348.2	0.0004141662
348.3	0.00037464929999999995
348.4	0.00043502460000000004
348.5	0.00042634330000000003
348.6	0.00043037140000000006
348.7	0.00038397869999999996
348.8	0.0004316831
348.9	0.00042095669999999997
349.0	0.00045343730000000005
349.1	0.00043676870000000005
349.2	0.0003770487
349.3	0.00041824829999999996
349.4	0.0004654832
349.5	0.0004135568
349.6	0.0003940645000000001
349.7	0.0004151928
349.8	0.0004536684
349.9	0.0004186802
