0.0	0.0003860715
0.1	0.00040519140000000003
0.2	0.00042015240000000005
0.3	0.0003741505
0.4	0.0004825043
0.5	0.0003781855
0.6	0.0004522201
0.7	0.0004641715
0.8	0.00040647240000000004
0.9	0.0003713038
1.0	0.0004097666
1.1	0.00038333280000000006
1.2	0.0004122124
1.3	0.00039441950000000003
1.4	0.00036952809999999997
1.5	0.0004188253
1.6	0.0003846674000000001
1.7	0.00036026119999999997
1.8	0.0004087866999999999
1.9	0.0004175215
2.0	0.0003732237
2.1	0.000386457
2.2	0.00035186719999999997
2.3	0.0003754465
2.4	0.00040389519999999994
2.5	0.0004612474999999999
2.6	0.00036388050000000003
2.7	0.0003877301
2.8	0.00038918840000000003
2.9	0.00037327879999999995
3.0	0.0003822439
3.1	0.00040090930000000007
3.2	0.00039077849999999994
3.3	0.00040323929999999995
3.4	0.000360864
3.5	0.0003353856
3.6	0.00036189779999999997
3.7	0.00041367899999999997
3.8	0.00046147869999999994
3.9	0.00041073919999999993
4.0	0.0004295731
4.1	0.00034918190000000004
4.2	0.0003879001
4.3	0.00038488300000000003
4.4	0.0003961252
4.5	0.00042684929999999997
4.6	0.0003895125
4.7	0.000365192
4.8	0.00036958220000000004
4.9	0.00038448940000000004
5.0	0.00040282179999999993
5.1	0.0003822676
5.2	0.00024859700000000003
5.3	0.00041557689999999995
5.4	0.00038101690000000006
5.5	0.0003981692
5.6	0.0004199897
5.7	0.0004292344
5.8	0.00041643359999999995
5.9	0.000400415
6.0	0.00033947519999999996
6.1	0.0003675302
6.2	0.0003606322
6.3	0.000395477
6.4	0.0003910552
6.5	0.0004355293
6.6	0.00039408079999999994
6.7	0.00038769910000000006
6.8	0.00038580870000000004
6.9	0.0003965798
7.0	0.0003453548
7.1	0.00038717489999999993
7.2	0.0003943885
7.3	0.0004184782
7.4	0.0004125216
7.5	0.0003950761
7.6	0.0003528852
7.7	0.00042516699999999995
7.8	0.0003558942
7.9	0.0004287018
8.0	0.0004491564
8.1	0.00037830910000000005
8.2	0.0003834012000000001
8.3	0.0003554239
8.4	0.00041856300000000005
8.5	0.00037269180000000003
8.6	0.0004123285
8.7	0.0003609946
8.8	0.0003483405
8.9	0.0003621672
9.0	0.0003891653
9.1	0.0003947894
9.2	0.00038258439999999997
9.3	0.0003975832
9.4	0.0003851224
9.5	0.0003768894
9.6	0.00039354010000000004
9.7	0.0004463555
9.8	0.0003866107
9.9	0.0003694669
10.0	0.00039433489999999996
10.1	0.00034493779999999997
10.2	0.00040749039999999996
10.3	0.00040623289999999995
10.4	0.0002132512000000001
10.5	0.00038712900000000005
10.6	0.00040398779999999997
10.7	0.00038310019999999995
10.8	0.00037311630000000004
10.9	0.0004260389
11.0	0.0003878455
11.1	0.0003503934
11.2	0.0003751845
11.3	0.00038124080000000003
11.4	0.00037495299999999997
11.5	0.00040056970000000006
11.6	0.00038950480000000005
11.7	0.0003969892
11.8	0.0004106541
11.9	0.0004197124
12.0	0.00040495909999999996
12.1	0.0003581937
12.2	0.00034614939999999994
12.3	0.00039604019999999997
12.4	0.0003588802
12.5	0.00037251499999999997
12.6	0.0003521138
12.7	0.00035059359999999994
12.8	0.0004249125
12.9	0.00044589239999999995
13.0	0.00038626400000000004
13.1	0.000353348
13.2	0.0004316869
13.3	0.00036216789999999997
13.4	0.0004353448
13.5	0.0003707326
13.6	0.0003417054
13.7	0.00039098620000000003
13.8	0.00037151909999999993
13.9	0.00039898040000000003
14.0	0.0003741503
14.1	0.0004887388999999999
14.2	0.00037867160000000006
14.3	0.00039280709999999993
14.4	0.00042643309999999997
14.5	0.0003592742
14.6	0.0004372506
14.7	0.0004107083
14.8	0.00041672640000000005
14.9	0.0003440886000000001
15.0	0.00038204319999999995
15.1	0.0004212478
15.2	0.0003721673
15.3	0.00039000650000000004
15.4	0.0003632167
15.5	0.00039141050000000003
15.6	0.0003797055
15.7	0.00045611590000000003
15.8	0.0003646599
15.9	0.00036598649999999996
16.0	0.00040618659999999994
16.1	0.0003682324
16.2	0.0003774448
16.3	0.0003453315
16.4	0.0003845982
16.5	0.00038361029999999993
16.6	0.0003760019
16.7	0.00044746660000000003
16.8	0.0003391122
16.9	0.00035840240000000004
17.0	0.0003942113
17.1	0.0003825911
17.2	0.0003504081
17.3	0.00042706569999999993
17.4	0.0003613194
17.5	0.0003681778
17.6	0.00042021370000000003
17.7	0.000354197
17.8	0.0004359851
17.9	0.000393479
18.0	0.00040151840000000004
18.1	0.0003563192
18.2	0.0004379451
18.3	0.00038708160000000004
18.4	0.00036732180000000004
18.5	0.00034992249999999997
18.6	0.00036031560000000004
18.7	0.00041639480000000005
18.8	0.0003430629000000001
18.9	0.0003921357
19.0	0.0004102916
19.1	0.00034699869999999997
19.2	0.0003753078
19.3	0.0003960482
19.4	0.00034908120000000007
19.5	0.00038090909999999995
19.6	0.00039354010000000004
19.7	0.00035071669999999996
19.8	0.0003875448
19.9	0.00036786949999999995
20.0	0.0003666886
20.1	0.00039072399999999995
20.2	0.0003991491
20.3	0.00037658059999999994
20.4	0.0003472913
20.5	0.00037685130000000004
20.6	0.0004376597
20.7	0.00036018500000000006
20.8	0.0003642049
20.9	0.00042826180000000004
21.0	0.00039006809999999996
21.1	0.00036718269999999994
21.2	0.00036783089999999996
21.3	0.00033896610000000004
21.4	0.00032858080000000003
21.5	0.00035188260000000007
21.6	0.0003840808
21.7	0.00035536979999999997
21.8	0.00040201269999999995
21.9	0.0003539429
22.0	0.00038590159999999995
22.1	0.000411688
22.2	0.0003766113
22.3	0.0003929153
22.4	0.0003432636
22.5	0.00038256010000000003
22.6	0.000385285
22.7	0.00037216709999999994
22.8	0.00038331680000000003
22.9	0.0003841037
23.0	0.00040772990000000005
23.1	0.0003827073
23.2	0.0003811327000000001
23.3	0.0004010558
23.4	0.0003688881
23.5	0.00033826419999999997
23.6	0.0004080152
23.7	0.0003850758
23.8	0.00041502900000000003
23.9	0.0003781551
24.0	0.00033946719999999994
24.1	0.00034495420000000003
24.2	0.0003900139
24.3	0.00036752979999999996
24.4	0.0003715656
24.5	0.0003552853
24.6	0.0003795437
24.7	0.00039282250000000004
24.8	0.0003889187
24.9	0.00040340160000000005
25.0	0.00040465069999999996
25.1	0.0003753926
25.2	0.00033776170000000003
25.3	0.00038778470000000003
25.4	0.0003934018
25.5	0.00035583300000000006
25.6	0.00039036900000000006
25.7	0.00038638809999999997
25.8	0.0003832244
25.9	0.0003667579
26.0	0.00037560880000000004
26.1	0.00035898059999999994
26.2	0.0003727836
26.3	0.000406179
26.4	0.0004219193
26.5	0.000367862
26.6	0.0003814027
26.7	0.00038180369999999997
26.8	0.000346412
26.9	0.0003586412
27.0	0.0003864493
27.1	0.0003855471
27.2	0.0004255066
27.3	0.0003776612
27.4	0.0003777843
27.5	0.00038351710000000003
27.6	0.00038767650000000005
27.7	0.00035451360000000003
27.8	0.00038604059999999997
27.9	0.0003970742
28.0	0.00041720479999999996
28.1	0.00038093960000000005
28.2	0.00045418769999999996
28.3	0.00040328509999999995
28.4	0.0004065487
28.5	0.0003624918
28.6	0.00036526179999999997
28.7	0.0003471835
28.8	0.00039975210000000005
28.9	0.00039329340000000005
29.0	0.0003991111
29.1	0.0003640498
29.2	0.00039610960000000005
29.3	0.0004229606
29.4	0.0003318059
29.5	0.0003700988000000001
29.6	0.00039107130000000004
29.7	0.00039480559999999996
29.8	0.00040900290000000003
29.9	0.0003755083
30.0	0.00038144899999999996
30.1	0.0003788798
30.2	0.000363309
30.3	0.0003839642
30.4	0.00036857970000000003
30.5	0.00042454270000000005
30.6	0.0003712419
30.7	0.0003752074
30.8	0.0003539889
30.9	0.0004149598
31.0	0.00037659620000000005
31.1	0.0003906159
31.2	0.00041674170000000006
31.3	0.00036016110000000004
31.4	0.00039582459999999996
31.5	0.0003919197
31.6	0.0003480783
31.7	0.0003813031
31.8	0.00043583810000000006
31.9	0.0003480708000000001
32.0	0.000430877
32.1	0.0004039875
32.2	0.0003836867
32.3	0.0003970281
32.4	0.00039495979999999996
32.5	0.00038210579999999994
32.6	0.0003608398
32.7	0.0003725448
32.8	0.0003837254
32.9	0.0003373455
33.0	0.0003525538000000001
33.1	0.0003819351
33.2	0.00035615690000000003
33.3	0.00041999819999999995
33.4	0.00038045440000000004
33.5	0.0003899371
33.6	0.0004074059
33.7	0.00037380279999999996
33.8	0.00036182750000000007
33.9	0.00037231359999999997
34.0	0.0003787723
34.1	0.00040395659999999995
34.2	0.0003991348
34.3	0.0003847905
34.4	0.0004402751
34.5	0.00039954320000000005
34.6	0.000359289
34.7	0.000406117
34.8	0.00041492039999999997
34.9	0.00042107860000000006
35.0	0.000395546
35.1	0.00041481229999999997
35.2	0.00036140410000000005
35.3	0.0003609484
35.4	0.00042286860000000006
35.5	0.00038397969999999997
35.6	0.00039098620000000003
35.7	0.00036697410000000003
35.8	0.00039156520000000004
35.9	0.0003847673
36.0	0.00036506130000000007
36.1	0.0003904852
36.2	0.00036306969999999996
36.3	0.00037826239999999995
36.4	0.00040355549999999995
36.5	0.0004315021
36.6	0.0003635642
36.7	0.00036418180000000004
36.8	0.00036671960000000004
36.9	0.00039938100000000003
37.0	0.00036677430000000004
37.1	0.0004000832
37.2	0.0003835407
37.3	0.0004044351
37.4	0.00040627919999999996
37.5	0.0003921432
37.6	0.0003685562
37.7	0.00034523099999999993
37.8	0.0004213871
37.9	0.00041483550000000007
38.0	0.0003905311
38.1	0.0004088565
38.2	0.00037748269999999997
38.3	0.00035244509999999993
38.4	0.0003262655
38.5	0.0003875146
38.6	0.0003574757
38.7	0.0003674989
38.8	0.0003927846
38.9	0.0003801997
39.0	0.0003257104
39.1	0.0003707861
39.2	0.00044695689999999996
39.3	0.00037884160000000003
39.4	0.00038415730000000004
39.5	0.0003625532
39.6	0.0003961481
39.7	0.0003661179
39.8	0.0003779622
39.9	0.00044453510000000006
40.0	0.00038204369999999996
40.1	0.0003343364
40.2	0.0003760638
40.3	0.00043329990000000004
40.4	0.0003492822
40.5	0.0003818041
40.6	0.00038747580000000003
40.7	0.000416912
40.8	0.0003880616
40.9	0.00037033929999999996
41.0	0.00036212890000000006
41.1	0.00041001349999999993
41.2	0.0004206
41.3	0.0002943218
41.4	0.000385955
41.5	0.0004235395
41.6	0.00036935130000000007
41.7	0.00036846450000000005
41.8	0.000384351
41.9	0.00040225899999999997
42.0	0.000383965
42.1	0.00038272299999999996
42.2	0.0003912715
42.3	0.00037611020000000004
42.4	0.000403972
42.5	0.000442289
42.6	0.0003176394
42.7	0.00036737559999999996
42.8	0.0003361106
42.9	0.00039666540000000007
43.0	0.000381496
43.1	0.0003668899
43.2	0.0003325616
43.3	0.0003422296999999999
43.4	0.00036495330000000005
43.5	0.00039114779999999995
43.6	0.00035071730000000006
43.7	0.0003863178
43.8	0.00042313090000000006
43.9	0.00038240639999999993
44.0	0.0003597605
44.1	0.0003930464
44.2	0.0004023437
44.3	0.0004073669
44.4	0.00046350029999999993
44.5	0.00035755400000000005
44.6	0.0003885636
44.7	0.0004038255
44.8	0.00046779739999999997
44.9	0.0003821441
45.0	0.00045189579999999996
45.1	0.0003803469
45.2	0.00040256809999999994
45.3	0.00037836299999999994
45.4	0.0003567662
45.5	0.0003439508
45.6	0.00043360100000000004
45.7	0.00039226669999999997
45.8	0.00036982960000000005
45.9	0.000354552
46.0	0.00035310880000000004
46.1	0.00036837880000000004
46.2	0.00036851690000000003
46.3	0.0003988411
46.4	0.00038251470000000005
46.5	0.0003599606
46.6	0.00040176540000000003
46.7	0.00037098680000000007
46.8	0.00035215290000000003
46.9	0.0004158397
47.0	0.0004034165
47.1	0.0003948447
47.2	0.0004008311
47.3	0.00037329390000000005
47.4	0.00038352460000000004
47.5	0.0003970358
47.6	0.00041644880000000004
47.7	0.00036540030000000004
47.8	0.0003769047
47.9	0.00035891119999999997
48.0	0.00038975960000000004
48.1	0.0003780928
48.2	0.0004306843
48.3	0.0004763316
48.4	0.00040468959999999995
48.5	0.000380107
48.6	0.00039278439999999995
48.7	0.00035957480000000004
48.8	0.00036087159999999996
48.9	0.0003640266
49.0	0.0003817889
49.1	0.0003770595
49.2	0.0003590812
49.3	0.00035778519999999996
49.4	0.0003983625
49.5	0.0003590351
49.6	0.00040316179999999997
49.7	0.00040961279999999996
49.8	0.00032571720000000007
49.9	0.0003550761
50.0	0.00036453619999999995
50.1	0.00032896620000000005
50.2	0.00036731419999999995
50.3	0.00034539299999999994
50.4	0.0004413713
50.5	0.00038067010000000003
50.6	0.00038181219999999994
50.7	0.00040015280000000003
50.8	0.0003648065
50.9	0.0003982007999999999
51.0	0.00037730599999999994
51.1	0.0003701067
51.2	0.0003467979
51.3	0.00038200550000000005
51.4	0.0003562184
51.5	0.00034942880000000005
51.6	0.0003464967000000001
51.7	0.00033731500000000003
51.8	0.00036485220000000005
51.9	0.00037692049999999994
52.0	0.00035520809999999996
52.1	0.00040898780000000003
52.2	0.0003486183
52.3	0.0003553935
52.4	0.000411357
52.5	0.0003583097
52.6	0.0003924134
52.7	0.00037296219999999997
52.8	0.0003713028
52.9	0.00036099470000000003
53.0	0.0004097746
53.1	0.000363495
53.2	0.0003905698
53.3	0.00038097889999999995
53.4	0.0003611878
53.5	0.0003859550999999999
53.6	0.00034596450000000004
53.7	0.00036071660000000006
53.8	0.00037497550000000006
53.9	0.0004069424
54.0	0.0004100288
54.1	0.00045856209999999996
54.2	0.00036929730000000003
54.3	0.0003990413
54.4	0.00032740760000000003
54.5	0.00038161149999999997
54.6	0.0004093272
54.7	0.00038043939999999997
54.8	0.00038256800000000007
54.9	0.00040114059999999996
55.0	0.00036665029999999993
55.1	0.0003680318
55.2	0.0003897591
55.3	0.00043897870000000005
55.4	0.00036395000000000004
55.5	0.0003339511
55.6	0.0003743049
55.7	0.00036182
55.8	0.00039303119999999997
55.9	0.0003480548
56.0	0.0003931933
56.1	0.0003671292
56.2	0.00038643399999999995
56.3	0.00034477590000000005
56.4	0.0003500076
56.5	0.0003488731
56.6	0.0003287267
56.7	0.00031003149999999995
56.8	0.00035546289999999995
56.9	0.0003643435
57.0	0.0003781929999999999
57.1	0.00039827790000000003
57.2	0.0003690733
57.3	0.00040255239999999995
57.4	0.0003375613
57.5	0.0003382868999999999
57.6	0.0003582169
57.7	0.00038782239999999993
57.8	0.00035859510000000005
57.9	0.0003380017
58.0	0.00034581780000000006
58.1	0.0003770127
58.2	0.0003794895
58.3	0.0003982702
58.4	0.00035655830000000003
58.5	0.00033969869999999995
58.6	0.0003890571
58.7	0.00034253839999999995
58.8	0.0003980927
58.9	0.00035804
59.0	0.00035954380000000004
59.1	0.00036359489999999994
59.2	0.00042817669999999997
59.3	0.0003936941
59.4	0.00037019959999999997
59.5	0.00036732109999999997
59.6	0.00040691960000000004
59.7	0.0003554241
59.8	0.00036618
59.9	0.0003274383
60.0	0.00036956710000000004
60.1	0.0003303167
60.2	0.000346813
60.3	0.0003508098
60.4	0.0003950604
60.5	0.0003269759
60.6	0.00033348009999999997
60.7	0.0003242517
60.8	0.00037707420000000004
60.9	0.00033652789999999997
61.0	0.0003240126
61.1	0.000236345
61.2	0.00033678239999999996
61.3	0.00041812250000000005
61.4	0.00035804780000000007
61.5	0.00036021539999999997
61.6	0.00033585570000000005
61.7	0.00031181389999999996
61.8	0.00035351770000000005
61.9	0.00035574019999999997
62.0	0.0003462103
62.1	0.00039708939999999997
62.2	0.0003422841
62.3	0.0003767893
62.4	0.000347985
62.5	0.000363996
62.6	0.0003697755
62.7	0.0003747677
62.8	0.0004091111
62.9	0.00040822339999999996
63.0	0.00035916559999999993
63.1	0.00036619500000000004
63.2	0.00037749899999999994
63.3	0.00038773810000000003
63.4	0.0003679699
63.5	0.0004117345
63.6	0.0003932234
63.7	0.00044610120000000003
63.8	0.0003913416
63.9	0.00035672769999999996
64.0	0.00040161869999999993
64.1	0.0003993578
64.2	0.00037689749999999996
64.3	0.00044015950000000003
64.4	0.00038176549999999996
64.5	0.0003488731
64.6	0.0004076294
64.7	0.00038237540000000004
64.8	0.000366095
64.9	0.0003722134
65.0	0.0004026753
65.1	0.0004609847
65.2	0.0004099442
65.3	0.0003934016
65.4	0.00037734490000000003
65.5	0.00042195000000000004
65.6	0.00040742119999999995
65.7	0.00040090840000000003
65.8	0.0003532253
65.9	0.00037016130000000003
66.0	0.00037848670000000006
66.1	0.00036660389999999994
66.2	0.0004038182
66.3	0.0003887873
66.4	0.00039681190000000004
66.5	0.00039136419999999996
66.6	0.0004187629000000001
66.7	0.00038765310000000004
66.8	0.00036260719999999994
66.9	0.00038017680000000003
67.0	0.00041187259999999996
67.1	0.00040588580000000004
67.2	0.00040737429999999995
67.3	0.00039545460000000004
67.4	0.0003650531
67.5	0.0004583612
67.6	0.0003807933
67.7	0.0004218811
67.8	0.00039604010000000004
67.9	0.0004420725
68.0	0.00039287670000000003
68.1	0.0003985396
68.2	0.0004264101
68.3	0.00039049260000000003
68.4	0.000414427
68.5	0.0003998286
68.6	0.0004496886
68.7	0.00036202070000000003
68.8	0.00038711340000000005
68.9	0.000374883
69.0	0.00041032970000000004
69.1	0.00045167160000000005
69.2	0.0004037793
69.3	0.0003978301
69.4	0.000390184
69.5	0.0003984083
69.6	0.0004033081
69.7	0.0004148515
69.8	0.000403633
69.9	0.00039918010000000004
70.0	0.00043782980000000004
70.1	0.00048042100000000003
70.2	0.00037892620000000004
70.3	0.0003695903
70.4	0.0004299439
70.5	0.00038133320000000004
70.6	0.000382823
70.7	0.00035725259999999995
70.8	0.0003840185
70.9	0.00038309279999999997
71.0	0.00040963579999999994
71.1	0.0003926604
71.2	0.00037705160000000003
71.3	0.0002961582
71.4	0.00027827320000000007
71.5	0.0002715138000000001
71.6	0.0002567374000000001
71.7	0.0002820305
71.8	0.00036070929999999996
71.9	0.0004842325
72.0	0.0003917117
72.1	0.00039421160000000004
72.2	0.00037697439999999995
72.3	0.00038525349999999996
72.4	0.0003688261
72.5	0.00037911940000000006
72.6	0.0004115567
72.7	0.00041076229999999995
72.8	0.0004010096
72.9	0.0003787419
73.0	0.0003571595
73.1	0.00036212139999999994
73.2	0.00043258980000000004
73.3	0.00039186620000000006
73.4	0.00039642649999999997
73.5	0.00039894150000000005
73.6	0.0003929306
73.7	0.00038683509999999996
73.8	0.00038111799999999995
73.9	0.000384366
74.0	0.00040359399999999996
74.1	0.0003712108
74.2	0.00041294469999999996
74.3	0.0004280067
74.4	0.00040890230000000004
74.5	0.0003890804
74.6	0.00032857190000000003
74.7	0.0003942653
74.8	0.0004418186
74.9	0.0004061789
75.0	0.00043432609999999994
75.1	0.00041050709999999993
75.2	0.0003784792
75.3	0.0003982316
75.4	0.00037706709999999995
75.5	0.0004045435
75.6	0.00039344730000000005
75.7	0.0003579081
75.8	0.0004266413
75.9	0.00036536160000000007
76.0	0.0003986705
76.1	0.0003960245
76.2	0.00033294020000000006
76.3	0.00039974429999999994
76.4	0.0003822755
76.5	0.00039922659999999996
76.6	0.0003709866
76.7	0.0003989873999999999
76.8	0.0003844204
76.9	0.00044174920000000003
77.0	0.0003802304
77.1	0.0004080379
77.2	0.00046237309999999995
77.3	0.0003910322
77.4	0.0004110169
77.5	0.00031786370000000006
77.6	0.00041990530000000003
77.7	0.0004104225
77.8	0.0003642434
77.9	0.00035546960000000006
78.0	0.00037371839999999996
78.1	0.00041549210000000003
78.2	0.00044626279999999995
78.3	0.0003638575
78.4	0.0003645824
78.5	0.00034776229999999993
78.6	0.0004187321
78.7	0.0003637798
78.8	0.0003782397
78.9	0.00038955090000000004
79.0	0.0004370273
79.1	0.0004364479999999999
79.2	0.00038015360000000003
79.3	0.00038130300000000005
79.4	0.0003919585
79.5	0.00036263830000000003
79.6	0.00039641829999999994
79.7	0.0003646751
79.8	0.000420932
79.9	0.00038102569999999997
80.0	0.00037814690000000003
80.1	0.0003726767
80.2	0.00037984449999999996
80.3	0.0004237635
80.4	0.0003647444
80.5	0.0003913562999999999
80.6	0.0003946595
80.7	0.0003870899
80.8	0.0004271816
80.9	0.00042128679999999994
81.0	0.00034844190000000004
81.1	0.0003703462
81.2	0.00037632659999999995
81.3	0.0003958622
81.4	0.00038580929999999997
81.5	0.00035488399999999997
81.6	0.00036010009999999995
81.7	0.0003145610999999999
81.8	0.0003130868
81.9	0.0002644232
82.0	0.00022462420000000005
82.1	0.00021884469999999996
82.2	0.0001717394
82.3	0.00019262640000000002
82.4	0.00014518210000000003
82.5	0.00015157060000000006
82.6	0.0001487003999999999
82.7	0.00014088429999999997
82.8	0.00019680909999999997
82.9	0.00014934060000000007
83.0	0.00016755029999999992
83.1	0.00015243470000000003
83.2	0.00018945560000000004
83.3	0.00023902229999999997
83.4	0.00021612180000000006
83.5	0.00024613680000000005
83.6	0.0002533126000000001
83.7	0.00021560449999999994
83.8	0.0003110655000000001
83.9	0.0002955949
84.0	0.000295803
84.1	0.00032645860000000005
84.2	0.000334537
84.3	0.0003214121
84.4	0.0003324541000000001
84.5	0.0004063401
84.6	0.0003493205
84.7	0.0003840039
84.8	0.0003582945
84.9	0.0003528083
85.0	0.00040117109999999995
85.1	0.00036471410000000007
85.2	0.0003678465
85.3	0.0003936482
85.4	0.00036538470000000003
85.5	0.0003078013
85.6	0.000430731
85.7	0.00032525459999999996
85.8	0.00038533
85.9	0.0004014414
86.0	0.0003659565
86.1	0.0003624836
86.2	0.00041218219999999994
86.3	0.0003426001
86.4	0.0003567822999999999
86.5	0.0004003456
86.6	0.000383093
86.7	0.00037398080000000005
86.8	0.00039020650000000005
86.9	0.0003798446
87.0	0.0003883553
87.1	0.0004155838
87.2	0.00038370239999999995
87.3	0.0003721136
87.4	0.00036681250000000006
87.5	0.00037645730000000007
87.6	0.00040474399999999996
87.7	0.0004391872
87.8	0.0003759173
87.9	0.0003593128
88.0	0.000392815
88.1	0.0003525461
88.2	0.00040137999999999996
88.3	0.00042819970000000006
88.4	0.0003021686999999999
88.5	0.00044513579999999993
88.6	0.0004036403
88.7	0.00039249889999999995
88.8	0.0003434642999999999
88.9	0.00043943389999999996
89.0	0.0003796286
89.1	0.00040525340000000003
89.2	0.00041790729999999996
89.3	0.0003908016
89.4	0.0003942577
89.5	0.00040180420000000003
89.6	0.00039705860000000003
89.7	0.0003835481
89.8	0.0004510625
89.9	0.00036803200000000007
90.0	0.00038686579999999996
90.1	0.0004009705
90.2	0.0003742974
90.3	0.000428339
90.4	0.0004122359
90.5	0.00044039899999999996
90.6	0.0003860173
90.7	0.0003758012
90.8	0.0004215951
90.9	0.000386195
91.0	0.0003477775
91.1	0.00036294679999999995
91.2	0.0004158005
91.3	0.00035565520000000004
91.4	0.0003903067
91.5	0.00040248329999999997
91.6	0.0003749995
91.7	0.0003770974
91.8	0.00040655700000000004
91.9	0.000319368
92.0	0.00037805479999999996
92.1	0.00043564499999999997
92.2	0.0003641199
92.3	0.00037896480000000003
92.4	0.00040269130000000005
92.5	0.0003918426
92.6	0.0003924293
92.7	0.00039735249999999997
92.8	0.00047661709999999996
92.9	0.00037658090000000004
93.0	0.0004072979
93.1	0.0004328378
93.2	0.00035549359999999995
93.3	0.00036202829999999996
93.4	0.0003578698
93.5	0.00040517559999999996
93.6	0.00039778420000000005
93.7	0.000427189
93.8	0.0004466714
93.9	0.0004233854
94.0	0.00035716690000000005
94.1	0.0003364892
94.2	0.0003985402
94.3	0.00040897920000000003
94.4	0.00038831630000000003
94.5	0.00039681990000000006
94.6	0.0003591047000000001
94.7	0.000370547
94.8	0.0003815804
94.9	0.00041675710000000006
95.0	0.00036912720000000003
95.1	0.00036644160000000005
95.2	0.00036592539999999994
95.3	0.00040299969999999994
95.4	0.0003625072
95.5	0.00039027610000000004
95.6	0.00036442860000000007
95.7	0.00041000590000000005
95.8	0.000400415
95.9	0.0003273302
96.0	0.00040445769999999996
96.1	0.00040837770000000005
96.2	0.00041360919999999996
96.3	0.0003981543
96.4	0.00035907370000000003
96.5	0.0003888413
96.6	0.00042324640000000003
96.7	0.0004238718
96.8	0.00042992819999999995
96.9	0.000358448
97.0	0.0004053146
97.1	0.00035252260000000007
97.2	0.0004302063
97.3	0.0003825066
97.4	0.00039340109999999996
97.5	0.0003910015
97.6	0.00036451330000000006
97.7	0.00041214370000000004
97.8	0.0003739572
97.9	0.0003662726
98.0	0.00045780589999999997
98.1	0.00043074609999999995
98.2	0.00041058470000000005
98.3	0.00039532250000000004
98.4	0.00039447409999999994
98.5	0.00039577030000000003
98.6	0.0003789576
98.7	0.0003926141
98.8	0.00037793920000000006
98.9	0.00039930409999999994
99.0	0.00039895709999999995
99.1	0.00038228219999999997
99.2	0.0004022668
99.3	0.0003813958
99.4	0.0003532476999999999
99.5	0.00038680450000000004
99.6	0.00039479000000000006
99.7	0.0003308102
99.8	0.0004385397
99.9	0.000404381
100.0	0.0003874292
100.1	0.0003923065
100.2	0.0004138794
100.3	0.00036070200000000007
100.4	0.0004284779
100.5	0.00036169699999999996
100.6	0.0003911789
100.7	0.00040556919999999995
100.8	0.0004113489
100.9	0.00036965930000000004
101.0	0.0004142807000000001
101.1	0.0003421213
101.2	0.00037050099999999997
101.3	0.0004222509
101.4	0.0003926376
101.5	0.00035406559999999997
101.6	0.00036563989999999994
101.7	0.00039704350000000003
101.8	0.00037147250000000003
101.9	0.0003757088
102.0	0.00037130240000000003
102.1	0.00036434349999999994
102.2	0.0003957314
102.3	0.0004066576
102.4	0.00036506129999999996
102.5	0.00036005290000000006
102.6	0.0004236629
102.7	0.00035930479999999996
102.8	0.0003747757
102.9	0.00039384060000000005
103.0	0.0004312011
103.1	0.0003652462
103.2	0.00040550700000000005
103.3	0.00042526029999999994
103.4	0.00038430390000000005
103.5	0.00040339350000000005
103.6	0.00038594830000000005
103.7	0.00042963549999999994
103.8	0.00037186649999999995
103.9	0.0004306843
104.0	0.00039042290000000006
104.1	0.00033726830000000005
104.2	0.0004225134
104.3	0.00038482859999999997
104.4	0.00040181930000000003
104.5	0.00035827119999999997
104.6	0.0004016497
104.7	0.00037833219999999996
104.8	0.00038408089999999995
104.9	0.00040765290000000003
105.0	0.00034396540000000003
105.1	0.0003938103
105.2	0.0003706474
105.3	0.00041090869999999994
105.4	0.0003681322
105.5	0.0003623299
105.6	0.0003949523
105.7	0.0003779542
105.8	0.00040503690000000004
105.9	0.00038894179999999996
106.0	0.0003360491
106.1	0.0003679622
106.2	0.00033614979999999994
106.3	0.0003968887
106.4	0.0003706469
106.5	0.0004011635
106.6	0.00037777640000000005
106.7	0.0003545132
106.8	0.0003891886
106.9	0.00038755199999999994
107.0	0.0003910941
107.1	0.0004174438
107.2	0.0004442103
107.3	0.00037300080000000007
107.4	0.00035821749999999993
107.5	0.0004236549
107.6	0.0004491172
107.7	0.0003774993
107.8	0.00040275319999999996
107.9	0.00038847149999999994
108.0	0.0003466586
108.1	0.0003591508
108.2	0.00039264519999999997
108.3	0.00039225150000000004
108.4	0.0003682477
108.5	0.00047171739999999994
108.6	0.000403223
108.7	0.00038778449999999997
108.8	0.000460144
108.9	0.0003773986
109.0	0.0003986021
109.1	0.0003851612
109.2	0.0004150214
109.3	0.0003509181
109.4	0.0003705549
109.5	0.00042058460000000004
109.6	0.00039665710000000005
109.7	0.00036567859999999997
109.8	0.0004074287
109.9	0.00037091779999999996
110.0	0.00037940459999999995
110.1	0.00038032349999999996
110.2	0.0003634179000000001
110.3	0.00040918810000000003
110.4	0.00033479919999999995
110.5	0.00037087099999999994
110.6	0.00040657990000000005
110.7	0.00039717389999999994
110.8	0.00037228259999999997
110.9	0.00042219739999999994
111.0	0.00038555410000000006
111.1	0.0003738028
111.2	0.0003964261
111.3	0.0003292052
111.4	0.0004500741999999999
111.5	0.00038118719999999997
111.6	0.0003936019
111.7	0.0004252528
111.8	0.00040512959999999994
111.9	0.0003865959
112.0	0.00044031420000000004
112.1	0.00039809990000000005
112.2	0.00038091709999999997
112.3	0.00045603859999999996
112.4	0.0003923285
112.5	0.00040297730000000005
112.6	0.00039865630000000005
112.7	0.00041299149999999993
112.8	0.0004066724
112.9	0.0003780931
113.0	0.00038851740000000004
113.1	0.00035997700000000004
113.2	0.00034341760000000004
113.3	0.0003577768
113.4	0.0004405685
113.5	0.0004322279
113.6	0.0004088795
113.7	0.00042986589999999996
113.8	0.0003786716
113.9	0.00041529919999999996
114.0	0.0004087175
114.1	0.00039894889999999997
114.2	0.0004125601
114.3	0.00042029119999999995
114.4	0.00038097930000000003
114.5	0.00041137970000000004
114.6	0.0004331149
114.7	0.00037589359999999996
114.8	0.0004043885999999999
114.9	0.00039306150000000006
115.0	0.0003814569
115.1	0.0003779467
115.2	0.0003645905
115.3	0.0004576126000000001
115.4	0.0003810173
115.5	0.0003859168
115.6	0.00040232880000000003
115.7	0.0004192418
115.8	0.00043654830000000003
115.9	0.0003971285
116.0	0.00040137209999999997
116.1	0.00041000619999999994
116.2	0.000401866
116.3	0.00038135690000000005
116.4	0.000402081
116.5	0.0004146348
116.6	0.0004051369
116.7	0.00040354019999999993
116.8	0.0004400517
116.9	0.00038865590000000005
117.0	0.00038119479999999996
117.1	0.00037028509999999996
117.2	0.00041149519999999996
117.3	0.00037523820000000003
117.4	0.00041261360000000003
117.5	0.00046377839999999995
117.6	0.0004050981
117.7	0.00040032239999999997
117.8	0.00040725150000000003
117.9	0.00043882489999999997
118.0	0.00039985879999999995
118.1	0.0004210938
118.2	0.00039902620000000004
118.3	0.0004021356
118.4	0.00042400259999999997
118.5	0.000392846
118.6	0.00037818529999999995
118.7	0.00040786829999999997
118.8	0.0003918351
118.9	0.00037036180000000004
119.0	0.00037117930000000007
119.1	0.0004602588
119.2	0.00037419689999999996
119.3	0.00041641790000000007
119.4	0.00043647179999999996
119.5	0.00045870869999999997
119.6	0.00042452669999999996
119.7	0.00040989
119.8	0.000381288
119.9	0.0003920966
120.0	0.00042124780000000003
120.1	0.0004155849
120.2	0.00039829310000000006
120.3	0.0003841115
120.4	0.00039188099999999996
120.5	0.00045635529999999997
120.6	0.00034737630000000004
120.7	0.00040189669999999997
120.8	0.0004342111
120.9	0.00048788999999999994
121.0	0.0004643873
121.1	0.0004333234
121.2	0.0003901612
121.3	0.0004546734
121.4	0.00040310849999999996
121.5	0.0004018195
121.6	0.0003624377
121.7	0.0003822599
121.8	0.00038979849999999996
121.9	0.00042335459999999996
122.0	0.0004563014
122.1	0.0003962951
122.2	0.0003889412
122.3	0.00039957410000000007
122.4	0.00039867099999999996
122.5	0.00041956599999999996
122.6	0.00042069179999999995
122.7	0.00042503630000000005
122.8	0.00038371829999999995
122.9	0.0003995591
123.0	0.000400376
123.1	0.00040286090000000004
123.2	0.0004169887
123.3	0.00042566139999999995
123.4	0.0003973751
123.5	0.0004235779
123.6	0.0004116881
123.7	0.0003827223
123.8	0.0003746441
123.9	0.0004141339
124.0	0.00034872660000000004
124.1	0.0003775301
124.2	0.0004200057
124.3	0.00038192730000000005
124.4	0.00041716689999999994
124.5	0.00042603180000000006
124.6	0.000363888
124.7	0.00037915839999999996
124.8	0.0004189792
124.9	0.00035795460000000005
125.0	0.0004233387
125.1	0.0003541199
125.2	0.00041396440000000004
125.3	0.0003971745
125.4	0.00043404129999999997
125.5	0.00037544700000000005
125.6	0.000390292
125.7	0.0004207621
125.8	0.00042409509999999996
125.9	0.00032360349999999995
126.0	0.00041371750000000003
126.1	0.0004073207
126.2	0.0003948525
126.3	0.00041464340000000005
126.4	0.00045978090000000006
126.5	0.00037389599999999997
126.6	0.000366542
126.7	0.0004044894
126.8	0.0003717042
126.9	0.0004143887
127.0	0.00036695879999999997
127.1	0.00035342509999999996
127.2	0.00038285369999999997
127.3	0.00035310159999999997
127.4	0.00038252969999999996
127.5	0.00038945859999999996
127.6	0.0004359005
127.7	0.0003845133
127.8	0.00044499780000000004
127.9	0.0003727
128.0	0.00038536919999999995
128.1	0.0003435106
128.2	0.00038435830000000006
128.3	0.00038859439999999995
128.4	0.00045416369999999996
128.5	0.0004067419
128.6	0.00038187379999999997
128.7	0.0004479526
128.8	0.0003950526
128.9	0.0003951685
129.0	0.0003902841
129.1	0.0003642046
129.2	0.0004281308
129.3	0.0004235009
129.4	0.0003815729
129.5	0.00040735099999999997
129.6	0.00039755199999999996
129.7	0.00040327740000000004
129.8	0.00042806120000000005
129.9	0.00039451220000000003
130.0	0.0003850447
130.1	0.0004336395
130.2	0.00041826970000000005
130.3	0.0004050756
130.4	0.0003600072
130.5	0.00039840819999999996
130.6	0.000381249
130.7	0.0003745978
130.8	0.00040911889999999996
130.9	0.0003813493
131.0	0.0004020124
131.1	0.00042147200000000005
131.2	0.0003517825
131.3	0.0004380766
131.4	0.000391658
131.5	0.0003666194
131.6	0.0003835711
131.7	0.00037651140000000003
131.8	0.00039960470000000004
131.9	0.00044012099999999997
132.0	0.0004549662
132.1	0.0004109624
132.2	0.00039192800000000005
132.3	0.00038399579999999993
132.4	0.00037528480000000004
132.5	0.0004131694
132.6	0.0004326056
132.7	0.0004028219
132.8	0.00040678089999999996
132.9	0.0004226136
133.0	0.00044752079999999997
133.1	0.00039669620000000005
133.2	0.00041056130000000004
133.3	0.0004059932
133.4	0.0003817817
133.5	0.00040925779999999995
133.6	0.00041222800000000005
133.7	0.00043355460000000005
133.8	0.000381203
133.9	0.0003948212
134.0	0.00040900310000000005
134.1	0.00040155710000000007
134.2	0.0004240957
134.3	0.00040074650000000006
134.4	0.0003791964000000001
134.5	0.00039559340000000005
134.6	0.00040982089999999996
134.7	0.0004058703
134.8	0.000413802
134.9	0.0004189023
135.0	0.00042443489999999994
135.1	0.00039974380000000004
135.2	0.00044437219999999997
135.3	0.0003896822
135.4	0.0004139105
135.5	0.00038748349999999994
135.6	0.0004048365
135.7	0.00039742959999999997
135.8	0.00042386410000000007
135.9	0.00044336209999999997
136.0	0.0004159929
136.1	0.0003765733
136.2	0.0003662883
136.3	0.0003916966
136.4	0.000386226
136.5	0.0003982157
136.6	0.0004699893
136.7	0.00039847870000000004
136.8	0.00039672739999999996
136.9	0.00039843169999999995
137.0	0.0004273589
137.1	0.00044762080000000003
137.2	0.00039384889999999996
137.3	0.0004309776
137.4	0.0004146275
137.5	0.000388633
137.6	0.0003622907
137.7	0.0003887798
137.8	0.0004022282
137.9	0.0004025135
138.0	0.00040759830000000006
138.1	0.0003854621
138.2	0.00042096179999999997
138.3	0.0003683864
138.4	0.00041181139999999997
138.5	0.00038435099999999995
138.6	0.0004136559
138.7	0.00040894840000000004
138.8	0.00047600740000000005
138.9	0.000376959
139.0	0.00039584740000000003
139.1	0.00043286739999999995
139.2	0.00037187440000000004
139.3	0.00035361050000000003
139.4	0.000388101
139.5	0.0003948593
139.6	0.00042623209999999995
139.7	0.0004221045
139.8	0.00040273020000000003
139.9	0.0003800993
140.0	0.0003880464
140.1	0.00035961379999999995
140.2	0.0003128479000000001
140.3	0.00042615519999999996
140.4	0.000403494
140.5	0.00037692769999999996
140.6	0.00039056989999999993
140.7	0.00042321590000000004
140.8	0.00039860180000000006
140.9	0.00044843909999999995
141.0	0.0004190795
141.1	0.00038803119999999996
141.2	0.00041975119999999996
141.3	0.00039635680000000005
141.4	0.0003906005
141.5	0.00040205089999999997
141.6	0.0004371191
141.7	0.00040567719999999997
141.8	0.0003684401
141.9	0.00039535349999999993
142.0	0.0003854313
142.1	0.0004315796
142.2	0.0004310776
142.3	0.0003911253
142.4	0.0003861478
142.5	0.00038807
142.6	0.0003825059
142.7	0.00039928049999999997
142.8	0.00037606390000000003
142.9	0.0004227912
143.0	0.00041945040000000006
143.1	0.00041578460000000003
143.2	0.00041019090000000004
143.3	0.00037906520000000006
143.4	0.0004681602
143.5	0.0004525436
143.6	0.00041643329999999996
143.7	0.00041053800000000006
143.8	0.00042146400000000003
143.9	0.0003997364
144.0	0.00040145720000000004
144.1	0.00038685039999999997
144.2	0.0004381538
144.3	0.00040203520000000004
144.4	0.00044759039999999996
144.5	0.0003816352
144.6	0.0003716271
144.7	0.00038562399999999994
144.8	0.00043432599999999996
144.9	0.00036437419999999995
145.0	0.0004230997
145.1	0.00039580069999999994
145.2	0.00041084680000000003
145.3	0.0003960249
145.4	0.00037625719999999997
145.5	0.0004050056
145.6	0.0003590116999999999
145.7	0.00039347789999999997
145.8	0.0003532177
145.9	0.0004220346
146.0	0.000420052
146.1	0.00036972930000000006
146.2	0.0004600274
146.3	0.0004150523
146.4	0.00036361049999999995
146.5	0.0003450307
146.6	0.00043052960000000007
146.7	0.0004041265
146.8	0.00042325430000000007
146.9	0.00037834800000000003
147.0	0.0003708554
147.1	0.0004026834
147.2	0.00038434290000000006
147.3	0.0004271433
147.4	0.00040940430000000003
147.5	0.0004151904
147.6	0.0003911247
147.7	0.00036279260000000006
147.8	0.00036779250000000004
147.9	0.0003956696
148.0	0.00042042999999999996
148.1	0.0003681166
148.2	0.0004231382
148.3	0.00039920409999999993
148.4	0.00039286860000000004
148.5	0.00037881030000000003
148.6	0.0003730389
148.7	0.00041255230000000005
148.8	0.00041122479999999997
148.9	0.0003708017
149.0	0.00038718260000000006
149.1	0.0004067812
149.2	0.0004059085
149.3	0.0004005389
149.4	0.00040453540000000006
149.5	0.00038235229999999997
149.6	0.00044096179999999997
149.7	0.00038107110000000006
149.8	0.00039688150000000003
149.9	0.0003598381
150.0	0.00041340889999999996
150.1	0.0004145578
150.2	0.00039717450000000004
150.3	0.0003652694
150.4	0.0004014104
150.5	0.00039505210000000005
150.6	0.00040979
150.7	0.0004134235
150.8	0.0003588570000000001
150.9	0.00034530879999999996
151.0	0.00037611029999999997
151.1	0.0004447585000000001
151.2	0.00039846319999999996
151.3	0.00039387969999999994
151.4	0.0003738879
151.5	0.00041896460000000006
151.6	0.0003619209
151.7	0.0003891503
151.8	0.00040673440000000004
151.9	0.0003935712
152.0	0.00036869469999999994
152.1	0.000363503
152.2	0.00035189000000000005
152.3	0.000347299
152.4	0.0003807169
152.5	0.00038123310000000006
152.6	0.0003708401
152.7	0.00037087150000000006
152.8	0.0003691883
152.9	0.00036259110000000003
153.0	0.0003394988
153.1	0.0003118986
153.2	0.0003414043
153.3	0.0003133265
153.4	0.0003042832
153.5	0.0003046453000000001
153.6	0.0002846541
153.7	0.00022389929999999995
153.8	0.00023914569999999998
153.9	0.00018262729999999998
154.0	0.00017883039999999997
154.1	0.00016561369999999991
154.2	0.0004351135
154.3	0.00040343919999999997
154.4	0.0004918940000000001
154.5	0.0004032857
154.6	0.00048684819999999997
154.7	0.00039282309999999997
154.8	0.00040064690000000003
154.9	0.0004092886
155.0	0.00043087749999999993
155.1	0.00041357869999999997
155.2	0.0003831853
155.3	0.0004141725
155.4	0.00039658750000000006
155.5	0.00039659569999999993
155.6	0.00045931039999999997
155.7	0.00039296199999999996
155.8	0.00033654240000000003
155.9	0.0003381635
156.0	0.000378841
156.1	0.00039066990000000005
156.2	0.0004023831
156.3	0.00039817049999999994
156.4	0.0004056471
156.5	0.000403756
156.6	0.0003962179
156.7	0.00043264400000000004
156.8	0.0003736179
156.9	0.0003910016
157.0	0.00040006009999999997
157.1	0.00038274599999999994
157.2	0.00039317
157.3	0.000378494
157.4	0.0003784786
157.5	0.00040014540000000005
157.6	0.0003659249
157.7	0.0004322502
157.8	0.00038043820000000005
157.9	0.0004053994
158.0	0.00038281510000000003
158.1	0.0003987949
158.2	0.00041377129999999995
158.3	0.00038391909999999996
158.4	0.00035654269999999997
158.5	0.0004408077
158.6	0.0003913109
158.7	0.0003964798
158.8	0.0003878845
158.9	0.00039982879999999997
159.0	0.0003899291
159.1	0.00039734410000000003
159.2	0.00044297550000000003
159.3	0.00043844699999999996
159.4	0.00042559989999999996
159.5	0.00040816169999999995
159.6	0.0003645282
159.7	0.00039750649999999995
159.8	0.00034159680000000006
159.9	0.00046244319999999995
160.0	0.0004024829
160.1	0.00037344850000000003
160.2	0.00040054649999999995
160.3	0.00041333920000000005
160.4	0.00038155000000000003
160.5	0.00041626349999999995
160.6	0.00036741449999999994
160.7	0.0004085094
160.8	0.00038694310000000003
160.9	0.0003591425
161.0	0.0004013178999999999
161.1	0.0004139798
161.2	0.00037026870000000006
161.3	0.0004092193
161.4	0.00036534640000000004
161.5	0.0003898134
161.6	0.00039722090000000003
161.7	0.0003932471
161.8	0.00042445019999999995
161.9	0.0004134317
162.0	0.0003802695
162.1	0.0003913565
162.2	0.0004555136
162.3	0.00039968219999999996
162.4	0.0003924521
162.5	0.0004175829
162.6	0.00038594779999999993
162.7	0.00036712889999999997
162.8	0.00035857979999999993
162.9	0.0003973828
163.0	0.00035952890000000005
163.1	0.00038165759999999997
163.2	0.0003823827
163.3	0.0003714422999999999
163.4	0.0003450995
163.5	0.00042374750000000004
163.6	0.0003782936
163.7	0.0004030313
163.8	0.0003841351
163.9	0.00033515429999999994
164.0	0.0003062736
164.1	0.00030626570000000003
164.2	0.0002615454
164.3	0.00022732489999999998
164.4	0.0002134058
164.5	0.00019848239999999996
164.6	0.00018032729999999998
164.7	0.00018678529999999996
164.8	0.00017607590000000002
164.9	0.0001573188
165.0	0.00015945619999999995
165.1	0.00027314219999999994
165.2	0.00018044269999999997
165.3	0.00016738060000000006
165.4	0.0004383465
165.5	0.00041614810000000006
165.6	0.00039942760000000004
165.7	0.0004436244
165.8	0.0003683253
165.9	0.00037060039999999993
166.0	0.00040356359999999995
166.1	0.0004252446
166.2	0.00042479729999999997
166.3	0.00039748290000000004
166.4	0.000366959
166.5	0.00039714359999999996
166.6	0.00039365639999999996
166.7	0.0004212866
166.8	0.0003599221
166.9	0.0004159081
167.0	0.00039865589999999997
167.1	0.00039726690000000005
167.2	0.00045860039999999995
167.3	0.0003822828
167.4	0.0003901068
167.5	0.0004050143
167.6	0.00039688140000000005
167.7	0.0003317516
167.8	0.0003455318
167.9	0.00043613190000000007
168.0	0.000402676
168.1	0.00040440399999999997
168.2	0.0004273124
168.3	0.0003400073
168.4	0.0003884324
168.5	0.00041264480000000004
168.6	0.0004220502
168.7	0.0003949208
168.8	0.0003828688
168.9	0.00041340070000000004
169.0	0.0003994966
169.1	0.0003915496
169.2	0.0004040728
169.3	0.00043291410000000004
169.4	0.00038365649999999997
169.5	0.0004723658
169.6	0.0004252989
169.7	0.0003879153
169.8	0.00036926610000000007
169.9	0.00037628000000000005
170.0	0.0004503594
170.1	0.000425059
170.2	0.0003310035
170.3	0.00036694369999999997
170.4	0.00037775380000000004
170.5	0.00041638730000000004
170.6	0.00039718930000000004
170.7	0.0003875297
170.8	0.0004054607
170.9	0.00046207269999999997
171.0	0.00039618730000000004
171.1	0.0003920286
171.2	0.0004135636
171.3	0.0003440734999999999
171.4	0.0003916266
171.5	0.0003750142
171.6	0.00035037809999999996
171.7	0.00039016869999999995
171.8	0.0004219116
171.9	0.0003776535
172.0	0.00036918110000000004
172.1	0.0003998827
172.2	0.0003969815
172.3	0.00038003780000000006
172.4	0.00039473560000000005
172.5	0.00042043030000000006
172.6	0.0004460546
172.7	0.0003819743
172.8	0.0003960481
172.9	0.0003742885
173.0	0.0003458716000000001
173.1	0.0004037558
173.2	0.00038982919999999997
173.3	0.00042746709999999993
173.4	0.00040198899999999995
173.5	0.00039678079999999995
173.6	0.00037746839999999997
173.7	0.0004146973
173.8	0.0004153529
173.9	0.0004206766
174.0	0.00043471959999999996
174.1	0.0004266182
174.2	0.0004142264
174.3	0.0003541198
174.4	0.00039120960000000004
174.5	0.00035372699999999997
174.6	0.0003886566
174.7	0.00045606190000000005
174.8	0.0003939417
174.9	0.0003842114999999999
175.0	0.0004312865
175.1	0.00040995939999999997
175.2	0.00028625090000000003
175.3	0.0004442024
175.4	0.00037536190000000004
175.5	0.00041860160000000004
175.6	0.00042121750000000005
175.7	0.0004035327
175.8	0.00038431170000000005
175.9	0.0004093191
176.0	0.00038938870000000003
176.1	0.00038313910000000004
176.2	0.0004073903
176.3	0.0003784792
176.4	0.0004043729
176.5	0.0004401057
176.6	0.0003491742
176.7	0.0003733092
176.8	0.00038150390000000003
176.9	0.00037155829999999996
177.0	0.00040958170000000003
177.1	0.0003893035
177.2	0.00039048490000000006
177.3	0.00041810809999999997
177.4	0.00042004410000000004
177.5	0.00039726629999999995
177.6	0.00042113979999999996
177.7	0.00041532999999999994
177.8	0.0003980081
177.9	0.0003610567
178.0	0.00040402550000000003
178.1	0.00039437329999999994
178.2	0.00038335529999999993
178.3	0.00037864089999999995
178.4	0.00040009880000000005
178.5	0.00034658940000000004
178.6	0.0003965343
178.7	0.00043956530000000005
178.8	0.0004144041
178.9	0.0003844588
179.0	0.00040824629999999996
179.1	0.00040405700000000004
179.2	0.0003780313
179.3	0.0003932625000000001
179.4	0.0004256844
179.5	0.00042814609999999994
179.6	0.0003830007
179.7	0.00038907239999999994
179.8	0.0003561564
179.9	0.00037770730000000007
180.0	0.00042829280000000004
180.1	0.000360563
180.2	0.00041601649999999996
180.3	0.0003637341
180.4	0.0004879285
180.5	0.0004036173
180.6	0.00037517660000000006
180.7	0.00037689710000000004
180.8	0.00037711300000000005
180.9	0.00040867919999999997
181.0	0.00040644860000000005
181.1	0.000392823
181.2	0.000387615
181.3	0.0004121666
181.4	0.00037840180000000005
181.5	0.00037732149999999997
181.6	0.00034628800000000004
181.7	0.00041683469999999995
181.8	0.0003847285
181.9	0.0003635646
182.0	0.00038026840000000004
182.1	0.00040112540000000003
182.2	0.0003982776
182.3	0.0004062098
182.4	0.0003763805
182.5	0.0003418669
182.6	0.000381171
182.7	0.0003864345
182.8	0.0004087402
182.9	0.00040249879999999994
183.0	0.0004045436
183.1	0.00037006079999999997
183.2	0.00036101779999999994
183.3	0.00041778310000000006
183.4	0.0004200599
183.5	0.0003698375
183.6	0.00040772199999999996
183.7	0.00040882539999999995
183.8	0.0003756088
183.9	0.00043145579999999997
184.0	0.0004077063
184.1	0.00039047740000000005
184.2	0.00038305450000000003
184.3	0.00038806969999999997
184.4	0.0003893967
184.5	0.00041889499999999997
184.6	0.00042751299999999997
184.7	0.00039243679999999997
184.8	0.00041680349999999994
184.9	0.00039049260000000003
185.0	0.00040985150000000004
185.1	0.0003558096
185.2	0.00042649480000000003
185.3	0.00043024489999999996
185.4	0.00037129529999999994
185.5	0.00037081729999999995
185.6	0.0004252214
185.7	0.0004448198
185.8	0.00040884879999999996
185.9	0.00045434089999999994
186.0	0.0004467027
186.1	0.0003992116
186.2	0.00042432700000000006
186.3	0.00038415080000000004
186.4	0.0003560335
186.5	0.0004239942
186.6	0.00041564650000000005
186.7	0.00045975739999999996
186.8	0.00035982950000000005
186.9	0.0003530165
187.0	0.00036202099999999997
187.1	0.00044655610000000006
187.2	0.0004111782
187.3	0.00038019929999999995
187.4	0.0003203787
187.5	0.0003790038
187.6	0.00039689630000000004
187.7	0.0003958551
187.8	0.0003813805
187.9	0.00032569520000000005
188.0	0.00038888769999999995
188.1	0.00041691220000000004
188.2	0.00039113299999999994
188.3	0.0003716967
188.4	0.00039783840000000005
188.5	0.0003769666
188.6	0.00034273100000000004
188.7	0.00043405639999999997
188.8	0.00037789240000000003
188.9	0.0004172976
189.0	0.00038252159999999997
189.1	0.00039241370000000006
189.2	0.0004173823
189.3	0.00036998379999999995
189.4	0.00044326930000000004
189.5	0.0003246685
189.6	0.0003775068
189.7	0.00038189690000000004
189.8	0.0004000373
189.9	0.00044169489999999994
190.0	0.00036304720000000004
190.1	0.00036048540000000004
190.2	0.00043269809999999995
190.3	0.00042029810000000003
190.4	0.00039553149999999997
190.5	0.00041889469999999997
190.6	0.0003861715
190.7	0.00041837769999999996
190.8	0.00033635070000000004
190.9	0.0003916732
191.0	0.0004320655
191.1	0.0003733632
191.2	0.00042043029999999995
191.3	0.00044230450000000003
191.4	0.0003675763
191.5	0.0003506246
191.6	0.0003801916
191.7	0.0003680395
191.8	0.0004031083
191.9	0.00038803920000000003
192.0	0.00040792259999999995
192.1	0.00034695949999999994
192.2	0.0003682479000000001
192.3	0.00039066990000000005
192.4	0.00039022989999999995
192.5	0.00036398079999999997
192.6	0.0003418288
192.7	0.00039006770000000004
192.8	0.00038082480000000004
192.9	0.0003670207
193.0	0.0004134704
193.1	0.0004011248
193.2	0.00040393359999999997
193.3	0.00034584079999999993
193.4	0.0003780851
193.5	0.00038501389999999995
193.6	0.00037506080000000003
193.7	0.000388193
193.8	0.00039978969999999997
193.9	0.00041103980000000004
194.0	0.0003839187
194.1	0.00039638739999999997
194.2	0.00038355610000000005
194.3	0.0003525615
194.4	0.0004143807
194.5	0.0003833861
194.6	0.00033631959999999995
194.7	0.00038050009999999996
194.8	0.00041494409999999997
194.9	0.0003939722
195.0	0.0004364176
195.1	0.0003849836
195.2	0.0003681555
195.3	0.0004272744
195.4	0.00041837769999999996
195.5	0.0004340638
195.6	0.0003612729
195.7	0.00035810869999999996
195.8	0.0004115028
195.9	0.0003658249
196.0	0.0003734713
196.1	0.0003746904
196.2	0.00039552319999999996
196.3	0.0004005389
196.4	0.00040462790000000005
196.5	0.0004049061
196.6	0.0003863414
196.7	0.00038110970000000005
196.8	0.000385076
196.9	0.0003788103
197.0	0.00040967429999999995
197.1	0.00037363330000000005
197.2	0.0004125911
197.3	0.00036291580000000006
197.4	0.0003897827
197.5	0.000381928
197.6	0.0003567968
197.7	0.0003705624
197.8	0.0003411111
197.9	0.0004206841
198.0	0.00038786159999999997
198.1	0.00038026889999999994
198.2	0.00035678969999999996
198.3	0.00039504509999999994
198.4	0.00040489779999999993
198.5	0.0003499304
198.6	0.0004095661
198.7	0.00038609459999999995
198.8	0.0003716659
198.9	0.00044225819999999997
199.0	0.0003929302
199.1	0.0003725296
199.2	0.000401943
199.3	0.00036479830000000005
199.4	0.0004056237
199.5	0.0003780304
199.6	0.00039626359999999993
199.7	0.0003552998
199.8	0.00041414180000000003
199.9	0.0003813646
200.0	0.0004036324
200.1	0.00035130379999999997
200.2	0.0004564248
200.3	0.00040470519999999996
200.4	0.0003584715
200.5	0.0004118035
200.6	0.0004269801
200.7	0.0003711565
200.8	0.0003844581
200.9	0.0004125136
201.0	0.0003591741
201.1	0.0003757399
201.2	0.00037383420000000004
201.3	0.0003479476
201.4	0.00040138749999999996
201.5	0.00038117969999999996
201.6	0.0004262169
201.7	0.0004047124
201.8	0.0004111554
201.9	0.00041093179999999996
202.0	0.00034148929999999994
202.1	0.00037326300000000003
202.2	0.00038680429999999997
202.3	0.000375007
202.4	0.0003689036
202.5	0.0003708086
202.6	0.0003694363
202.7	0.00040266829999999995
202.8	0.00035253030000000004
202.9	0.0004101607
203.0	0.0003624687
203.1	0.0004055531
203.2	0.00037830119999999996
203.3	0.0004207311
203.4	0.00039828560000000005
203.5	0.00034640440000000005
203.6	0.00040739009999999997
203.7	0.0004390639
203.8	0.00037395699999999996
203.9	0.00040914179999999997
204.0	0.0003527389
204.1	0.00035241480000000006
204.2	0.0003580469
204.3	0.0003697598999999999
204.4	0.0003835333
204.5	0.0003921594
204.6	0.00041266820000000005
204.7	0.0003848061
204.8	0.0003829698
204.9	0.00039387170000000003
205.0	0.00041330079999999996
205.1	0.0004146355
205.2	0.00038789239999999995
205.3	0.0003883703
205.4	0.0004232077
205.5	0.00036533889999999997
205.6	0.0003632475
205.7	0.00038736
205.8	0.0003816808
205.9	0.0003786413
206.0	0.00039435030000000007
206.1	0.0003724765
206.2	0.0003746289
206.3	0.00045072250000000003
206.4	0.00041171119999999995
206.5	0.0003766498
206.6	0.00039791500000000004
206.7	0.0003905695
206.8	0.00039733650000000004
206.9	0.00040210489999999995
207.0	0.0003910481
207.1	0.0004058164
207.2	0.0003964643
207.3	0.000419018
207.4	0.00037153500000000004
207.5	0.00038416599999999997
207.6	0.00042589289999999996
207.7	0.0004142881
207.8	0.0003646362
207.9	0.0004497117
208.0	0.00041815410000000004
208.1	0.0003722756
208.2	0.0004464863
208.3	0.0004180456
208.4	0.0003608323
208.5	0.00040725930000000003
208.6	0.00037965969999999993
208.7	0.0003846742
208.8	0.000429936
208.9	0.0003972747
209.0	0.00044970420000000006
209.1	0.0004120047
209.2	0.0003989177
209.3	0.0003797139
209.4	0.0003973444000000001
209.5	0.00043135649999999993
209.6	0.00037715970000000003
209.7	0.00044729700000000004
209.8	0.0004076757
209.9	0.0004522737
210.0	0.00036715199999999993
210.1	0.0004094971
210.2	0.00043507450000000004
210.3	0.0003876225
210.4	0.00040959669999999994
210.5	0.00040955060000000005
210.6	0.00040677279999999996
210.7	0.00043171839999999996
210.8	0.0004733538
210.9	0.00034043210000000003
211.0	0.00040130179999999996
211.1	0.00042870150000000004
211.2	0.0003875376
211.3	0.00037855589999999996
211.4	0.0003191671
211.5	0.00039026889999999997
211.6	0.00041074650000000004
211.7	0.000399343
211.8	0.0004021898
211.9	0.00037070170000000005
212.0	0.00036789269999999995
212.1	0.00040304669999999997
212.2	0.0003622216
212.3	0.0004769955
212.4	0.0003884095
212.5	0.000368595
212.6	0.0003649454
212.7	0.00038918
212.8	0.00041632530000000004
212.9	0.0003716811
213.0	0.0003915419
213.1	0.00041765940000000005
213.2	0.0003514585000000001
213.3	0.00037827049999999995
213.4	0.0003715342
213.5	0.00039718180000000003
213.6	0.00039965089999999997
213.7	0.00041984369999999995
213.8	0.0004115956
213.9	0.00037488319999999997
214.0	0.0004235626
214.1	0.00039251419999999996
214.2	0.0003820669
214.3	0.00039745210000000005
214.4	0.0003818505
214.5	0.0004433235
214.6	0.0003887797
214.7	0.0004358159
214.8	0.00038063169999999995
214.9	0.00041435779999999996
215.0	0.0004058162
215.1	0.00036815420000000005
215.2	0.00042549899999999997
215.3	0.00039817689999999996
215.4	0.0004088872
215.5	0.0004522118
215.6	0.0003724373
215.7	0.0004351522
215.8	0.0003794195
215.9	0.0004074597
216.0	0.00040882539999999995
216.1	0.00041225919999999996
216.2	0.00041234389999999995
216.3	0.00042978950000000004
216.4	0.00040352429999999993
216.5	0.00037303849999999997
216.6	0.00044344649999999996
216.7	0.00047677860000000006
216.8	0.00040998229999999997
216.9	0.0003703157
217.0	0.00048115390000000004
217.1	0.0003931008
217.2	0.00040306210000000007
217.3	0.0004247121
217.4	0.0003786028
217.5	0.00039709749999999996
217.6	0.0004199056
217.7	0.00034908149999999995
217.8	0.0003985401
217.9	0.0004027145
218.0	0.0004798577
218.1	0.00043320740000000004
218.2	0.00041353230000000003
218.3	0.00038150369999999996
218.4	0.00035037009999999995
218.5	0.00041791479999999997
218.6	0.00041141029999999996
218.7	0.00043870140000000003
218.8	0.0004329834
218.9	0.0003985484
219.0	0.0003789809
219.1	0.00040044599999999994
219.2	0.000447713
219.3	0.0004001839
219.4	0.00038006099999999995
219.5	0.0004104998
219.6	0.0003805385
219.7	0.00040421129999999996
219.8	0.0003549452
219.9	0.00037273020000000006
220.0	0.00040437389999999995
220.1	0.00040779959999999996
220.2	0.00039979730000000007
220.3	0.00040500610000000005
220.4	0.0003989877
220.5	0.0004239798
220.6	0.0004128455
220.7	0.00038842440000000003
220.8	0.00039914949999999996
220.9	0.00042105530000000003
221.0	0.00035637289999999996
221.1	0.00036455149999999997
221.2	0.00042381790000000003
221.3	0.0004184938
221.4	0.00043070729999999995
221.5	0.000406495
221.6	0.00038273789999999995
221.7	0.00037343310000000003
221.8	0.00041966640000000004
221.9	0.0004301289
222.0	0.00038796200000000005
222.1	0.00038111009999999997
222.2	0.0003838725
222.3	0.0004004452
222.4	0.0003791891
222.5	0.0003980844
222.6	0.0003921049
222.7	0.00036895
222.8	0.0003896824999999999
222.9	0.00037330150000000004
223.0	0.0004544417
223.1	0.00040269940000000004
223.2	0.0003828542
223.3	0.0003978228
223.4	0.00040000589999999997
223.5	0.0003518668999999999
223.6	0.0003937021
223.7	0.0004215493
223.8	0.0004094578
223.9	0.00041415740000000004
224.0	0.00040247560000000005
224.1	0.00036953640000000004
224.2	0.00035111049999999997
224.3	0.00044029089999999996
224.4	0.00040280000000000003
224.5	0.00042341629999999997
224.6	0.00041156449999999996
224.7	0.0004047049
224.8	0.00039708970000000007
224.9	0.00038049270000000004
225.0	0.00038225870000000003
225.1	0.0004012176
225.2	0.0003857009
225.3	0.00042640170000000005
225.4	0.0004261244
225.5	0.0003724763
225.6	0.0003511956
225.7	0.000370092
225.8	0.0003881163
225.9	0.00039550000000000007
226.0	0.0004136631
226.1	0.0004049287
226.2	0.00043726569999999996
226.3	0.00039867169999999993
226.4	0.00038538470000000003
226.5	0.0004468794
226.6	0.00042139449999999996
226.7	0.0003733945
226.8	0.00040860960000000003
226.9	0.0003721901
227.0	0.0003918196
227.1	0.00036236819999999997
227.2	0.00040028400000000005
227.3	0.0003993885
227.4	0.00036655760000000004
227.5	0.0004124058
227.6	0.00042732010000000006
227.7	0.00039381780000000003
227.8	0.0003930235
227.9	0.00038447449999999995
228.0	0.0004011869
228.1	0.0004552983
228.2	0.0003861639
228.3	0.0003657785
228.4	0.00040242960000000003
228.5	0.0004763157
228.6	0.00038473650000000006
228.7	0.0003985478
228.8	0.00038134890000000003
228.9	0.00041808420000000006
229.0	0.00042029860000000004
229.1	0.00041145680000000004
229.2	0.00038248349999999993
229.3	0.00037831679999999996
229.4	0.0003997673
229.5	0.00040430410000000006
229.6	0.0003870432
229.7	0.0004243808
229.8	0.0003753538
229.9	0.0004038404
230.0	0.0003722833
230.1	0.0003601535
230.2	0.00040819310000000003
230.3	0.0004059164
230.4	0.00040970499999999995
230.5	0.00039333220000000005
230.6	0.00036066259999999997
230.7	0.0004163715
230.8	0.0003595904
230.9	0.0004278218
231.0	0.0003658637
231.1	0.000458531
231.2	0.00042796839999999995
231.3	0.0003954156
231.4	0.0003871355
231.5	0.0004367105
231.6	0.00043455029999999996
231.7	0.00040500620000000003
231.8	0.0003897749
231.9	0.0004170355
232.0	0.00047347590000000004
232.1	0.0003891498
232.2	0.0004322045
232.3	0.0004275206
232.4	0.00035702060000000004
232.5	0.00034144290000000005
232.6	0.00042593190000000003
232.7	0.0003826377
232.8	0.000428971
232.9	0.00043193420000000004
233.0	0.00040908059999999997
233.1	0.00038883319999999996
233.2	0.00039479829999999996
233.3	0.00044504390000000004
233.4	0.0003844895
233.5	0.0004166179
233.6	0.0003873135
233.7	0.00036497669999999995
233.8	0.00035596399999999995
233.9	0.0004050363
234.0	0.0004033394
234.1	0.0004011020000000001
234.2	0.0003867966
234.3	0.0003647368
234.4	0.00038434270000000005
234.5	0.0003785019
234.6	0.00042854740000000007
234.7	0.0004055539
234.8	0.00039869449999999996
234.9	0.0004404302
235.0	0.00037446690000000004
235.1	0.00042455020000000006
235.2	0.0003747132
235.3	0.00044540599999999997
235.4	0.0003697442
235.5	0.0004154994
235.6	0.00041316959999999995
235.7	0.00039809280000000007
235.8	0.00036094880000000004
235.9	0.0004381075
236.0	0.00046499689999999995
236.1	0.00042539149999999996
236.2	0.00036982979999999996
236.3	0.0003846205
236.4	0.0003973902
236.5	0.0004178839
236.6	0.0004540328
236.7	0.00043266750000000003
236.8	0.0004363557
236.9	0.0004017959
237.0	0.0004606912
237.1	0.00040931919999999996
237.2	0.00041573120000000004
237.3	0.0003820202
237.4	0.00036804759999999997
237.5	0.0004104998
237.6	0.0003627385
237.7	0.00038860209999999997
237.8	0.00038710519999999996
237.9	0.0003855465
238.0	0.0003902148
238.1	0.0003664804
238.2	0.0003724139
238.3	0.0003446757
238.4	0.0003776768
238.5	0.0003918812
238.6	0.0003511113
238.7	0.00037399600000000003
238.8	0.000296004
238.9	0.0003331175
239.0	0.00043756709999999996
239.1	0.00042313839999999996
239.2	0.00044391719999999996
239.3	0.00045334549999999997
239.4	0.00045104719999999995
239.5	0.00044468910000000005
239.6	0.0003897905
239.7	0.00038945840000000005
239.8	0.00043194980000000005
239.9	0.00041997460000000003
240.0	0.00033957510000000003
240.1	0.00038060770000000006
240.2	0.00039255290000000004
240.3	0.00040890220000000006
240.4	0.0003803385
240.5	0.00040059300000000003
240.6	0.0004431844
240.7	0.0003871281
240.8	0.0003995818
240.9	0.0004141566
241.0	0.00040452780000000007
241.1	0.0003543049
241.2	0.00040312319999999993
241.3	0.0003991806
241.4	0.00035288539999999997
241.5	0.00040896439999999997
241.6	0.0003727923
241.7	0.0003995433
241.8	0.000361442
241.9	0.0004234008
242.0	0.0003748139
242.1	0.00035894270000000003
242.2	0.0004140181
242.3	0.0003858775
242.4	0.000383155
242.5	0.000341635
242.6	0.00037860220000000003
242.7	0.00039892580000000006
242.8	0.0004074445
242.9	0.000400747
243.0	0.00039519899999999994
243.1	0.0004076064
243.2	0.000385277
243.3	0.000372314
243.4	0.0003829926
243.5	0.00036568610000000003
243.6	0.000402776
243.7	0.0004195508
243.8	0.00043445749999999997
243.9	0.00039081639999999997
244.0	0.0003515504
244.1	0.000446726
244.2	0.00040570830000000006
244.3	0.00038229069999999994
244.4	0.00047810580000000005
244.5	0.0003782708
244.6	0.00038045399999999996
244.7	0.0004113485
244.8	0.00039535339999999995
244.9	0.00039110919999999996
245.0	0.0004042655
245.1	0.00044748989999999995
245.2	0.0003702847
245.3	0.0003622219
245.4	0.00042378600000000005
245.5	0.0004034935
245.6	0.00035893460000000003
245.7	0.00040157960000000004
245.8	0.00039446610000000003
245.9	0.0003600296
246.0	0.0003516507
246.1	0.00042964249999999994
246.2	0.0003241826
246.3	0.00042837009999999995
246.4	0.0003747831
246.5	0.0003893125
246.6	0.0003217440999999999
246.7	0.00040493679999999995
246.8	0.0003251314
246.9	0.00030848019999999993
247.0	0.0002792831999999999
247.1	0.00037703629999999997
247.2	0.000453878
247.3	0.00039757530000000005
247.4	0.0003786255
247.5	0.00036388809999999996
247.6	0.00038996030000000006
247.7	0.0003889645
247.8	0.0003930236
247.9	0.00038950489999999997
248.0	0.0003917812
248.1	0.0004154682
248.2	0.0004106388
248.3	0.0004266722
248.4	0.00039625639999999997
248.5	0.0004169964
248.6	0.0004087632
248.7	0.0003823449
248.8	0.0003969667
248.9	0.0003433637
249.0	0.0004071129
249.1	0.00036908059999999997
249.2	0.0003733634
249.3	0.0003508796
249.4	0.0003837412
249.5	0.0004282001
249.6	0.0003826302
249.7	0.00035591839999999996
249.8	0.00039212860000000004
249.9	0.0003541586
250.0	0.0004409459
250.1	0.0004150909
250.2	0.00037857129999999996
250.3	0.0004047517
250.4	0.000335702
250.5	0.00037518429999999997
250.6	0.0003848673
250.7	0.00039570839999999996
250.8	0.0003384261000000001
250.9	0.00040725129999999996
251.0	0.0003849909
251.1	0.0003600381
251.2	0.0003967342
251.3	0.00041650990000000006
251.4	0.00039724399999999994
251.5	0.00041526089999999996
251.6	0.0003982696
251.7	0.00041732799999999996
251.8	0.00042721950000000007
251.9	0.00037052430000000005
252.0	0.0004149747
252.1	0.00044339269999999994
252.2	0.0003801614000000001
252.3	0.00040884069999999996
252.4	0.00036692840000000006
252.5	0.0003980003
252.6	0.000371002
252.7	0.0003493052
252.8	0.0003975215
252.9	0.0004143657
253.0	0.0004104151
253.1	0.0003750686
253.2	0.00037437390000000004
253.3	0.00039816939999999995
253.4	0.00033006149999999994
253.5	0.00037781550000000005
253.6	0.00038842440000000003
253.7	0.00041452
253.8	0.0003855318
253.9	0.00042535969999999996
254.0	0.000420407
254.1	0.00038161959999999997
254.2	0.00039455860000000003
254.3	0.0003748988
254.4	0.0003948522
254.5	0.000376604
254.6	0.00039129519999999996
254.7	0.00037930410000000005
254.8	0.00037087810000000003
254.9	0.0003841116
255.0	0.0003565895
255.1	0.00040281470000000006
255.2	0.00040538419999999997
255.3	0.0003459483
255.4	0.0003925144
255.5	0.000391658
255.6	0.0004136169
255.7	0.0003548293000000001
255.8	0.00038640340000000003
255.9	0.00041065360000000007
256.0	0.000365184
256.1	0.0003712494
256.2	0.0003416898
256.3	0.00034572439999999997
256.4	0.00040729
256.5	0.00038651090000000005
256.6	0.000433493
256.7	0.00038222870000000005
256.8	0.0003548224
256.9	0.00042347
257.0	0.000455136
257.1	0.0004218186
257.2	0.0004275279
257.3	0.0004134391
257.4	0.00041168789999999997
257.5	0.0003784019
257.6	0.00038889519999999996
257.7	0.0003966954
257.8	0.00042603949999999997
257.9	0.0003925756
258.0	0.000365686
258.1	0.0003585335
258.2	0.0004139103
258.3	0.00040042330000000006
258.4	0.0004406996
258.5	0.0003933938
258.6	0.0003784478
258.7	0.0003961867
258.8	0.00035954350000000004
258.9	0.0003524534
259.0	0.00041811530000000004
259.1	0.0003997671
259.2	0.00037614859999999996
259.3	0.0003755701
259.4	0.0003988105
259.5	0.0004223203
259.6	0.0004198202
259.7	0.00036138859999999996
259.8	0.00035103299999999994
259.9	0.00039543110000000005
260.0	0.0003716272
260.1	0.00039485200000000006
260.2	0.0003704159
260.3	0.0004082776
260.4	0.00039702799999999995
260.5	0.00039865570000000006
260.6	0.00034556310000000005
260.7	0.0003665350000000001
260.8	0.00041988210000000004
260.9	0.00039502969999999994
261.0	0.000379729
261.1	0.0003966188
261.2	0.00043817699999999994
261.3	0.0003963253
261.4	0.000381959
261.5	0.00040401809999999995
261.6	0.0003317904
261.7	0.0003804925
261.8	0.00041992829999999996
261.9	0.00039257619999999996
262.0	0.00044537520000000004
262.1	0.00043412569999999996
262.2	0.000385786
262.3	0.0003704697
262.4	0.00040838500000000004
262.5	0.00035255399999999993
262.6	0.0003790574
262.7	0.0004116497
262.8	0.00037494430000000004
262.9	0.00039927319999999997
263.0	0.00043163329999999995
263.1	0.0003484874
263.2	0.0004355689
263.3	0.0003836556
263.4	0.00041193530000000004
263.5	0.00037702080000000005
263.6	0.0003631012
263.7	0.00039134159999999995
263.8	0.00038372560000000006
263.9	0.0003696754999999999
264.0	0.0004210929
264.1	0.00038746019999999997
264.2	0.00039864040000000005
264.3	0.000358055
264.4	0.00039928859999999996
264.5	0.00043567700000000004
264.6	0.0003620746
264.7	0.00036503
264.8	0.0003724452
264.9	0.00036398009999999995
265.0	0.0003705547
265.1	0.0003809481
265.2	0.0003668746
265.3	0.0004035254
265.4	0.0003700066
265.5	0.0003811489
265.6	0.0003827148
265.7	0.00039914950000000007
265.8	0.00037864100000000004
265.9	0.0003787024
266.0	0.0003628231
266.1	0.0003824984
266.2	0.00040017659999999996
266.3	0.0003755082
266.4	0.0003456326
266.5	0.0003908861
266.6	0.0004067502
266.7	0.00037747600000000007
266.8	0.00037109470000000006
266.9	0.0003791191
267.0	0.0004027605
267.1	0.0004074289
267.2	0.00039961250000000004
267.3	0.0003999137
267.4	0.00039681119999999997
267.5	0.00038243
267.6	0.00035114149999999997
267.7	0.0004480523
267.8	0.00036820870000000004
267.9	0.00043717359999999994
268.0	0.0004029538
268.1	0.00039559290000000004
268.2	0.0004113947
268.3	0.00039962749999999995
268.4	0.0003420367
268.5	0.0003757242
268.6	0.0003912099
268.7	0.00036078579999999997
268.8	0.00039452789999999997
268.9	0.0003854769
269.0	0.000330841
269.1	0.00036453659999999993
269.2	0.0003911641
269.3	0.00042665699999999994
269.4	0.0003901837
269.5	0.0003908088
269.6	0.00033200600000000003
269.7	0.00036682029999999995
269.8	0.0003927608
269.9	0.0004101527
270.0	0.00038847809999999997
270.1	0.0003949065
270.2	0.0004067962
270.3	0.0003870891
270.4	0.00039468989999999997
270.5	0.00037966730000000003
270.6	0.0004457918
270.7	0.000388934
270.8	0.000354452
270.9	0.00039235240000000003
271.0	0.00041691179999999995
271.1	0.00041536040000000006
271.2	0.0003940262
271.3	0.0003977298
271.4	0.00045103170000000003
271.5	0.0003767351
271.6	0.00040651049999999996
271.7	0.0003708326
271.8	0.0003713651
271.9	0.00040359459999999995
272.0	0.0003266435
272.1	0.00041266060000000007
272.2	0.00033521659999999993
272.3	0.00036475170000000004
272.4	0.00043507490000000007
272.5	0.00040090099999999995
272.6	0.0003964415
272.7	0.0004291798
272.8	0.0003342359
272.9	0.00039658789999999993
273.0	0.00036652699999999996
273.1	0.0003986253
273.2	0.00039888769999999997
273.3	0.00037365639999999996
273.4	0.00039192010000000006
273.5	0.0004104608
273.6	0.00037720619999999995
273.7	0.0004089258
273.8	0.0003950525000000001
273.9	0.00040738270000000005
274.0	0.0003808862
274.1	0.00041351690000000004
274.2	0.0003516821
274.3	0.00037308500000000005
274.4	0.00036918119999999996
274.5	0.0003587728
274.6	0.0003946591
274.7	0.00040352490000000003
274.8	0.0003494051
274.9	0.00040410340000000003
275.0	0.0004073286
275.1	0.00040517559999999996
275.2	0.00037988240000000003
275.3	0.0003633397
275.4	0.00041654070000000004
275.5	0.00040434980000000003
275.6	0.00037344040000000003
275.7	0.0003852073
275.8	0.00041583909999999997
275.9	0.00035400439999999997
276.0	0.00038938940000000005
276.1	0.0003869666
276.2	0.00042326160000000007
276.3	0.00037877259999999997
276.4	0.00037417289999999996
276.5	0.00042614789999999997
276.6	0.0003686186
276.7	0.00038244520000000004
276.8	0.00043752069999999997
276.9	0.0003880232
277.0	0.0003638654
277.1	0.00038296960000000003
277.2	0.0003360113
277.3	0.00040275299999999994
277.4	0.0004561695
277.5	0.00040689670000000004
277.6	0.00035932060000000004
277.7	0.00041509790000000005
277.8	0.00036329390000000003
277.9	0.0003802612
278.0	0.0003842198
278.1	0.0003564579999999999
278.2	0.0003857783
278.3	0.000427891
278.4	0.0003771439
278.5	0.00035181260000000005
278.6	0.00040486739999999997
278.7	0.0003659097
278.8	0.00039337840000000003
278.9	0.0003842654
279.0	0.0003725914
279.1	0.00037306269999999993
279.2	0.00039735199999999996
279.3	0.0004023672
279.4	0.00035099529999999994
279.5	0.0004109784
279.6	0.00036807840000000006
279.7	0.00041437300000000005
279.8	0.0003956541
279.9	0.00038245290000000007
280.0	0.0004566481
280.1	0.00037148009999999997
280.2	0.00036841670000000007
280.3	0.00037504530000000006
280.4	0.000329305
280.5	0.0003580316
280.6	0.0003669745
280.7	0.00038160410000000005
280.8	0.000372985
280.9	0.00037898070000000003
281.0	0.0004115340000000001
281.1	0.0003815726
281.2	0.00033438230000000003
281.3	0.00041584670000000007
281.4	0.00040354789999999996
281.5	0.0004090956
281.6	0.00038391879999999997
281.7	0.0003625153
281.8	0.00039807709999999997
281.9	0.00037273080000000005
282.0	0.00038063169999999995
282.1	0.0004087485
282.2	0.0003731552
282.3	0.0003782476
282.4	0.0003621522
282.5	0.00041688129999999996
282.6	0.00036503020000000003
282.7	0.00039782309999999993
282.8	0.0003587261
282.9	0.0003857628
283.0	0.00038328589999999996
283.1	0.00036986820000000004
283.2	0.00039422629999999996
283.3	0.0003860021
283.4	0.0004074208
283.5	0.0003961947
283.6	0.0003716657
283.7	0.00037864859999999997
283.8	0.00039631820000000006
283.9	0.00036511550000000007
284.0	0.0004114101
284.1	0.00040374860000000004
284.2	0.00039357130000000005
284.3	0.0003653849
284.4	0.0004415104
284.5	0.0003539118
284.6	0.00040521409999999997
284.7	0.00043394090000000005
284.8	0.00040871749999999996
284.9	0.00037632599999999996
285.0	0.00037553109999999995
285.1	0.000372422
285.2	0.0004155387
285.3	0.0003922594
285.4	0.0003490889999999999
285.5	0.00039700399999999996
285.6	0.00034671310000000005
285.7	0.00038170429999999996
285.8	0.000376496
285.9	0.00037426619999999996
286.0	0.00034786940000000003
286.1	0.00036896469999999997
286.2	0.00035963669999999995
286.3	0.00039742900000000003
286.4	0.0004105998
286.5	0.0003448530999999999
286.6	0.0003613184
286.7	0.0003891652
286.8	0.00036463639999999997
286.9	0.0003604197
287.0	0.0003659672
287.1	0.00039926560000000004
287.2	0.000398085
287.3	0.0004430963
287.4	0.0003938251
287.5	0.00037606120000000003
287.6	0.0003877057
287.7	0.0003917025
287.8	0.0003478483000000001
287.9	0.0003624486
288.0	0.00033454450000000005
288.1	0.0003891253
288.2	0.00035217729999999995
288.3	0.0003928291
288.4	0.0003989253
288.5	0.00037032769999999996
288.6	0.0003996592
288.7	0.0003562905
288.8	0.00039451940000000005
288.9	0.00035498659999999994
289.0	0.0004405725
289.1	0.0003783449
289.2	0.0003513829999999999
289.3	0.0004093121
289.4	0.0003742244
289.5	0.00035904580000000006
289.6	0.00040414959999999996
289.7	0.00035671469999999997
289.8	0.00039430370000000006
289.9	0.00038069860000000005
290.0	0.0004098909
290.1	0.00037699430000000006
290.2	0.0003838852
290.3	0.0004350254
290.4	0.00035698489999999995
290.5	0.00034992399999999994
290.6	0.00037437829999999997
290.7	0.00035356600000000004
290.8	0.0003677194
290.9	0.00038418590000000003
291.0	0.0004101455
291.1	0.0003843255
291.2	0.0004020125
291.3	0.00037557479999999994
291.4	0.0003711839
291.5	0.0003872037
291.6	0.000399782
291.7	0.00037811360000000006
291.8	0.00035247090000000005
291.9	0.00038177170000000006
292.0	0.00039133200000000004
292.1	0.00036859090000000006
292.2	0.0004221995
292.3	0.0003868182
292.4	0.0004103689
292.5	0.00039661830000000005
292.6	0.00038380829999999996
292.7	0.00035933089999999997
292.8	0.00039126340000000007
292.9	0.0003876979
293.0	0.0003514757
293.1	0.000412152
293.2	0.00037939439999999994
293.3	0.00039441849999999996
293.4	0.000364431
293.5	0.00036982590000000004
293.6	0.0003943268
293.7	0.00038360049999999995
293.8	0.00036784280000000006
293.9	0.0003416207000000001
294.0	0.00041468300000000005
294.1	0.0003974518
294.2	0.0004279486
294.3	0.00035641340000000006
294.4	0.00041856489999999994
294.5	0.00038933330000000006
294.6	0.0003676653
294.7	0.0003580117
294.8	0.0003434734
294.9	0.0003531806
295.0	0.0003535278
295.1	0.00037763490000000005
295.2	0.0004237346
295.3	0.0004041501
295.4	0.0004366841
295.5	0.00037166279999999993
295.6	0.0003630498
295.7	0.0003852288
295.8	0.0003739397
295.9	0.0003695478
296.0	0.00044428480000000003
296.1	0.0003944808
296.2	0.0003887007
296.3	0.00042659020000000003
296.4	0.00034839669999999997
296.5	0.0004008468
296.6	0.0003545162
296.7	0.00038183289999999995
296.8	0.00036731789999999996
296.9	0.00040484390000000004
297.0	0.0004045978
297.1	0.0003427244
297.2	0.00036201659999999993
297.3	0.00039300739999999993
297.4	0.00048129419999999996
297.5	0.00035669140000000005
297.6	0.0003830059
297.7	0.0003992115
297.8	0.00037382269999999997
297.9	0.00036618339999999993
298.0	0.0003598176
298.1	0.00037113010000000004
298.2	0.0003485658
298.3	0.00040591699999999994
298.4	0.00037390769999999995
298.5	0.00044081999999999997
298.6	0.0003761451
298.7	0.00038214109999999994
298.8	0.00038183349999999994
298.9	0.00040688959999999995
299.0	0.0004007696
299.1	0.0003323528
299.2	0.0004034321
299.3	0.00038933380000000006
299.4	0.0003623170000000001
299.5	0.0003701113
299.6	0.0003685143
299.7	0.0003512363
299.8	0.0003814626
299.9	0.00040803130000000005
300.0	0.0003425778999999999
300.1	0.00036663049999999996
300.2	0.0003797036
300.3	0.00039377069999999996
300.4	0.00038463380000000006
300.5	0.00034595010000000007
300.6	0.0003816786
300.7	0.0003699179
300.8	0.0003564449
300.9	0.0003630737
301.0	0.0003611361
301.1	0.00040875719999999995
301.2	0.00038076040000000003
301.3	0.00037649260000000007
301.4	0.00035561169999999995
301.5	0.00034461499999999994
301.6	0.00034261609999999994
301.7	0.0004535992000000001
301.8	0.00044116679999999994
301.9	0.00036976390000000004
302.0	0.000342979
302.1	0.00037658550000000004
302.2	0.0003563989
302.3	0.00037157710000000003
302.4	0.00040124059999999996
302.5	0.00033633490000000007
302.6	0.00039539959999999993
302.7	0.0003798265999999999
302.8	0.0003938254
302.9	0.00038339209999999996
303.0	0.00038153970000000004
303.1	0.0003677118
303.2	0.0003235940000000001
303.3	0.0003958853
303.4	0.00042033950000000005
303.5	0.0003508116
303.6	0.00037927880000000004
303.7	0.0003701811
303.8	0.0003454796
303.9	0.00039273680000000003
304.0	0.00039449590000000006
304.1	0.0003530492
304.2	0.000341081
304.3	0.0003919723
304.4	0.00041854960000000004
304.5	0.00041325520000000003
304.6	0.00038474150000000003
304.7	0.0003462437
304.8	0.00030617799999999994
304.9	0.0003598167
305.0	0.0004508213
305.1	0.00037831370000000004
305.2	0.0003673254
305.3	0.00032483739999999994
305.4	0.0003665001
305.5	0.0003647791
305.6	0.0003405633
305.7	0.0004361977
305.8	0.00038826139999999996
305.9	0.00032996809999999996
306.0	0.0003934316
306.1	0.0004016726
306.2	0.0003619773
306.3	0.00040772270000000003
306.4	0.00037077510000000003
306.5	0.000332052
306.6	0.00039093130000000006
306.7	0.0003809384
306.8	0.00034192940000000007
306.9	0.0003831452
307.0	0.0004493164
307.1	0.00039106249999999997
307.2	0.0003742858
307.3	0.00033723049999999995
307.4	0.00038873200000000003
307.5	0.00038428740000000006
307.6	0.00044690109999999996
307.7	0.00037786659999999996
307.8	0.000419745
307.9	0.0004093813
308.0	0.00034246920000000004
308.1	0.0003714306
308.2	0.00038295159999999996
308.3	0.00037281179999999997
308.4	0.00042645080000000004
308.5	0.00035998679999999997
308.6	0.0003476478
308.7	0.00040844080000000004
308.8	0.0004034249
308.9	0.0003594469
309.0	0.00037823740000000005
309.1	0.0003668168
309.2	0.00038248079999999993
309.3	0.0003493605
309.4	0.00041352630000000005
309.5	0.00035088890000000003
309.6	0.0003777277
309.7	0.0003794257
309.8	0.0003268355
309.9	0.0004323005999999999
310.0	0.0003545314
310.1	0.00034913649999999995
310.2	0.0002756039
310.3	0.0003255389
310.4	0.00037023450000000005
310.5	0.00026455400000000007
310.6	0.00026612009999999993
310.7	0.00027277150000000006
310.8	0.00031336950000000004
310.9	0.00041383450000000003
311.0	0.00043550319999999997
311.1	0.00039073790000000003
311.2	0.00034063380000000007
311.3	0.00039302259999999997
311.4	0.0003848267
311.5	0.00037974959999999996
311.6	0.00036360580000000003
311.7	0.00040658789999999996
311.8	0.0003807679
311.9	0.00040414180000000006
312.0	0.00037192489999999997
312.1	0.0003746021
312.2	0.0003368053
312.3	0.00040641
312.4	0.0003956997
312.5	0.000387436
312.6	0.0003626871
312.7	0.0003534969999999999
312.8	0.0003625407000000001
312.9	0.00037405430000000007
313.0	0.00038116990000000003
313.1	0.000401835
313.2	0.00035294890000000005
313.3	0.00036647750000000004
313.4	0.00035019390000000004
313.5	0.0003510891
313.6	0.0003680426
313.7	0.0003316584
313.8	0.000371948
313.9	0.00035259420000000003
314.0	0.0003392130999999999
314.1	0.00034949979999999997
314.2	0.00038549879999999996
314.3	0.0003888549
314.4	0.00039276799999999994
314.5	0.0003974282
314.6	0.0003654043
314.7	0.00038829190000000006
314.8	0.0003903981
314.9	0.0003596088
315.0	0.00036680109999999997
315.1	0.00036268719999999995
315.2	0.00033561699999999997
315.3	0.00037211009999999997
315.4	0.00044167619999999996
315.5	0.0003919188
315.6	0.0003760989
315.7	0.00042646620000000003
315.8	0.00037376859999999995
315.9	0.0004131241
316.0	0.0003825191
316.1	0.00036639139999999996
316.2	0.000379618
316.3	0.0003626029
316.4	0.0003648869
316.5	0.0003529486
316.6	0.0004099222
316.7	0.0003749267
316.8	0.0003841787
316.9	0.000367102
317.0	0.0004182948
317.1	0.00039776760000000003
317.2	0.00039515199999999996
317.3	0.00036544289999999993
317.4	0.00041793159999999995
317.5	0.00036592130000000006
317.6	0.0004041807
317.7	0.000349778
317.8	0.00037991939999999997
317.9	0.0003227376
318.0	0.0003844572
318.1	0.00040101689999999995
318.2	0.0003992185
318.3	0.0004293534
318.4	0.00041700600000000004
318.5	0.00044139829999999996
318.6	0.0003815323
318.7	0.00038650180000000003
318.8	0.0004153707
318.9	0.0004250543
319.0	0.0003654191
319.1	0.0003639221
319.2	0.00041623399999999997
319.3	0.00037572040000000004
319.4	0.0003643241
319.5	0.0003695008
319.6	0.0003581735
319.7	0.00035206939999999997
319.8	0.00037410879999999995
319.9	0.0003312959
320.0	0.000412461
320.1	0.000380259
320.2	0.0003486515
320.3	0.00031870179999999996
320.4	0.00038474259999999997
320.5	0.0003516677
320.6	0.00031288369999999993
320.7	0.0002651244000000001
320.8	0.00023219720000000003
320.9	0.00017052499999999993
321.0	0.00016120269999999996
321.1	0.00014374040000000008
321.2	0.00015740649999999997
321.3	0.00014801430000000002
321.4	0.00018599000000000003
321.5	0.0002135765
321.6	0.00031229010000000004
321.7	0.0003991417
321.8	0.00037204020000000004
321.9	0.0003987404
322.0	0.00038549080000000005
322.1	0.0004221531
322.2	0.0003790939
322.3	0.0003617156
322.4	0.00035961680000000005
322.5	0.00040725949999999994
322.6	0.00037711790000000004
322.7	0.00038209480000000003
322.8	0.0003235025
322.9	0.0003877898
323.0	0.00038796070000000004
323.1	0.00041459110000000005
323.2	0.00037175520000000005
323.3	0.00041272320000000005
323.4	0.0003332485
323.5	0.00037862260000000005
323.6	0.00035734
323.7	0.00037407710000000004
323.8	0.00043490069999999997
323.9	0.00038567610000000003
324.0	0.0003411578000000001
324.1	0.0003791704
324.2	0.0003864548
324.3	0.00039219630000000003
324.4	0.0003239266
324.5	0.0004241285
324.6	0.0003491369
324.7	0.0003434582
324.8	0.0003801194
324.9	0.0003609435
325.0	0.00039748999999999996
325.1	0.00040417270000000003
325.2	0.00040754500000000004
325.3	0.0004084482
325.4	0.00039033709999999997
325.5	0.00040134899999999995
325.6	0.00038938750000000005
325.7	0.00039039019999999997
325.8	0.0003488975
325.9	0.0003504256
326.0	0.0003375388
326.1	0.00035852839999999997
326.2	0.0003687603
326.3	0.0004159564
326.4	0.0003752965
326.5	0.0003477172
326.6	0.00040519140000000003
326.7	0.0004233880000000001
326.8	0.0003430645
326.9	0.00038023510000000007
327.0	0.00036308949999999993
327.1	0.0003921431
327.2	0.00034010059999999996
327.3	0.00037660889999999994
327.4	0.00032048480000000006
327.5	0.0003853131
327.6	0.0003651879
327.7	0.0003771185
327.8	0.0003495305
327.9	0.0003980381
328.0	0.0003859387
328.1	0.0003837852999999999
328.2	0.00036873809999999994
328.3	0.0003760378
328.4	0.00033790099999999993
328.5	0.00038947989999999996
328.6	0.00038653180000000007
328.7	0.00039466619999999997
328.8	0.00043179149999999995
328.9	0.0003777437
329.0	0.00032156450000000005
329.1	0.0003363273
329.2	0.00034770159999999994
329.3	0.00035939250000000005
329.4	0.0003644157
329.5	0.0003832683
329.6	0.00039356340000000007
329.7	0.0003616459
329.8	0.00036475630000000004
329.9	0.00037062799999999996
330.0	0.00036520300000000003
330.1	0.0003770407
330.2	0.00033888170000000005
330.3	0.00037413220000000007
330.4	0.00039941209999999996
330.5	0.0004159642
330.6	0.00035355870000000004
330.7	0.00040276839999999994
330.8	0.0004113727
330.9	0.00040732889999999997
331.0	0.00038835399999999993
331.1	0.00035629819999999997
331.2	0.0003805908
331.3	0.0003445693000000001
331.4	0.00023925819999999997
331.5	0.00025280120000000005
331.6	0.00021449559999999997
331.7	0.00020660100000000005
331.8	0.0001992306
331.9	0.00031123199999999994
332.0	0.00041015299999999996
332.1	0.000392852
332.2	0.00035697699999999997
332.3	0.00037999660000000005
332.4	0.0003856917
332.5	0.00042208340000000005
332.6	0.00032726040000000004
332.7	0.0003614993
332.8	0.0003448079
332.9	0.00036702480000000003
333.0	0.0003650099
333.1	0.00035892159999999993
333.2	0.0003863939
333.3	0.0003762848
333.4	0.0003147514000000001
333.5	0.0003804517
333.6	0.0003607431
333.7	0.00038670950000000006
333.8	0.00035706999999999997
333.9	0.0003809146
334.0	0.0003778821
334.1	0.0003851745
334.2	0.00042221519999999994
334.3	0.0003853521
334.4	0.0003844417
334.5	0.00035801180000000004
334.6	0.0003750885
334.7	0.00036505630000000004
334.8	0.0003380783
334.9	0.0004068042
335.0	0.00039953479999999995
335.1	0.00034626670000000004
335.2	0.000384619
335.3	0.00037709509999999996
335.4	0.00034027030000000004
335.5	0.000377134
335.6	0.00035632930000000006
335.7	0.00039674989999999993
335.8	0.0004190735
335.9	0.0003919806
336.0	0.00037636899999999993
336.1	0.00036679289999999994
336.2	0.0004226083
336.3	0.0003570931
336.4	0.0003798341
336.5	0.0003550326
336.6	0.0003901896
336.7	0.0003696862
336.8	0.00036887679999999997
336.9	0.0003878366
337.0	0.00040704360000000004
337.1	0.00039772939999999996
337.2	0.0004206633
337.3	0.00036277300000000005
337.4	0.0003840940000000001
337.5	0.0003821956
337.6	0.00033433659999999995
337.7	0.00034727709999999993
337.8	0.00033977690000000006
337.9	0.0003711533
338.0	0.0003780672
338.1	0.00038545269999999996
338.2	0.00038329149999999997
338.3	0.00035438409999999994
338.4	0.00039301479999999996
338.5	0.00038842299999999994
338.6	0.00041540150000000004
338.7	0.0003713302
338.8	0.000369386
338.9	0.000427987
339.0	0.00040992139999999997
339.1	0.00033435940000000003
339.2	0.00045505720000000004
339.3	0.00037332900000000004
339.4	0.00042260839999999996
339.5	0.00043265549999999995
339.6	0.00040179559999999997
339.7	0.00038593089999999997
339.8	0.0004081931
339.9	0.0004080855
340.0	0.00037661650000000004
340.1	0.0004350324
340.2	0.00037561329999999995
340.3	0.0003797642
340.4	0.00037670099999999996
340.5	0.00041201320000000004
340.6	0.00039693480000000005
340.7	0.00031270669999999997
340.8	0.00038280510000000004
340.9	0.00042574080000000003
341.0	0.00035568860000000004
341.1	0.00035831230000000006
341.2	0.00037795090000000003
341.3	0.0003877443
341.4	0.00037675539999999997
341.5	0.0003664303
341.6	0.0003601876000000001
341.7	0.0003901985
341.8	0.00043287910000000003
341.9	0.0004086641
342.0	0.0003920036
342.1	0.00037664
342.2	0.0004223458
342.3	0.00034537969999999996
342.4	0.0003668081
342.5	0.0003645629
342.6	0.0004034556
342.7	0.0003522395
342.8	0.00040090160000000004
342.9	0.00039288319999999997
343.0	0.0004176697
343.1	0.0003814394
343.2	0.0003553415
343.3	0.00037970299999999995
343.4	0.0003600405
343.5	0.0003415514
343.6	0.00040628769999999994
343.7	0.00035608230000000007
343.8	0.00040322439999999996
343.9	0.00035186859999999996
344.0	0.00043615839999999994
344.1	0.00038481160000000003
344.2	0.00041744529999999995
344.3	0.0003647326
344.4	0.00040652670000000007
344.5	0.00037785119999999997
344.6	0.0003886234
344.7	0.0004065496
344.8	0.0003891723
344.9	0.0004217824000000001
345.0	0.00036283450000000004
345.1	0.00041471410000000003
345.2	0.00040515340000000003
345.3	0.00037206309999999993
345.4	0.00035217729999999995
345.5	0.00036861459999999995
345.6	0.0003806525
345.7	0.0004327178
345.8	0.00035622850000000005
345.9	0.00034491609999999994
346.0	0.00039094680000000004
346.1	0.00035940809999999995
346.2	0.0003899274
346.3	0.0003856066000000001
346.4	0.0004108785
346.5	0.00036286559999999996
346.6	0.0003694939
346.7	0.000420016
346.8	0.0003681125
346.9	0.000406264
347.0	0.0003661374
347.1	0.0003744783
347.2	0.0003627264
347.3	0.00038506569999999994
347.4	0.00038851600000000005
347.5	0.00045971820000000003
347.6	0.000380197
347.7	0.00034970870000000003
347.8	0.00039113129999999996
347.9	0.0003700343
348.0	0.0004094127
348.1	0.00040131719999999995
348.2	0.00039448110000000005
348.3	0.0003762691
348.4	0.0003370453
348.5	0.0003678733
348.6	0.0003837233
348.7	0.0003764692
348.8	0.00040794649999999997
348.9	0.00039247399999999997
349.0	0.00039781470000000005
349.1	0.000490925
349.2	0.000358027
349.3	0.0003479644
349.4	0.00035653750000000004
349.5	0.0003374078
349.6	0.00036065809999999995
349.7	0.0003844489
349.8	0.0003803207
349.9	0.0003886703
